 id  iso el np npp  Jp Jpp     wave        fv          lgwf   gu    gamma        label
  1  12  1   8   0   3   2   1322.108    -3.096       1.387    0  8.000e+08     A8-0R(2)
  2  12  1   8   0   4   3   1322.112    -3.145       1.086    0  8.000e+08     A8-0R(3)
  3  12  1   8   0   2   1   1322.122    -2.999       1.086    0  8.000e+08     A8-0R(1)
  4  12  1   8   0   5   4   1322.133    -3.175       0.387    0  8.000e+08     A8-0R(4)
  5  12  1   8   0   1   0   1322.153    -2.698       1.086    0  8.000e+08     A8-0R(0)
  6  12  1   8   0   6   5   1322.173    -3.196       0.989    0  8.000e+08     A8-0R(5)
  7  12  1   8   0   1   1   1322.221    -2.999       0.542    0  8.000e+08     A8-0Q(1)
  8  12  1   8   0   7   6   1322.230    -3.210       1.086    0  8.000e+08     A8-0R(6)
  9  12  1   8   0   2   2   1322.256    -2.999       0.940    0  8.000e+08     A8-0Q(2)
 10  12  1   8   0   8   7   1322.305    -3.221       0.609    0  8.000e+08     A8-0R(7)
 11  12  1   8   0   3   3   1322.309    -2.999       1.086    0  8.000e+08     A8-0Q(3)
 12  12  1   8   0   1   2   1322.355    -3.698       0.910    0  8.000e+08     A8-0P(2)
 13  12  1   8   0   4   4   1322.380    -2.999       0.647    0  8.000e+08     A8-0Q(4)
 14  12  1   8   0   9   8   1322.398    -3.230       1.086    0  8.000e+08     A8-0R(8)
 15  12  1   8   0   2   3   1322.458    -3.543       0.890    0  8.000e+08     A8-0P(3)
 16  12  1   8   0   5   5   1322.469    -2.999       0.671    0  8.000e+08     A8-0Q(5)
 17  12  1   8   0  10   9   1322.508    -3.237       1.086    0  8.000e+08     A8-0R(9)
 18  12  1   8   0   6   6   1322.576    -2.999       0.875    0  8.000e+08     A8-0Q(6)
 19  12  1   8   0   3   4   1322.578    -3.477       0.688    0  8.000e+08     A8-0P(4)
 20  12  1   8   0  11  10   1322.636    -3.243       1.086    0  8.000e+08    A8-0R(10)
 21  12  1   8   0   7   7   1322.700    -2.999       0.864    0  8.000e+08     A8-0Q(7)
 22  12  1   8   0   4   5   1322.717    -3.439       0.701    0  8.000e+08     A8-0P(5)
 23  12  1   8   0  12  11   1322.783    -3.247       1.086    0  8.000e+08    A8-0R(11)
 24  12  1   8   0   8   8   1322.842    -3.000       0.856    0  8.000e+08     A8-0Q(8)
 25  12  1   8   0   5   6   1322.873    -3.415       0.710    0  8.000e+08     A8-0P(6)
 26  12  1   8   0  13  12   1322.947    -3.251       1.086    0  8.000e+08    A8-0R(12)
 27  12  1   8   0   9   9   1323.003    -3.000       0.849    0  8.000e+08     A8-0Q(9)
 28  12  1   8   0   6   7   1323.047    -3.398       0.718    0  8.000e+08     A8-0P(7)
 29  12  1   8   0  14  13   1323.129    -3.255       1.086    0  8.000e+08    A8-0R(13)
 30  12  1   8   0  10  10   1323.180    -3.000       0.843    0  8.000e+08    A8-0Q(10)
 31  12  1   8   0   7   8   1323.239    -3.385       0.724    0  8.000e+08     A8-0P(8)
 32  12  1   8   0  15  14   1323.328    -3.258       1.086    0  8.000e+08    A8-0R(14)
 33  12  1   8   0  11  11   1323.376    -3.000       0.838    0  8.000e+08    A8-0Q(11)
 34  12  1   8   0   8   9   1323.448    -3.375       0.729    0  8.000e+08     A8-0P(9)
 35  12  1   8   0  16  15   1323.546    -3.261       1.086    0  8.000e+08    A8-0R(15)
 36  12  1   8   0  12  12   1323.590    -3.000       0.834    0  8.000e+08    A8-0Q(12)
 37  12  1   8   0   9  10   1323.676    -3.368       0.734    0  8.000e+08    A8-0P(10)
 38  12  1   8   0  17  16   1323.782    -3.263       1.086    0  8.000e+08    A8-0R(16)
 39  12  1   8   0  13  13   1323.821    -3.000       0.831    0  8.000e+08    A8-0Q(13)
 40  12  1   8   0  10  11   1323.921    -3.362       0.738    0  8.000e+08    A8-0P(11)
 41  12  1   8   0  18  17   1324.035    -3.265       1.086    0  8.000e+08    A8-0R(17)
 42  12  1   8   0  14  14   1324.070    -3.000       0.828    0  8.000e+08    A8-0Q(14)
 43  12  1   8   0  11  12   1324.184    -3.357       0.741    0  8.000e+08    A8-0P(12)
 44  12  1   8   0  19  18   1324.307    -3.267       1.086    0  8.000e+08    A8-0R(18)
 45  12  1   8   0  15  15   1324.338    -3.000       0.825    0  8.000e+08    A8-0Q(15)
 46  12  1   8   0  12  13   1324.465    -3.352       0.744    0  8.000e+08    A8-0P(13)
 47  12  1   8   0  20  19   1324.597    -3.269       1.086    0  8.000e+08    A8-0R(19)
 48  12  1   8   0  16  16   1324.623    -3.000       0.823    0  8.000e+08    A8-0Q(16)
 49  12  1   8   0  13  14   1324.764    -3.349       0.746    0  8.000e+08    A8-0P(14)
 50  12  1   8   0  21  20   1324.904    -3.271       1.086    0  8.000e+08    A8-0R(20)
 51  12  1   8   0  17  17   1324.926    -3.000       0.821    0  8.000e+08    A8-0Q(17)
 52  12  1   8   0  14  15   1325.081    -3.346       0.748    0  8.000e+08    A8-0P(15)
 53  12  1   8   0  22  21   1325.230    -3.272       1.086    0  8.000e+08    A8-0R(21)
 54  12  1   8   0  18  18   1325.247    -3.000       0.819    0  8.000e+08    A8-0Q(18)
 55  12  1   8   0  15  16   1325.416    -3.343       0.750    0  8.000e+08    A8-0P(16)
 56  12  1   8   0  23  22   1325.574    -3.273       1.086    0  8.000e+08    A8-0R(22)
 57  12  1   8   0  19  19   1325.587    -3.000       0.817    0  8.000e+08    A8-0Q(19)
 58  12  1   8   0  16  17   1325.769    -3.340       0.752    0  8.000e+08    A8-0P(17)
 59  12  1   8   0  20  20   1325.944    -3.001       1.086    0  8.000e+08    A8-0Q(20)
 60  12  1   8   0  17  18   1326.140    -3.338       0.816    0  8.000e+08    A8-0P(18)
 61  12  1   8   0  21  21   1326.319    -3.001       0.754    0  8.000e+08    A8-0Q(21)
 62  12  1   8   0  18  19   1326.529    -3.337       1.086    0  8.000e+08    A8-0P(19)
 63  12  1   8   0  22  22   1326.713    -3.001       0.814    0  8.000e+08    A8-0Q(22)
 64  12  1   8   0  19  20   1326.936    -3.335       0.755    0  8.000e+08    A8-0P(20)
 65  12  1   8   0  20  21   1327.361    -3.333       1.086    0  8.000e+08    A8-0P(21)
 66  12  1   8   0  21  22   1327.804    -3.332       0.813    0  8.000e+08    A8-0P(22)
 67  12  1   7   0   3   2   1344.131    -2.781       1.643    0  8.000e+08     A7-0R(2)
 68  12  1   7   0   4   3   1344.132    -2.831       1.342    0  8.000e+08     A7-0R(3)
 69  12  1   7   0   2   1   1344.148    -2.684       1.342    0  8.000e+08     A7-0R(1)
 70  12  1   7   0   5   4   1344.150    -2.861       0.643    0  8.000e+08     A7-0R(4)
 71  12  1   7   0   1   0   1344.183    -2.383       1.342    0  8.000e+08     A7-0R(0)
 72  12  1   7   0   6   5   1344.185    -2.881       1.245    0  8.000e+08     A7-0R(5)
 73  12  1   7   0   7   6   1344.238    -2.895       0.798    0  8.000e+08     A7-0R(6)
 74  12  1   7   0   1   1   1344.252    -2.685       1.342    0  8.000e+08     A7-0Q(1)
 75  12  1   7   0   2   2   1344.287    -2.685       1.196    0  8.000e+08     A7-0Q(2)
 76  12  1   7   0   8   7   1344.309    -2.906       0.865    0  8.000e+08     A7-0R(7)
 77  12  1   7   0   3   3   1344.340    -2.685       1.342    0  8.000e+08     A7-0Q(3)
 78  12  1   7   0   1   2   1344.391    -3.384       1.166    0  8.000e+08     A7-0P(2)
 79  12  1   7   0   9   8   1344.397    -2.915       0.903    0  8.000e+08     A7-0R(8)
 80  12  1   7   0   4   4   1344.410    -2.685       1.342    0  8.000e+08     A7-0Q(4)
 81  12  1   7   0   2   3   1344.496    -3.229       1.146    0  8.000e+08     A7-0P(3)
 82  12  1   7   0   5   5   1344.497    -2.685       0.927    0  8.000e+08     A7-0Q(5)
 83  12  1   7   0  10   9   1344.502    -2.922       1.342    0  8.000e+08     A7-0R(9)
 84  12  1   7   0   6   6   1344.602    -2.685       1.131    0  8.000e+08     A7-0Q(6)
 85  12  1   7   0   3   4   1344.618    -3.162       0.944    0  8.000e+08     A7-0P(4)
 86  12  1   7   0  11  10   1344.625    -2.928       1.342    0  8.000e+08    A7-0R(10)
 87  12  1   7   0   7   7   1344.725    -2.685       1.120    0  8.000e+08     A7-0Q(7)
 88  12  1   7   0   4   5   1344.757    -3.124       0.957    0  8.000e+08     A7-0P(5)
 89  12  1   7   0  12  11   1344.766    -2.932       1.342    0  8.000e+08    A7-0R(11)
 90  12  1   7   0   8   8   1344.865    -2.685       1.112    0  8.000e+08     A7-0Q(8)
 91  12  1   7   0   5   6   1344.914    -3.100       0.966    0  8.000e+08     A7-0P(6)
 92  12  1   7   0  13  12   1344.924    -2.937       1.342    0  8.000e+08    A7-0R(12)
 93  12  1   7   0   9   9   1345.022    -2.685       1.105    0  8.000e+08     A7-0Q(9)
 94  12  1   7   0   6   7   1345.089    -3.083       0.974    0  8.000e+08     A7-0P(7)
 95  12  1   7   0  14  13   1345.099    -2.940       1.342    0  8.000e+08    A7-0R(13)
 96  12  1   7   0  10  10   1345.197    -2.685       1.099    0  8.000e+08    A7-0Q(10)
 97  12  1   7   0   7   8   1345.281    -3.070       0.980    0  8.000e+08     A7-0P(8)
 98  12  1   7   0  15  14   1345.293    -2.943       1.342    0  8.000e+08    A7-0R(14)
 99  12  1   7   0  11  11   1345.390    -2.685       1.094    0  8.000e+08    A7-0Q(11)
100  12  1   7   0   8   9   1345.490    -3.061       0.985    0  8.000e+08     A7-0P(9)
101  12  1   7   0  16  15   1345.504    -2.946       1.342    0  8.000e+08    A7-0R(15)
102  12  1   7   0  12  12   1345.600    -2.685       1.090    0  8.000e+08    A7-0Q(12)
103  12  1   7   0   9  10   1345.718    -3.053       0.990    0  8.000e+08    A7-0P(10)
104  12  1   7   0  17  16   1345.732    -2.948       1.342    0  8.000e+08    A7-0R(16)
105  12  1   7   0  13  13   1345.828    -2.685       1.087    0  8.000e+08    A7-0Q(13)
106  12  1   7   0  10  11   1345.962    -3.047       0.994    0  8.000e+08    A7-0P(11)
107  12  1   7   0  18  17   1345.979    -2.950       1.342    0  8.000e+08    A7-0R(17)
108  12  1   7   0  14  14   1346.073    -2.685       1.084    0  8.000e+08    A7-0Q(14)
109  12  1   7   0  11  12   1346.225    -3.042       0.997    0  8.000e+08    A7-0P(12)
110  12  1   7   0  19  18   1346.243    -2.952       1.342    0  8.000e+08    A7-0R(18)
111  12  1   7   0  15  15   1346.336    -2.685       1.081    0  8.000e+08    A7-0Q(15)
112  12  1   7   0  12  13   1346.504    -3.037       1.000    0  8.000e+08    A7-0P(13)
113  12  1   7   0  20  19   1346.524    -2.954       1.342    0  8.000e+08    A7-0R(19)
114  12  1   7   0  16  16   1346.617    -2.685       1.079    0  8.000e+08    A7-0Q(16)
115  12  1   7   0  13  14   1346.802    -3.034       1.002    0  8.000e+08    A7-0P(14)
116  12  1   7   0  21  20   1346.824    -2.956       1.342    0  8.000e+08    A7-0R(20)
117  12  1   7   0  17  17   1346.915    -2.685       1.077    0  8.000e+08    A7-0Q(17)
118  12  1   7   0  14  15   1347.117    -3.031       1.004    0  8.000e+08    A7-0P(15)
119  12  1   7   0  22  21   1347.141    -2.957       1.342    0  8.000e+08    A7-0R(21)
120  12  1   7   0  18  18   1347.231    -2.685       1.075    0  8.000e+08    A7-0Q(18)
121  12  1   7   0  15  16   1347.450    -3.028       1.006    0  8.000e+08    A7-0P(16)
122  12  1   7   0  23  22   1347.476    -2.959       1.342    0  8.000e+08    A7-0R(22)
123  12  1   7   0  19  19   1347.565    -2.686       1.073    0  8.000e+08    A7-0Q(19)
124  12  1   7   0  16  17   1347.801    -3.026       1.008    0  8.000e+08    A7-0P(17)
125  12  1   7   0  20  20   1347.917    -2.686       1.342    0  8.000e+08    A7-0Q(20)
126  12  1   7   0  17  18   1348.169    -3.024       1.072    0  8.000e+08    A7-0P(18)
127  12  1   7   0  21  21   1348.286    -2.686       1.010    0  8.000e+08    A7-0Q(21)
128  12  1   7   0  18  19   1348.555    -3.022       1.342    0  8.000e+08    A7-0P(19)
129  12  1   7   0  22  22   1348.673    -2.686       1.070    0  8.000e+08    A7-0Q(22)
130  12  1   7   0  19  20   1348.959    -3.020       1.011    0  8.000e+08    A7-0P(20)
131  12  1   7   0  20  21   1349.381    -3.019       1.342    0  8.000e+08    A7-0P(21)
132  12  1   7   0  21  22   1349.821    -3.017       1.069    0  8.000e+08    A7-0P(22)
133  12  1   6   0   4   3   1367.562    -2.547       1.773    0  8.000e+08     A6-0R(3)
134  12  1   6   0   3   2   1367.565    -2.498       1.472    0  8.000e+08     A6-0R(2)
135  12  1   6   0   5   4   1367.576    -2.577       1.472    0  8.000e+08     A6-0R(4)
136  12  1   6   0   2   1   1367.585    -2.401       0.773    0  8.000e+08     A6-0R(1)
137  12  1   6   0   6   5   1367.607    -2.597       1.472    0  8.000e+08     A6-0R(5)
138  12  1   6   0   1   0   1367.623    -2.100       1.375    0  8.000e+08     A6-0R(0)
139  12  1   6   0   7   6   1367.656    -2.612       0.928    0  8.000e+08     A6-0R(6)
140  12  1   6   0   1   1   1367.695    -2.401       1.472    0  8.000e+08     A6-0Q(1)
141  12  1   6   0   8   7   1367.721    -2.623       1.326    0  8.000e+08     A6-0R(7)
142  12  1   6   0   2   2   1367.729    -2.401       0.995    0  8.000e+08     A6-0Q(2)
143  12  1   6   0   3   3   1367.781    -2.401       1.472    0  8.000e+08     A6-0Q(3)
144  12  1   6   0   9   8   1367.804    -2.632       1.296    0  8.000e+08     A6-0R(8)
145  12  1   6   0   1   2   1367.839    -3.100       1.033    0  8.000e+08     A6-0P(2)
146  12  1   6   0   4   4   1367.850    -2.401       1.472    0  8.000e+08     A6-0Q(4)
147  12  1   6   0  10   9   1367.904    -2.638       1.276    0  8.000e+08     A6-0R(9)
148  12  1   6   0   5   5   1367.935    -2.401       1.057    0  8.000e+08     A6-0Q(5)
149  12  1   6   0   2   3   1367.945    -2.945       1.472    0  8.000e+08     A6-0P(3)
150  12  1   6   0  11  10   1368.021    -2.644       1.261    0  8.000e+08    A6-0R(10)
151  12  1   6   0   6   6   1368.039    -2.401       1.074    0  8.000e+08     A6-0Q(6)
152  12  1   6   0   3   4   1368.069    -2.878       1.472    0  8.000e+08     A6-0P(4)
153  12  1   6   0  12  11   1368.156    -2.649       1.250    0  8.000e+08    A6-0R(11)
154  12  1   6   0   7   7   1368.159    -2.401       1.087    0  8.000e+08     A6-0Q(7)
155  12  1   6   0   4   5   1368.209    -2.841       1.472    0  8.000e+08     A6-0P(5)
156  12  1   6   0   8   8   1368.297    -2.401       1.242    0  8.000e+08     A6-0Q(8)
157  12  1   6   0  13  12   1368.308    -2.653       1.096    0  8.000e+08    A6-0R(12)
158  12  1   6   0   5   6   1368.367    -2.816       1.472    0  8.000e+08     A6-0P(6)
159  12  1   6   0   9   9   1368.451    -2.401       1.235    0  8.000e+08     A6-0Q(9)
160  12  1   6   0  14  13   1368.477    -2.657       1.104    0  8.000e+08    A6-0R(13)
161  12  1   6   0   6   7   1368.542    -2.799       1.472    0  8.000e+08     A6-0P(7)
162  12  1   6   0  10  10   1368.623    -2.401       1.229    0  8.000e+08    A6-0Q(10)
163  12  1   6   0  15  14   1368.663    -2.660       1.110    0  8.000e+08    A6-0R(14)
164  12  1   6   0   7   8   1368.735    -2.787       1.472    0  8.000e+08     A6-0P(8)
165  12  1   6   0  11  11   1368.813    -2.401       1.224    0  8.000e+08    A6-0Q(11)
166  12  1   6   0  16  15   1368.867    -2.662       1.115    0  8.000e+08    A6-0R(15)
167  12  1   6   0   8   9   1368.944    -2.777       1.472    0  8.000e+08     A6-0P(9)
168  12  1   6   0  12  12   1369.019    -2.401       1.220    0  8.000e+08    A6-0Q(12)
169  12  1   6   0  17  16   1369.088    -2.665       1.120    0  8.000e+08    A6-0R(16)
170  12  1   6   0   9  10   1369.171    -2.769       1.472    0  8.000e+08    A6-0P(10)
171  12  1   6   0  13  13   1369.243    -2.402       1.217    0  8.000e+08    A6-0Q(13)
172  12  1   6   0  18  17   1369.327    -2.667       1.124    0  8.000e+08    A6-0R(17)
173  12  1   6   0  10  11   1369.415    -2.763       1.472    0  8.000e+08    A6-0P(11)
174  12  1   6   0  14  14   1369.484    -2.402       1.214    0  8.000e+08    A6-0Q(14)
175  12  1   6   0  19  18   1369.583    -2.669       1.127    0  8.000e+08    A6-0R(18)
176  12  1   6   0  11  12   1369.677    -2.758       1.472    0  8.000e+08    A6-0P(12)
177  12  1   6   0  15  15   1369.743    -2.402       1.211    0  8.000e+08    A6-0Q(15)
178  12  1   6   0  20  19   1369.856    -2.671       1.130    0  8.000e+08    A6-0R(19)
179  12  1   6   0  12  13   1369.956    -2.754       1.472    0  8.000e+08    A6-0P(13)
180  12  1   6   0  16  16   1370.019    -2.402       1.209    0  8.000e+08    A6-0Q(16)
181  12  1   6   0  21  20   1370.147    -2.672       1.132    0  8.000e+08    A6-0R(20)
182  12  1   6   0  13  14   1370.252    -2.750       1.472    0  8.000e+08    A6-0P(14)
183  12  1   6   0  17  17   1370.312    -2.402       1.207    0  8.000e+08    A6-0Q(17)
184  12  1   6   0  22  21   1370.455    -2.674       1.134    0  8.000e+08    A6-0R(21)
185  12  1   6   0  14  15   1370.565    -2.747       1.472    0  8.000e+08    A6-0P(15)
186  12  1   6   0  18  18   1370.623    -2.402       1.205    0  8.000e+08    A6-0Q(18)
187  12  1   6   0  23  22   1370.781    -2.675       1.136    0  8.000e+08    A6-0R(22)
188  12  1   6   0  15  16   1370.896    -2.744       1.472    0  8.000e+08    A6-0P(16)
189  12  1   6   0  19  19   1370.951    -2.402       1.203    0  8.000e+08    A6-0Q(19)
190  12  1   6   0  16  17   1371.245    -2.742       1.138    0  8.000e+08    A6-0P(17)
191  12  1   6   0  20  20   1371.297    -2.402       1.472    0  8.000e+08    A6-0Q(20)
192  12  1   6   0  17  18   1371.610    -2.740       1.202    0  8.000e+08    A6-0P(18)
193  12  1   6   0  21  21   1371.660    -2.402       1.140    0  8.000e+08    A6-0Q(21)
194  12  1   6   0  18  19   1371.994    -2.738       1.472    0  8.000e+08    A6-0P(19)
195  12  1   6   0  22  22   1372.041    -2.402       1.200    0  8.000e+08    A6-0Q(22)
196  12  1   6   0  19  20   1372.394    -2.737       1.141    0  8.000e+08    A6-0P(20)
197  12  1   6   0  20  21   1372.813    -2.735       1.472    0  8.000e+08    A6-0P(21)
198  12  1   6   0  21  22   1373.248    -2.734       1.199    0  8.000e+08    A6-0P(22)
199  12  1   5   0   4   3   1392.453    -2.286       1.700    0  8.000e+08     A5-0R(3)
200  12  1   5   0   3   2   1392.460    -2.237       1.399    0  8.000e+08     A5-0R(2)
201  12  1   5   0   5   4   1392.463    -2.316       1.399    0  8.000e+08     A5-0R(4)
202  12  1   5   0   2   1   1392.484    -2.140       0.700    0  8.000e+08     A5-0R(1)
203  12  1   5   0   6   5   1392.490    -2.336       1.399    0  8.000e+08     A5-0R(5)
204  12  1   5   0   1   0   1392.525    -1.839       1.302    0  8.000e+08     A5-0R(0)
205  12  1   5   0   7   6   1392.533    -2.351       0.855    0  8.000e+08     A5-0R(6)
206  12  1   5   0   8   7   1392.594    -2.362       1.399    0  8.000e+08     A5-0R(7)
207  12  1   5   0   1   1   1392.600    -2.140       1.253    0  8.000e+08     A5-0Q(1)
208  12  1   5   0   2   2   1392.633    -2.140       0.922    0  8.000e+08     A5-0Q(2)
209  12  1   5   0   9   8   1392.671    -2.370       1.399    0  8.000e+08     A5-0R(8)
210  12  1   5   0   3   3   1392.684    -2.140       1.223    0  8.000e+08     A5-0Q(3)
211  12  1   5   0   1   2   1392.749    -2.839       0.960    0  8.000e+08     A5-0P(2)
212  12  1   5   0   4   4   1392.751    -2.140       1.399    0  8.000e+08     A5-0Q(4)
213  12  1   5   0  10   9   1392.765    -2.377       1.203    0  8.000e+08     A5-0R(9)
214  12  1   5   0   5   5   1392.836    -2.140       0.984    0  8.000e+08     A5-0Q(5)
215  12  1   5   0   2   3   1392.857    -2.684       1.399    0  8.000e+08     A5-0P(3)
216  12  1   5   0  11  10   1392.877    -2.383       1.188    0  8.000e+08    A5-0R(10)
217  12  1   5   0   6   6   1392.937    -2.140       1.001    0  8.000e+08     A5-0Q(6)
218  12  1   5   0   3   4   1392.982    -2.617       1.399    0  8.000e+08     A5-0P(4)
219  12  1   5   0  12  11   1393.005    -2.388       1.177    0  8.000e+08    A5-0R(11)
220  12  1   5   0   7   7   1393.055    -2.140       1.014    0  8.000e+08     A5-0Q(7)
221  12  1   5   0   4   5   1393.124    -2.579       1.399    0  8.000e+08     A5-0P(5)
222  12  1   5   0  13  12   1393.150    -2.392       1.169    0  8.000e+08    A5-0R(12)
223  12  1   5   0   8   8   1393.190    -2.140       1.023    0  8.000e+08     A5-0Q(8)
224  12  1   5   0   5   6   1393.283    -2.555       1.399    0  8.000e+08     A5-0P(6)
225  12  1   5   0  14  13   1393.312    -2.395       1.162    0  8.000e+08    A5-0R(13)
226  12  1   5   0   9   9   1393.342    -2.140       1.031    0  8.000e+08     A5-0Q(9)
227  12  1   5   0   6   7   1393.459    -2.538       1.399    0  8.000e+08     A5-0P(7)
228  12  1   5   0  15  14   1393.491    -2.398       1.156    0  8.000e+08    A5-0R(14)
229  12  1   5   0  10  10   1393.511    -2.140       1.037    0  8.000e+08    A5-0Q(10)
230  12  1   5   0   7   8   1393.652    -2.526       1.399    0  8.000e+08     A5-0P(8)
231  12  1   5   0  16  15   1393.688    -2.401       1.151    0  8.000e+08    A5-0R(15)
232  12  1   5   0  11  11   1393.697    -2.140       1.042    0  8.000e+08    A5-0Q(11)
233  12  1   5   0   8   9   1393.862    -2.516       1.399    0  8.000e+08     A5-0P(9)
234  12  1   5   0  12  12   1393.900    -2.140       1.147    0  8.000e+08    A5-0Q(12)
235  12  1   5   0  17  16   1393.901    -2.404       1.047    0  8.000e+08    A5-0R(16)
236  12  1   5   0   9  10   1394.089    -2.508       1.399    0  8.000e+08    A5-0P(10)
237  12  1   5   0  13  13   1394.120    -2.140       1.144    0  8.000e+08    A5-0Q(13)
238  12  1   5   0  18  17   1394.131    -2.406       1.051    0  8.000e+08    A5-0R(17)
239  12  1   5   0  10  11   1394.332    -2.502       1.399    0  8.000e+08    A5-0P(11)
240  12  1   5   0  14  14   1394.357    -2.140       1.141    0  8.000e+08    A5-0Q(14)
241  12  1   5   0  19  18   1394.378    -2.408       1.054    0  8.000e+08    A5-0R(18)
242  12  1   5   0  11  12   1394.593    -2.497       1.399    0  8.000e+08    A5-0P(12)
243  12  1   5   0  15  15   1394.611    -2.140       1.138    0  8.000e+08    A5-0Q(15)
244  12  1   5   0  20  19   1394.643    -2.409       1.057    0  8.000e+08    A5-0R(19)
245  12  1   5   0  12  13   1394.871    -2.493       1.399    0  8.000e+08    A5-0P(13)
246  12  1   5   0  16  16   1394.882    -2.141       1.136    0  8.000e+08    A5-0Q(16)
247  12  1   5   0  21  20   1394.924    -2.411       1.059    0  8.000e+08    A5-0R(20)
248  12  1   5   0  13  14   1395.166    -2.489       1.399    0  8.000e+08    A5-0P(14)
249  12  1   5   0  17  17   1395.170    -2.141       1.134    0  8.000e+08    A5-0Q(17)
250  12  1   5   0  22  21   1395.223    -2.412       1.061    0  8.000e+08    A5-0R(21)
251  12  1   5   0  18  18   1395.475    -2.141       1.399    0  8.000e+08    A5-0Q(18)
252  12  1   5   0  14  15   1395.477    -2.486       1.132    0  8.000e+08    A5-0P(15)
253  12  1   5   0  23  22   1395.539    -2.414       1.063    0  8.000e+08    A5-0R(22)
254  12  1   5   0  19  19   1395.797    -2.141       1.399    0  8.000e+08    A5-0Q(19)
255  12  1   5   0  15  16   1395.806    -2.483       1.130    0  8.000e+08    A5-0P(16)
256  12  1   5   0  20  20   1396.137    -2.141       1.065    0  8.000e+08    A5-0Q(20)
257  12  1   5   0  16  17   1396.152    -2.481       1.399    0  8.000e+08    A5-0P(17)
258  12  1   5   0  21  21   1396.493    -2.141       1.129    0  8.000e+08    A5-0Q(21)
259  12  1   5   0  17  18   1396.515    -2.479       1.067    0  8.000e+08    A5-0P(18)
260  12  1   5   0  22  22   1396.867    -2.141       1.399    0  8.000e+08    A5-0Q(22)
261  12  1   5   0  18  19   1396.896    -2.477       1.127    0  8.000e+08    A5-0P(19)
262  12  1   5   0  19  20   1397.293    -2.475       1.068    0  8.000e+08    A5-0P(20)
263  12  1   5   0  20  21   1397.708    -2.474       1.399    0  8.000e+08    A5-0P(21)
264  12  1   5   0  21  22   1398.140    -2.473       1.126    0  8.000e+08    A5-0P(22)
265  12  1   4   0   4   3   1418.961    -2.079       1.520    0  8.000e+08     A4-0R(3)
266  12  1   4   0   5   4   1418.966    -2.109       1.219    0  8.000e+08     A4-0R(4)
267  12  1   4   0   3   2   1418.972    -2.030       1.219    0  8.000e+08     A4-0R(2)
268  12  1   4   0   6   5   1418.988    -2.129       0.520    0  8.000e+08     A4-0R(5)
269  12  1   4   0   2   1   1419.000    -1.933       1.219    0  8.000e+08     A4-0R(1)
270  12  1   4   0   7   6   1419.027    -2.144       1.122    0  8.000e+08     A4-0R(6)
271  12  1   4   0   1   0   1419.044    -1.632       0.675    0  8.000e+08     A4-0R(0)
272  12  1   4   0   8   7   1419.082    -2.155       1.219    0  8.000e+08     A4-0R(7)
273  12  1   4   0   1   1   1419.121    -1.933       1.073    0  8.000e+08     A4-0Q(1)
274  12  1   4   0   9   8   1419.153    -2.164       0.742    0  8.000e+08     A4-0R(8)
275  12  1   4   0   2   2   1419.155    -1.933       1.219    0  8.000e+08     A4-0Q(2)
276  12  1   4   0   3   3   1419.204    -1.933       1.043    0  8.000e+08     A4-0Q(3)
277  12  1   4   0  10   9   1419.242    -2.170       0.780    0  8.000e+08     A4-0R(9)
278  12  1   4   0   4   4   1419.270    -1.933       1.219    0  8.000e+08     A4-0Q(4)
279  12  1   4   0   1   2   1419.276    -2.632       1.023    0  8.000e+08     A4-0P(2)
280  12  1   4   0  11  10   1419.347    -2.176       0.804    0  8.000e+08    A4-0R(10)
281  12  1   4   0   5   5   1419.353    -1.933       1.219    0  8.000e+08     A4-0Q(5)
282  12  1   4   0   2   3   1419.387    -2.477       1.008    0  8.000e+08     A4-0P(3)
283  12  1   4   0   6   6   1419.453    -1.933       0.821    0  8.000e+08     A4-0Q(6)
284  12  1   4   0  12  11   1419.468    -2.181       1.219    0  8.000e+08    A4-0R(11)
285  12  1   4   0   3   4   1419.514    -2.410       0.997    0  8.000e+08     A4-0P(4)
286  12  1   4   0   7   7   1419.569    -1.933       0.834    0  8.000e+08     A4-0Q(7)
287  12  1   4   0  13  12   1419.607    -2.185       1.219    0  8.000e+08    A4-0R(12)
288  12  1   4   0   4   5   1419.658    -2.373       0.989    0  8.000e+08     A4-0P(5)
289  12  1   4   0   8   8   1419.701    -1.933       0.843    0  8.000e+08     A4-0Q(8)
290  12  1   4   0  14  13   1419.761    -2.189       1.219    0  8.000e+08    A4-0R(13)
291  12  1   4   0   5   6   1419.818    -2.348       0.982    0  8.000e+08     A4-0P(6)
292  12  1   4   0   9   9   1419.850    -1.933       0.851    0  8.000e+08     A4-0Q(9)
293  12  1   4   0  15  14   1419.933    -2.192       1.219    0  8.000e+08    A4-0R(14)
294  12  1   4   0   6   7   1419.995    -2.331       0.976    0  8.000e+08     A4-0P(7)
295  12  1   4   0  10  10   1420.016    -1.933       0.857    0  8.000e+08    A4-0Q(10)
296  12  1   4   0  16  15   1420.121    -2.194       1.219    0  8.000e+08    A4-0R(15)
297  12  1   4   0   7   8   1420.189    -2.319       0.971    0  8.000e+08     A4-0P(8)
298  12  1   4   0  11  11   1420.199    -1.933       0.862    0  8.000e+08    A4-0Q(11)
299  12  1   4   0  17  16   1420.327    -2.197       1.219    0  8.000e+08    A4-0R(16)
300  12  1   4   0  12  12   1420.398    -1.933       0.967    0  8.000e+08    A4-0Q(12)
301  12  1   4   0   8   9   1420.399    -2.309       0.867    0  8.000e+08     A4-0P(9)
302  12  1   4   0  18  17   1420.548    -2.199       1.219    0  8.000e+08    A4-0R(17)
303  12  1   4   0  13  13   1420.614    -1.934       0.964    0  8.000e+08    A4-0Q(13)
304  12  1   4   0   9  10   1420.626    -2.301       0.871    0  8.000e+08    A4-0P(10)
305  12  1   4   0  19  18   1420.787    -2.201       1.219    0  8.000e+08    A4-0R(18)
306  12  1   4   0  14  14   1420.846    -1.934       0.961    0  8.000e+08    A4-0Q(14)
307  12  1   4   0  10  11   1420.869    -2.295       0.874    0  8.000e+08    A4-0P(11)
308  12  1   4   0  20  19   1421.042    -2.202       1.219    0  8.000e+08    A4-0R(19)
309  12  1   4   0  15  15   1421.095    -1.934       0.958    0  8.000e+08    A4-0Q(15)
310  12  1   4   0  11  12   1421.129    -2.290       0.877    0  8.000e+08    A4-0P(12)
311  12  1   4   0  21  20   1421.314    -2.204       1.219    0  8.000e+08    A4-0R(20)
312  12  1   4   0  16  16   1421.361    -1.934       0.956    0  8.000e+08    A4-0Q(16)
313  12  1   4   0  12  13   1421.406    -2.286       0.879    0  8.000e+08    A4-0P(13)
314  12  1   4   0  22  21   1421.603    -2.206       1.219    0  8.000e+08    A4-0R(21)
315  12  1   4   0  17  17   1421.644    -1.934       0.954    0  8.000e+08    A4-0Q(17)
316  12  1   4   0  13  14   1421.700    -2.282       0.881    0  8.000e+08    A4-0P(14)
317  12  1   4   0  23  22   1421.909    -2.207       1.219    0  8.000e+08    A4-0R(22)
318  12  1   4   0  18  18   1421.943    -1.934       0.952    0  8.000e+08    A4-0Q(18)
319  12  1   4   0  14  15   1422.010    -2.279       0.883    0  8.000e+08    A4-0P(15)
320  12  1   4   0  19  19   1422.260    -1.934       1.219    0  8.000e+08    A4-0Q(19)
321  12  1   4   0  15  16   1422.337    -2.276       0.950    0  8.000e+08    A4-0P(16)
322  12  1   4   0  20  20   1422.593    -1.934       0.885    0  8.000e+08    A4-0Q(20)
323  12  1   4   0  16  17   1422.681    -2.274       1.219    0  8.000e+08    A4-0P(17)
324  12  1   4   0  21  21   1422.943    -1.934       0.949    0  8.000e+08    A4-0Q(21)
325  12  1   4   0  17  18   1423.041    -2.272       0.887    0  8.000e+08    A4-0P(18)
326  12  1   4   0  22  22   1423.310    -1.934       1.219    0  8.000e+08    A4-0Q(22)
327  12  1   4   0  18  19   1423.419    -2.270       0.947    0  8.000e+08    A4-0P(19)
328  12  1   4   0  19  20   1423.813    -2.269       0.888    0  8.000e+08    A4-0P(20)
329  12  1   4   0  20  21   1424.224    -2.267       1.219    0  8.000e+08    A4-0P(21)
330  12  1   4   0  21  22   1424.652    -2.266       0.946    0  8.000e+08    A4-0P(22)
331  12  1   3   0   4   3   1447.257    -1.908       1.305    0  8.000e+08     A3-0R(3)
332  12  1   3   0   5   4   1447.257    -1.938       1.004    0  8.000e+08     A3-0R(4)
333  12  1   3   0   3   2   1447.272    -1.858       1.004    0  8.000e+08     A3-0R(2)
334  12  1   3   0   6   5   1447.274    -1.958       0.305    0  8.000e+08     A3-0R(5)
335  12  1   3   0   2   1   1447.304    -1.762       1.004    0  8.000e+08     A3-0R(1)
336  12  1   3   0   7   6   1447.308    -1.972       0.907    0  8.000e+08     A3-0R(6)
337  12  1   3   0   1   0   1447.352    -1.461       0.460    0  8.000e+08     A3-0R(0)
338  12  1   3   0   8   7   1447.357    -1.983       1.004    0  8.000e+08     A3-0R(7)
339  12  1   3   0   9   8   1447.423    -1.992       0.858    0  8.000e+08     A3-0R(8)
340  12  1   3   0   1   1   1447.433    -1.762       0.527    0  8.000e+08     A3-0Q(1)
341  12  1   3   0   2   2   1447.465    -1.762       1.004    0  8.000e+08     A3-0Q(2)
342  12  1   3   0  10   9   1447.505    -1.999       0.828    0  8.000e+08     A3-0R(9)
343  12  1   3   0   3   3   1447.514    -1.762       0.565    0  8.000e+08     A3-0Q(3)
344  12  1   3   0   4   4   1447.579    -1.762       1.004    0  8.000e+08     A3-0Q(4)
345  12  1   3   0   1   2   1447.594    -2.461       0.808    0  8.000e+08     A3-0P(2)
346  12  1   3   0  11  10   1447.604    -2.005       0.589    0  8.000e+08    A3-0R(10)
347  12  1   3   0   5   5   1447.660    -1.762       1.004    0  8.000e+08     A3-0Q(5)
348  12  1   3   0   2   3   1447.707    -2.306       0.793    0  8.000e+08     A3-0P(3)
349  12  1   3   0  12  11   1447.718    -2.009       0.606    0  8.000e+08    A3-0R(11)
350  12  1   3   0   6   6   1447.758    -1.762       1.004    0  8.000e+08     A3-0Q(6)
351  12  1   3   0   3   4   1447.836    -2.239       0.782    0  8.000e+08     A3-0P(4)
352  12  1   3   0  13  12   1447.849    -2.014       0.619    0  8.000e+08    A3-0R(12)
353  12  1   3   0   7   7   1447.871    -1.762       1.004    0  8.000e+08     A3-0Q(7)
354  12  1   3   0   4   5   1447.982    -2.201       0.774    0  8.000e+08     A3-0P(5)
355  12  1   3   0  14  13   1447.997    -2.017       0.628    0  8.000e+08    A3-0R(13)
356  12  1   3   0   8   8   1448.001    -1.762       1.004    0  8.000e+08     A3-0Q(8)
357  12  1   3   0   5   6   1448.144    -2.177       0.767    0  8.000e+08     A3-0P(6)
358  12  1   3   0   9   9   1448.148    -1.762       0.636    0  8.000e+08     A3-0Q(9)
359  12  1   3   0  15  14   1448.161    -2.020       1.004    0  8.000e+08    A3-0R(14)
360  12  1   3   0  10  10   1448.311    -1.762       0.761    0  8.000e+08    A3-0Q(10)
361  12  1   3   0   6   7   1448.322    -2.160       0.642    0  8.000e+08     A3-0P(7)
362  12  1   3   0  16  15   1448.341    -2.023       1.004    0  8.000e+08    A3-0R(15)
363  12  1   3   0  11  11   1448.490    -1.762       0.756    0  8.000e+08    A3-0Q(11)
364  12  1   3   0   7   8   1448.516    -2.147       0.647    0  8.000e+08     A3-0P(8)
365  12  1   3   0  17  16   1448.538    -2.025       1.004    0  8.000e+08    A3-0R(16)
366  12  1   3   0  12  12   1448.685    -1.762       0.752    0  8.000e+08    A3-0Q(12)
367  12  1   3   0   8   9   1448.727    -2.138       0.652    0  8.000e+08     A3-0P(9)
368  12  1   3   0  18  17   1448.751    -2.027       1.004    0  8.000e+08    A3-0R(17)
369  12  1   3   0  13  13   1448.897    -1.762       0.749    0  8.000e+08    A3-0Q(13)
370  12  1   3   0   9  10   1448.954    -2.130       0.656    0  8.000e+08    A3-0P(10)
371  12  1   3   0  19  18   1448.981    -2.029       1.004    0  8.000e+08    A3-0R(18)
372  12  1   3   0  14  14   1449.125    -1.762       0.746    0  8.000e+08    A3-0Q(14)
373  12  1   3   0  10  11   1449.198    -2.124       0.659    0  8.000e+08    A3-0P(11)
374  12  1   3   0  20  19   1449.227    -2.031       1.004    0  8.000e+08    A3-0R(19)
375  12  1   3   0  15  15   1449.370    -1.762       0.743    0  8.000e+08    A3-0Q(15)
376  12  1   3   0  11  12   1449.458    -2.119       0.662    0  8.000e+08    A3-0P(12)
377  12  1   3   0  21  20   1449.489    -2.033       1.004    0  8.000e+08    A3-0R(20)
378  12  1   3   0  16  16   1449.631    -1.762       0.741    0  8.000e+08    A3-0Q(16)
379  12  1   3   0  12  13   1449.734    -2.114       0.664    0  8.000e+08    A3-0P(13)
380  12  1   3   0  22  21   1449.769    -2.034       1.004    0  8.000e+08    A3-0R(21)
381  12  1   3   0  17  17   1449.908    -1.762       0.739    0  8.000e+08    A3-0Q(17)
382  12  1   3   0  13  14   1450.027    -2.111       0.666    0  8.000e+08    A3-0P(14)
383  12  1   3   0  23  22   1450.064    -2.035       1.004    0  8.000e+08    A3-0R(22)
384  12  1   3   0  18  18   1450.202    -1.762       0.737    0  8.000e+08    A3-0Q(18)
385  12  1   3   0  14  15   1450.336    -2.108       0.668    0  8.000e+08    A3-0P(15)
386  12  1   3   0  19  19   1450.513    -1.763       1.004    0  8.000e+08    A3-0Q(19)
387  12  1   3   0  15  16   1450.661    -2.105       0.735    0  8.000e+08    A3-0P(16)
388  12  1   3   0  20  20   1450.840    -1.763       0.670    0  8.000e+08    A3-0Q(20)
389  12  1   3   0  16  17   1451.003    -2.103       1.004    0  8.000e+08    A3-0P(17)
390  12  1   3   0  21  21   1451.183    -1.763       0.734    0  8.000e+08    A3-0Q(21)
391  12  1   3   0  17  18   1451.362    -2.101       0.672    0  8.000e+08    A3-0P(18)
392  12  1   3   0  22  22   1451.543    -1.763       1.004    0  8.000e+08    A3-0Q(22)
393  12  1   3   0  18  19   1451.737    -2.099       0.732    0  8.000e+08    A3-0P(19)
394  12  1   3   0  19  20   1452.128    -2.097       0.673    0  8.000e+08    A3-0P(20)
395  12  1   3   0  20  21   1452.536    -2.096       1.004    0  8.000e+08    A3-0P(21)
396  12  1   3   0  21  22   1452.961    -2.094       0.731    0  8.000e+08    A3-0P(22)
397  12  1   2   0   5   4   1477.453    -1.874       1.036    0  8.000e+08     A2-0R(4)
398  12  1   2   0   4   3   1477.457    -1.844       0.735    0  8.000e+08     A2-0R(3)
399  12  1   2   0   6   5   1477.465    -1.894       0.735    0  8.000e+08     A2-0R(5)
400  12  1   2   0   3   2   1477.477    -1.794       0.036    0  8.000e+08     A2-0R(2)
401  12  1   2   0   7   6   1477.493    -1.908       0.735    0  8.000e+08     A2-0R(6)
402  12  1   2   0   2   1   1477.513    -1.698       0.638    0  8.000e+08     A2-0R(1)
403  12  1   2   0   8   7   1477.536    -1.919       0.191    0  8.000e+08     A2-0R(7)
404  12  1   2   0   1   0   1477.565    -1.397       0.735    0  8.000e+08     A2-0R(0)
405  12  1   2   0   9   8   1477.596    -1.928       0.589    0  8.000e+08     A2-0R(8)
406  12  1   2   0   1   1   1477.649    -1.698       0.258    0  8.000e+08     A2-0Q(1)
407  12  1   2   0  10   9   1477.672    -1.935       0.735    0  8.000e+08     A2-0R(9)
408  12  1   2   0   2   2   1477.681    -1.698       0.559    0  8.000e+08     A2-0Q(2)
409  12  1   2   0   3   3   1477.729    -1.698       0.296    0  8.000e+08     A2-0Q(3)
410  12  1   2   0  11  10   1477.764    -1.941       0.735    0  8.000e+08    A2-0R(10)
411  12  1   2   0   4   4   1477.793    -1.698       0.539    0  8.000e+08     A2-0Q(4)
412  12  1   2   0   1   2   1477.817    -2.397       0.320    0  8.000e+08     A2-0P(2)
413  12  1   2   0  12  11   1477.872    -1.945       0.735    0  8.000e+08    A2-0R(11)
414  12  1   2   0   5   5   1477.873    -1.698       0.524    0  8.000e+08     A2-0Q(5)
415  12  1   2   0   2   3   1477.933    -2.242       0.337    0  8.000e+08     A2-0P(3)
416  12  1   2   0   6   6   1477.969    -1.698       0.735    0  8.000e+08     A2-0Q(6)
417  12  1   2   0  13  12   1477.996    -1.950       0.513    0  8.000e+08    A2-0R(12)
418  12  1   2   0   3   4   1478.065    -2.175       0.350    0  8.000e+08     A2-0P(4)
419  12  1   2   0   7   7   1478.080    -1.698       0.735    0  8.000e+08     A2-0Q(7)
420  12  1   2   0  14  13   1478.136    -1.953       0.505    0  8.000e+08    A2-0R(13)
421  12  1   2   0   8   8   1478.208    -1.698       0.359    0  8.000e+08     A2-0Q(8)
422  12  1   2   0   4   5   1478.213    -2.137       0.735    0  8.000e+08     A2-0P(5)
423  12  1   2   0  15  14   1478.292    -1.956       0.498    0  8.000e+08    A2-0R(14)
424  12  1   2   0   9   9   1478.352    -1.698       0.367    0  8.000e+08     A2-0Q(9)
425  12  1   2   0   5   6   1478.377    -2.113       0.735    0  8.000e+08     A2-0P(6)
426  12  1   2   0  16  15   1478.464    -1.959       0.492    0  8.000e+08    A2-0R(15)
427  12  1   2   0  10  10   1478.512    -1.698       0.373    0  8.000e+08    A2-0Q(10)
428  12  1   2   0   6   7   1478.557    -2.096       0.735    0  8.000e+08     A2-0P(7)
429  12  1   2   0  17  16   1478.653    -1.961       0.487    0  8.000e+08    A2-0R(16)
430  12  1   2   0  11  11   1478.688    -1.698       0.378    0  8.000e+08    A2-0Q(11)
431  12  1   2   0   7   8   1478.752    -2.083       0.735    0  8.000e+08     A2-0P(8)
432  12  1   2   0  18  17   1478.857    -1.963       0.483    0  8.000e+08    A2-0R(17)
433  12  1   2   0  12  12   1478.880    -1.698       0.383    0  8.000e+08    A2-0Q(12)
434  12  1   2   0   8   9   1478.964    -2.074       0.735    0  8.000e+08     A2-0P(9)
435  12  1   2   0  19  18   1479.078    -1.965       0.480    0  8.000e+08    A2-0R(18)
436  12  1   2   0  13  13   1479.088    -1.698       0.387    0  8.000e+08    A2-0Q(13)
437  12  1   2   0   9  10   1479.192    -2.066       0.735    0  8.000e+08    A2-0P(10)
438  12  1   2   0  14  14   1479.312    -1.698       0.477    0  8.000e+08    A2-0Q(14)
439  12  1   2   0  20  19   1479.315    -1.967       0.390    0  8.000e+08    A2-0R(19)
440  12  1   2   0  10  11   1479.436    -2.060       0.735    0  8.000e+08    A2-0P(11)
441  12  1   2   0  15  15   1479.552    -1.698       0.474    0  8.000e+08    A2-0Q(15)
442  12  1   2   0  21  20   1479.568    -1.969       0.393    0  8.000e+08    A2-0R(20)
443  12  1   2   0  11  12   1479.696    -2.055       0.735    0  8.000e+08    A2-0P(12)
444  12  1   2   0  16  16   1479.808    -1.698       0.472    0  8.000e+08    A2-0Q(16)
445  12  1   2   0  22  21   1479.838    -1.970       0.395    0  8.000e+08    A2-0R(21)
446  12  1   2   0  12  13   1479.972    -2.050       0.735    0  8.000e+08    A2-0P(13)
447  12  1   2   0  17  17   1480.081    -1.698       0.470    0  8.000e+08    A2-0Q(17)
448  12  1   2   0  23  22   1480.124    -1.971       0.397    0  8.000e+08    A2-0R(22)
449  12  1   2   0  13  14   1480.265    -2.047       0.735    0  8.000e+08    A2-0P(14)
450  12  1   2   0  18  18   1480.369    -1.698       0.468    0  8.000e+08    A2-0Q(18)
451  12  1   2   0  14  15   1480.573    -2.044       0.399    0  8.000e+08    A2-0P(15)
452  12  1   2   0  19  19   1480.674    -1.698       0.735    0  8.000e+08    A2-0Q(19)
453  12  1   2   0  15  16   1480.898    -2.041       0.466    0  8.000e+08    A2-0P(16)
454  12  1   2   0  20  20   1480.996    -1.699       0.401    0  8.000e+08    A2-0Q(20)
455  12  1   2   0  16  17   1481.238    -2.039       0.735    0  8.000e+08    A2-0P(17)
456  12  1   2   0  21  21   1481.333    -1.699       0.465    0  8.000e+08    A2-0Q(21)
457  12  1   2   0  17  18   1481.595    -2.037       0.403    0  8.000e+08    A2-0P(18)
458  12  1   2   0  22  22   1481.687    -1.699       0.735    0  8.000e+08    A2-0Q(22)
459  12  1   2   0  18  19   1481.968    -2.035       0.463    0  8.000e+08    A2-0P(19)
460  12  1   2   0  19  20   1482.358    -2.033       0.404    0  8.000e+08    A2-0P(20)
461  12  1   2   0  20  21   1482.764    -2.032       0.735    0  8.000e+08    A2-0P(21)
462  12  1   2   0  21  22   1483.186    -2.030       0.462    0  8.000e+08    A2-0P(22)
463  12  1   1   0   5   4   1509.617    -2.013       0.745    0  8.000e+08     A1-0R(4)
464  12  1   1   0   6   5   1509.624    -2.033       0.444    0  8.000e+08     A1-0R(5)
465  12  1   1   0   4   3   1509.626    -1.983       0.444    0  8.000e+08     A1-0R(3)
466  12  1   1   0   7   6   1509.646    -2.048      -0.255    0  8.000e+08     A1-0R(6)
467  12  1   1   0   3   2   1509.651    -1.934       0.444    0  8.000e+08     A1-0R(2)
468  12  1   1   0   8   7   1509.684    -2.059       0.347    0  8.000e+08     A1-0R(7)
469  12  1   1   0   2   1   1509.692    -1.837      -0.100    0  8.000e+08     A1-0R(1)
470  12  1   1   0   9   8   1509.737    -2.067       0.444    0  8.000e+08     A1-0R(8)
471  12  1   1   0   1   0   1509.748    -1.536       0.298    0  8.000e+08     A1-0R(0)
472  12  1   1   0  10   9   1509.807    -2.074      -0.033    0  8.000e+08     A1-0R(9)
473  12  1   1   0   1   1   1509.836    -1.837       0.444    0  8.000e+08     A1-0Q(1)
474  12  1   1   0   2   2   1509.867    -1.837       0.268    0  8.000e+08     A1-0Q(2)
475  12  1   1   0  11  10   1509.892    -2.080       0.005    0  8.000e+08    A1-0R(10)
476  12  1   1   0   3   3   1509.914    -1.837       0.444    0  8.000e+08     A1-0Q(3)
477  12  1   1   0   4   4   1509.977    -1.837       0.248    0  8.000e+08     A1-0Q(4)
478  12  1   1   0  12  11   1509.993    -2.085       0.029    0  8.000e+08    A1-0R(11)
479  12  1   1   0   1   2   1510.011    -2.536       0.444    0  8.000e+08     A1-0P(2)
480  12  1   1   0   5   5   1510.055    -1.837       0.233    0  8.000e+08     A1-0Q(5)
481  12  1   1   0  13  12   1510.109    -2.089       0.046    0  8.000e+08    A1-0R(12)
482  12  1   1   0   2   3   1510.130    -2.381       0.444    0  8.000e+08     A1-0P(3)
483  12  1   1   0   6   6   1510.149    -1.837       0.222    0  8.000e+08     A1-0Q(6)
484  12  1   1   0  14  13   1510.242    -2.092       0.059    0  8.000e+08    A1-0R(13)
485  12  1   1   0   7   7   1510.259    -1.837       0.444    0  8.000e+08     A1-0Q(7)
486  12  1   1   0   3   4   1510.265    -2.314       0.214    0  8.000e+08     A1-0P(4)
487  12  1   1   0   8   8   1510.385    -1.837       0.068    0  8.000e+08     A1-0Q(8)
488  12  1   1   0  15  14   1510.390    -2.095       0.444    0  8.000e+08    A1-0R(14)
489  12  1   1   0   4   5   1510.415    -2.276       0.207    0  8.000e+08     A1-0P(5)
490  12  1   1   0   9   9   1510.526    -1.837       0.076    0  8.000e+08     A1-0Q(9)
491  12  1   1   0  16  15   1510.554    -2.098       0.444    0  8.000e+08    A1-0R(15)
492  12  1   1   0   5   6   1510.581    -2.252       0.201    0  8.000e+08     A1-0P(6)
493  12  1   1   0  10  10   1510.683    -1.837       0.082    0  8.000e+08    A1-0Q(10)
494  12  1   1   0  17  16   1510.734    -2.100       0.444    0  8.000e+08    A1-0R(16)
495  12  1   1   0   6   7   1510.763    -2.235       0.196    0  8.000e+08     A1-0P(7)
496  12  1   1   0  11  11   1510.856    -1.837       0.087    0  8.000e+08    A1-0Q(11)
497  12  1   1   0  18  17   1510.930    -2.103       0.444    0  8.000e+08    A1-0R(17)
498  12  1   1   0   7   8   1510.961    -2.223       0.192    0  8.000e+08     A1-0P(8)
499  12  1   1   0  12  12   1511.045    -1.837       0.092    0  8.000e+08    A1-0Q(12)
500  12  1   1   0  19  18   1511.142    -2.105       0.444    0  8.000e+08    A1-0R(18)
501  12  1   1   0   8   9   1511.174    -2.213       0.189    0  8.000e+08     A1-0P(9)
502  12  1   1   0  13  13   1511.249    -1.837       0.096    0  8.000e+08    A1-0Q(13)
503  12  1   1   0  20  19   1511.370    -2.106       0.444    0  8.000e+08    A1-0R(19)
504  12  1   1   0   9  10   1511.404    -2.205       0.186    0  8.000e+08    A1-0P(10)
505  12  1   1   0  14  14   1511.469    -1.837       0.099    0  8.000e+08    A1-0Q(14)
506  12  1   1   0  21  20   1511.613    -2.108       0.444    0  8.000e+08    A1-0R(20)
507  12  1   1   0  10  11   1511.648    -2.199       0.183    0  8.000e+08    A1-0P(11)
508  12  1   1   0  15  15   1511.705    -1.837       0.102    0  8.000e+08    A1-0Q(15)
509  12  1   1   0  22  21   1511.873    -2.109       0.444    0  8.000e+08    A1-0R(21)
510  12  1   1   0  11  12   1511.909    -2.194       0.181    0  8.000e+08    A1-0P(12)
511  12  1   1   0  16  16   1511.957    -1.838       0.104    0  8.000e+08    A1-0Q(16)
512  12  1   1   0  23  22   1512.149    -2.111       0.444    0  8.000e+08    A1-0R(22)
513  12  1   1   0  12  13   1512.186    -2.190       0.179    0  8.000e+08    A1-0P(13)
514  12  1   1   0  17  17   1512.225    -1.838       0.106    0  8.000e+08    A1-0Q(17)
515  12  1   1   0  13  14   1512.478    -2.186       0.444    0  8.000e+08    A1-0P(14)
516  12  1   1   0  18  18   1512.509    -1.838       0.177    0  8.000e+08    A1-0Q(18)
517  12  1   1   0  14  15   1512.786    -2.183       0.108    0  8.000e+08    A1-0P(15)
518  12  1   1   0  19  19   1512.808    -1.838       0.444    0  8.000e+08    A1-0Q(19)
519  12  1   1   0  15  16   1513.110    -2.180       0.175    0  8.000e+08    A1-0P(16)
520  12  1   1   0  20  20   1513.124    -1.838       0.110    0  8.000e+08    A1-0Q(20)
521  12  1   1   0  16  17   1513.450    -2.178       0.444    0  8.000e+08    A1-0P(17)
522  12  1   1   0  21  21   1513.456    -1.838       0.174    0  8.000e+08    A1-0Q(21)
523  12  1   1   0  22  22   1513.803    -1.838       0.112    0  8.000e+08    A1-0Q(22)
524  12  1   1   0  17  18   1513.806    -2.176       0.444    0  8.000e+08    A1-0P(18)
525  12  1   1   0  18  19   1514.178    -2.174       0.172    0  8.000e+08    A1-0P(19)
526  12  1   1   0  19  20   1514.566    -2.172       0.113    0  8.000e+08    A1-0P(20)
527  12  1   1   0  20  21   1514.970    -2.171       0.444    0  8.000e+08    A1-0P(21)
528  12  1   1   0  21  22   1515.390    -2.170       0.171    0  8.000e+08    A1-0P(22)
529  12  1   0   0   5   4   1544.297    -2.279       0.423    0  8.000e+08     A0-0R(4)
530  12  1   0   0   6   5   1544.297    -2.299       0.122    0  8.000e+08     A0-0R(5)
531  12  1   0   0   4   3   1544.311    -2.249       0.122    0  8.000e+08     A0-0R(3)
532  12  1   0   0   7   6   1544.313    -2.314      -0.577    0  8.000e+08     A0-0R(6)
533  12  1   0   0   3   2   1544.341    -2.200       0.122    0  8.000e+08     A0-0R(2)
534  12  1   0   0   8   7   1544.345    -2.325       0.025    0  8.000e+08     A0-0R(7)
535  12  1   0   0   2   1   1544.387    -2.103      -0.422    0  8.000e+08     A0-0R(1)
536  12  1   0   0   9   8   1544.392    -2.333       0.122    0  8.000e+08     A0-0R(8)
537  12  1   0   0   1   0   1544.448    -1.802      -0.024    0  8.000e+08     A0-0R(0)
538  12  1   0   0  10   9   1544.454    -2.340      -0.355    0  8.000e+08     A0-0R(9)
539  12  1   0   0  11  10   1544.532    -2.346       0.122    0  8.000e+08    A0-0R(10)
540  12  1   0   0   1   1   1544.540    -2.103      -0.054    0  8.000e+08     A0-0Q(1)
541  12  1   0   0   2   2   1544.571    -2.103      -0.317    0  8.000e+08     A0-0Q(2)
542  12  1   0   0   3   3   1544.617    -2.103       0.122    0  8.000e+08     A0-0Q(3)
543  12  1   0   0  12  11   1544.625    -2.351      -0.074    0  8.000e+08    A0-0R(11)
544  12  1   0   0   4   4   1544.678    -2.103      -0.293    0  8.000e+08     A0-0Q(4)
545  12  1   0   0   1   2   1544.723    -2.802       0.122    0  8.000e+08     A0-0P(2)
546  12  1   0   0  13  12   1544.733    -2.355      -0.089    0  8.000e+08    A0-0R(12)
547  12  1   0   0   5   5   1544.755    -2.103      -0.276    0  8.000e+08     A0-0Q(5)
548  12  1   0   0   2   3   1544.846    -2.647       0.122    0  8.000e+08     A0-0P(3)
549  12  1   0   0   6   6   1544.847    -2.103      -0.100    0  8.000e+08     A0-0Q(6)
550  12  1   0   0  14  13   1544.858    -2.358      -0.263    0  8.000e+08    A0-0R(13)
551  12  1   0   0   7   7   1544.955    -2.103       0.122    0  8.000e+08     A0-0Q(7)
552  12  1   0   0   3   4   1544.984    -2.580      -0.108    0  8.000e+08     A0-0P(4)
553  12  1   0   0  15  14   1544.997    -2.361      -0.254    0  8.000e+08    A0-0R(14)
554  12  1   0   0   8   8   1545.078    -2.103       0.122    0  8.000e+08     A0-0Q(8)
555  12  1   0   0   4   5   1545.137    -2.542      -0.115    0  8.000e+08     A0-0P(5)
556  12  1   0   0  16  15   1545.153    -2.364      -0.246    0  8.000e+08    A0-0R(15)
557  12  1   0   0   9   9   1545.217    -2.103       0.122    0  8.000e+08     A0-0Q(9)
558  12  1   0   0   5   6   1545.306    -2.518      -0.121    0  8.000e+08     A0-0P(6)
559  12  1   0   0  17  16   1545.323    -2.366      -0.240    0  8.000e+08    A0-0R(16)
560  12  1   0   0  10  10   1545.371    -2.103       0.122    0  8.000e+08    A0-0Q(10)
561  12  1   0   0   6   7   1545.490    -2.501      -0.126    0  8.000e+08     A0-0P(7)
562  12  1   0   0  18  17   1545.510    -2.368      -0.235    0  8.000e+08    A0-0R(17)
563  12  1   0   0  11  11   1545.540    -2.103       0.122    0  8.000e+08    A0-0Q(11)
564  12  1   0   0   7   8   1545.689    -2.489      -0.130    0  8.000e+08     A0-0P(8)
565  12  1   0   0  19  18   1545.712    -2.370      -0.230    0  8.000e+08    A0-0R(18)
566  12  1   0   0  12  12   1545.725    -2.103       0.122    0  8.000e+08    A0-0Q(12)
567  12  1   0   0   8   9   1545.904    -2.479      -0.133    0  8.000e+08     A0-0P(9)
568  12  1   0   0  13  13   1545.926    -2.103      -0.226    0  8.000e+08    A0-0Q(13)
569  12  1   0   0  20  19   1545.930    -2.372       0.122    0  8.000e+08    A0-0R(19)
570  12  1   0   0   9  10   1546.135    -2.471      -0.136    0  8.000e+08    A0-0P(10)
571  12  1   0   0  14  14   1546.142    -2.103      -0.223    0  8.000e+08    A0-0Q(14)
572  12  1   0   0  21  20   1546.163    -2.374       0.122    0  8.000e+08    A0-0R(20)
573  12  1   0   0  15  15   1546.373    -2.103      -0.139    0  8.000e+08    A0-0Q(15)
574  12  1   0   0  10  11   1546.381    -2.465      -0.220    0  8.000e+08    A0-0P(11)
575  12  1   0   0  22  21   1546.412    -2.375       0.122    0  8.000e+08    A0-0R(21)
576  12  1   0   0  16  16   1546.620    -2.103      -0.141    0  8.000e+08    A0-0Q(16)
577  12  1   0   0  11  12   1546.642    -2.460      -0.218    0  8.000e+08    A0-0P(12)
578  12  1   0   0  23  22   1546.677    -2.376       0.122    0  8.000e+08    A0-0R(22)
579  12  1   0   0  17  17   1546.883    -2.103      -0.143    0  8.000e+08    A0-0Q(17)
580  12  1   0   0  12  13   1546.919    -2.456      -0.216    0  8.000e+08    A0-0P(13)
581  12  1   0   0  18  18   1547.161    -2.104       0.122    0  8.000e+08    A0-0Q(18)
582  12  1   0   0  13  14   1547.212    -2.452      -0.145    0  8.000e+08    A0-0P(14)
583  12  1   0   0  19  19   1547.455    -2.104      -0.214    0  8.000e+08    A0-0Q(19)
584  12  1   0   0  14  15   1547.520    -2.449       0.122    0  8.000e+08    A0-0P(15)
585  12  1   0   0  20  20   1547.765    -2.104      -0.147    0  8.000e+08    A0-0Q(20)
586  12  1   0   0  15  16   1547.843    -2.446      -0.212    0  8.000e+08    A0-0P(16)
587  12  1   0   0  21  21   1548.090    -2.104       0.122    0  8.000e+08    A0-0Q(21)
588  12  1   0   0  16  17   1548.183    -2.444      -0.148    0  8.000e+08    A0-0P(17)
589  12  1   0   0  22  22   1548.431    -2.104      -0.210    0  8.000e+08    A0-0Q(22)
590  12  1   0   0  17  18   1548.537    -2.442       0.122    0  8.000e+08    A0-0P(18)
591  12  1   0   0  18  19   1548.908    -2.440      -0.150    0  8.000e+08    A0-0P(19)
592  12  1   0   0  19  20   1549.294    -2.438      -0.209    0  8.000e+08    A0-0P(20)
593  12  1   0   0  20  21   1549.696    -2.437       0.122    0  8.000e+08    A0-0P(21)
594  12  1   0   0  21  22   1550.114    -2.435      -0.151    0  8.000e+08    A0-0P(22)
