;  Abgrall et al. 1993, A&AS, 101, 323
;  Abgrall et al. 1993, A&AS, 101, 273
; ---------------
;  Kindly provide by co-author E. Roueff to JC Howk to JXP
;  The first column is the unique line ID
;  Second is the electronic transition (2=Lyman (B-X), 3=Werner (C-X))
;  np is the virbration level of the upper state
;  npp is the virbration level of the lower state
;  Jp is the rotational level of the upper state
;  Jpp is the rotational level of the lower state
;  The last column is all this information compressed into a string label 
;
#  el  np  npp Jp  Jpp     wrest        f      log(w*f)  gu    gamma        name 
287  2  19   0   0   1    911.967    1.315e-03    0.079    9  7.438e+08   B19-0P(1)
419  3   6   0   4   5    912.186    6.844e-04   -0.205   33  6.997e+08    C6-0P(5)
307  2  20   0   5   4    912.235    2.472e-03    0.353    9  7.289e+08   B20-0R(4)
288  2  19   0   3   2    912.950    2.015e-03    0.265    5  7.586e+08   B19-0R(2)
308  2  20   0   3   4    913.605    1.162e-03    0.026    9  7.260e+08   B20-0P(4)
289  2  19   0   1   2    913.769    1.613e-03    0.168    5  7.445e+08   B19-0P(2)
390  3   5   0   1   0    914.396    2.424e-02    1.346    1  1.082e+09    C5-0R(0)
391  3   5   0   2   1    914.606    1.152e-02    1.023    9  1.088e+09    C5-0R(1)
290  2  19   0   4   3    915.212    1.349e-03    0.092   21  7.792e+08   B19-0R(3)
392  3   5   0   1   1    915.400    1.301e-02    1.076    9  1.082e+09    C5-0Q(1)
393  3   5   0   3   2    915.427    9.090e-03    0.920    5  1.075e+09    C5-0R(2)
309  2  20   0   6   5    916.101    2.375e-03    0.338   33  7.293e+08   B20-0R(5)
291  2  19   0   2   3    916.382    1.824e-03    0.223   21  7.489e+08   B19-0P(3)
394  3   5   0   2   2    916.615    1.304e-02    1.077    5  1.082e+09    C5-0Q(2)
396  3   5   0   4   3    916.875    8.557e-03    0.895   21  1.036e+09    C5-0R(3)
270  2  18   0   1   0    917.250    6.172e-03    0.753    1  7.708e+08   B18-0R(0)
395  3   5   0   1   2    917.368    2.949e-03    0.432    5  1.082e+09    C5-0P(2)
310  2  20   0   4   5    917.783    1.188e-03    0.038   33  7.250e+08   B20-0P(5)
271  2  18   0   2   1    917.920    4.427e-03    0.609    9  7.730e+08   B18-0R(1)
292  2  19   0   5   4    918.151    4.554e-05   -1.379    9  9.626e+08   B19-0R(4)
272  2  18   0   0   1    918.412    1.609e-03    0.170    9  7.691e+08   B18-0P(1)
397  3   5   0   3   3    918.430    1.308e-02    1.080   21  1.083e+09    C5-0Q(3)
399  3   5   0   5   4    919.048    9.295e-03    0.932    9  8.603e+08    C5-0R(4)
273  2  18   0   3   2    919.416    4.166e-03    0.583    5  7.756e+08   B18-0R(2)
398  3   5   0   2   3    919.543    4.337e-03    0.601   21  1.088e+09    C5-0P(3)
293  2  19   0   3   4    919.789    2.133e-03    0.293    9  7.586e+08   B19-0P(4)
274  2  18   0   1   2    920.241    1.683e-03    0.190    5  7.708e+08   B18-0P(2)
311  2  20   0   7   6    920.720    2.150e-03    0.297   13  7.317e+08   B20-0R(6)
400  3   5   0   4   4    920.834    1.312e-02    1.082    9  1.084e+09    C5-0Q(4)
402  3   5   0   6   5    921.220    2.469e-03    0.357   33  9.517e+08    C5-0R(5)
275  2  18   0   4   3    921.730    4.068e-03    0.574   21  7.686e+08   B18-0R(3)
401  3   5   0   3   4    922.303    5.017e-03    0.665    9  1.075e+09    C5-0P(4)
294  2  19   0   6   5    922.473    6.667e-03    0.789   33  8.610e+08   B19-0R(5)
312  2  20   0   5   6    922.723    1.265e-03    0.067   13  7.289e+08   B20-0P(6)
276  2  18   0   2   3    922.977    1.643e-03    0.181   21  7.730e+08   B18-0P(3)
403  3   5   0   5   5    923.816    1.318e-02    1.086   33  1.075e+09    C5-0Q(5)
295  2  19   0   4   5    923.962    2.865e-03    0.423   33  7.792e+08   B19-0P(5)
255  2  17   0   1   0    923.982    6.167e-03    0.756    1  7.978e+08   B17-0R(0)
256  2  17   0   2   1    924.849    4.000e-03    0.568    9  7.969e+08   B17-0R(1)
277  2  18   0   5   4    924.849    4.000e-03    0.568    9  7.715e+08   B18-0R(4)
257  2  17   0   0   1    925.173    1.966e-03    0.260    9  7.975e+08   B17-0P(1)
404  3   5   0   4   5    925.657    4.952e-03    0.661   33  1.036e+09    C5-0P(5)
313  2  20   0   8   7    926.056    1.524e-03    0.150   45  7.600e+08   B20-0R(7)
258  2  17   0   3   2    926.129    3.701e-03    0.535    5  8.010e+08   B17-0R(2)
278  2  18   0   3   4    926.352    1.574e-03    0.164    9  7.756e+08   B18-0P(4)
259  2  17   0   1   2    927.017    2.326e-03    0.334    5  7.978e+08   B17-0P(2)
296  2  19   0   7   6    927.050    4.989e-03    0.665   13  7.723e+08   B19-0R(6)
314  2  20   0   6   7    928.411    1.426e-03    0.122   45  7.293e+08   B20-0P(7)
260  2  17   0   4   3    928.436    3.303e-03    0.487   21  8.012e+08   B17-0R(3)
279  2  18   0   6   5    928.760    3.914e-03    0.561   33  7.618e+08   B18-0R(5)
297  2  19   0   5   6    928.776    5.622e-03    0.718   13  9.626e+08   B19-0P(6)
375  3   4   0   1   0    929.532    3.419e-02    1.502    1  1.098e+09    C4-0R(0)
261  2  17   0   2   3    929.687    2.507e-03    0.367   21  7.969e+08   B17-0P(3)
376  3   4   0   2   1    929.688    1.569e-02    1.164    9  1.096e+09    C4-0R(1)
378  3   4   0   3   2    930.446    1.205e-02    1.050    5  1.091e+09    C4-0R(2)
377  3   4   0   1   1    930.577    1.942e-02    1.257    9  1.100e+09    C4-0Q(1)
280  2  18   0   4   5    930.605    1.583e-03    0.168   33  7.686e+08   B18-0P(5)
240  2  16   0   1   0    931.060    1.068e-02    0.998    1  8.345e+08   B16-0R(0)
262  2  17   0   5   4    931.536    2.531e-03    0.372    9  8.196e+08   B17-0R(4)
241  2  16   0   2   1    931.730    7.536e-03    0.846    9  8.403e+08   B16-0R(1)
379  3   4   0   2   2    931.780    1.945e-02    1.258    5  1.100e+09    C4-0Q(2)
381  3   4   0   4   3    931.811    1.079e-02    1.002   21  1.078e+09    C4-0R(3)
242  2  16   0   0   1    932.265    2.397e-03    0.349    9  8.320e+08   B16-0P(1)
298  2  19   0   8   7    932.443    4.435e-03    0.617   45  7.539e+08   B19-0R(7)
380  3   4   0   1   2    932.604    4.775e-03    0.649    5  1.098e+09    C4-0P(2)
263  2  17   0   3   4    933.167    2.709e-03    0.403    9  8.010e+08   B17-0P(4)
243  2  16   0   3   2    933.237    6.886e-03    0.808    5  8.396e+08   B16-0R(2)
281  2  18   0   7   6    933.442    3.758e-03    0.545   13  7.618e+08   B18-0R(6)
382  3   4   0   3   3    933.578    1.948e-02    1.260   21  1.112e+09    C4-0Q(3)
384  3   4   0   5   4    933.788    1.077e-02    1.002    9  1.058e+09    C4-0R(4)
244  2  16   0   1   2    934.141    2.237e-03    0.320    5  8.345e+08   B16-0P(2)
383  3   4   0   2   3    934.789    7.091e-03    0.821   21  1.096e+09    C4-0P(3)
299  2  19   0   6   7    934.956    4.660e-06   -2.361   45  8.610e+08   B19-0P(7)
264  2  17   0   6   5    935.323    4.604e-04   -0.366   33  9.502e+08   B17-0R(5)
245  2  16   0   4   3    935.573    6.572e-03    0.789   21  8.190e+08   B16-0R(3)
282  2  18   0   5   6    935.630    1.654e-03    0.190   13  7.715e+08   B18-0P(6)
385  3   4   0   4   4    935.958    1.954e-02    1.262    9  1.102e+09    C4-0Q(4)
387  3   4   0   6   5    936.463    1.249e-02    1.068   33  9.285e+08    C4-0R(5)
246  2  16   0   2   3    936.854    2.047e-03    0.283   21  8.403e+08   B16-0P(3)
265  2  17   0   4   5    937.441    3.081e-03    0.461   33  8.012e+08   B17-0P(5)
386  3   4   0   3   4    937.551    8.370e-03    0.895    9  1.091e+09    C4-0P(4)
225  2  15   0   1   0    938.465    9.507e-03    0.950    1  8.643e+08   B15-0R(0)
247  2  16   0   5   4    938.726    6.378e-03    0.777    9  8.156e+08   B16-0R(4)
283  2  18   0   8   7    938.874    3.391e-03    0.503   45  7.709e+08   B18-0R(7)
388  3   4   0   5   5    938.909    1.960e-02    1.265   33  1.099e+09    C4-0Q(5)
226  2  15   0   2   1    939.122    6.558e-03    0.789    9  8.669e+08   B15-0R(1)
227  2  15   0   0   1    939.706    2.913e-03    0.437    9  8.655e+08   B15-0P(1)
248  2  16   0   3   4    940.384    1.991e-03    0.272    9  8.396e+08   B16-0P(4)
266  2  17   0   7   6    940.489    9.942e-03    0.971   13  9.012e+08   B17-0R(6)
228  2  15   0   3   2    940.623    6.028e-03    0.754    5  8.652e+08   B15-0R(2)
389  3   4   0   4   5    940.882    8.978e-03    0.927   33  1.078e+09    C4-0P(5)
284  2  18   0   6   7    941.415    1.800e-03    0.229   45  7.618e+08   B18-0P(7)
229  2  15   0   1   2    941.596    3.367e-03    0.501    5  8.643e+08   B15-0P(2)
267  2  17   0   5   6    942.475    4.004e-03    0.577   13  8.196e+08   B17-0P(6)
249  2  16   0   6   5    942.685    6.238e-03    0.769   33  7.945e+08   B16-0R(5)
230  2  15   0   4   3    942.958    5.587e-03    0.722   21  8.646e+08   B15-0R(3)
231  2  15   0   2   3    944.328    3.524e-03    0.522   21  8.669e+08   B15-0P(3)
250  2  16   0   4   5    944.718    2.030e-03    0.283   33  8.190e+08   B16-0P(5)
268  2  17   0   8   7    945.865    7.401e-03    0.845   45  8.104e+08   B17-0R(7)
232  2  15   0   5   4    946.120    5.336e-03    0.703    9  8.682e+08   B15-0R(4)
210  2  14   0   1   0    946.168    1.229e-03    0.066    1  1.115e+09   B14-0R(0)
361  3   3   0   2   1    946.384    1.282e-02    1.084    9  1.036e+09    C3-0R(1)
360  3   3   0   1   0    946.423    6.204e-02    1.769    1  9.000e+08    C3-0R(0)
211  2  14   0   2   1    946.978    1.972e-02    1.271    9  9.999e+08   B14-0R(1)
363  3   3   0   3   2    947.111    1.332e-02    1.101    5  1.084e+09    C3-0R(2)
362  3   3   0   1   1    947.421    2.744e-02    1.415    9  1.111e+09    C3-0Q(1)
251  2  16   0   7   6    947.429    6.093e-03    0.761   13  7.908e+08   B16-0R(6)
212  2  14   0   0   1    947.513    3.522e-03    0.523    9  9.022e+08   B14-0P(1)
233  2  15   0   3   4    947.885    3.653e-03    0.539    9  8.652e+08   B15-0P(4)
269  2  17   0   6   7    948.159    7.685e-03    0.863   45  9.502e+08   B17-0P(7)
366  3   3   0   4   3    948.419    1.280e-02    1.084   21  1.104e+09    C3-0R(3)
213  2  14   0   3   2    948.468    1.296e-02    1.090    5  9.437e+08   B14-0R(2)
364  3   3   0   2   2    948.615    2.747e-02    1.416    5  1.110e+09    C3-0Q(2)
214  2  14   0   1   2    949.351    9.250e-03    0.944    5  1.115e+09   B14-0P(2)
365  3   3   0   1   2    949.608    9.304e-04   -0.054    5  9.000e+08    C3-0P(2)
252  2  16   0   5   6    949.836    2.134e-03    0.307   13  8.156e+08   B16-0P(6)
234  2  15   0   6   5    950.072    4.371e-03    0.618   33  8.753e+08   B15-0R(5)
369  3   3   0   5   4    950.314    1.262e-02    1.079    9  1.094e+09    C3-0R(4)
367  3   3   0   3   3    950.397    2.750e-02    1.417   21  1.107e+09    C3-0Q(3)
215  2  14   0   4   3    950.816    1.093e-02    1.017   21  9.089e+08   B14-0R(3)
368  3   3   0   2   3    951.672    1.268e-02    1.082   21  1.036e+09    C3-0P(3)
235  2  15   0   4   5    952.252    3.877e-03    0.567   33  8.646e+08   B15-0P(5)
216  2  14   0   2   3    952.271    6.464e-04   -0.211   21  9.999e+08   B14-0P(3)
370  3   3   0   4   4    952.757    2.756e-02    1.419    9  1.104e+09    C3-0Q(4)
372  3   3   0   6   5    952.805    1.326e-02    1.102   33  1.071e+09    C3-0R(5)
253  2  16   0   8   7    952.943    5.854e-03    0.747   45  7.885e+08   B16-0R(7)
217  2  14   0   5   4    954.002    1.006e-02    0.982    9  9.029e+08   B14-0R(4)
195  2  13   0   1   0    954.411    1.416e-02    1.131    1  9.386e+08   B13-0R(0)
371  3   3   0   3   4    954.473    1.354e-02    1.111    9  1.084e+09    C3-0P(4)
236  2  15   0   7   6    954.700    1.154e-03    0.042   13  9.805e+08   B15-0R(6)
196  2  13   0   2   1    955.064    9.880e-03    0.975    9  9.420e+08   B13-0R(1)
373  3   3   0   5   5    955.681    2.763e-02    1.422   33  1.111e+09    C3-0Q(5)
197  2  13   0   0   1    955.708    4.227e-03    0.606    9  9.386e+08   B13-0P(1)
254  2  16   0   6   7    955.725    2.305e-03    0.343   45  7.945e+08   B16-0P(7)
218  2  14   0   3   4    955.851    1.685e-03    0.207    9  9.437e+08   B14-0P(4)
198  2  13   0   3   2    956.578    9.211e-03    0.945    5  9.422e+08   B13-0R(2)
237  2  15   0   5   6    957.406    4.351e-03    0.620   13  8.682e+08   B15-0P(6)
199  2  13   0   1   2    957.650    4.807e-03    0.663    5  9.386e+08   B13-0P(2)
374  3   3   0   4   5    957.818    1.422e-02    1.134   33  1.104e+09    C3-0P(5)
219  2  14   0   6   5    958.009    9.618e-03    0.964   33  8.824e+08   B14-0R(5)
200  2  13   0   4   3    958.945    8.967e-03    0.934   21  9.234e+08   B13-0R(3)
220  2  14   0   4   5    960.263    2.241e-03    0.333   33  9.089e+08   B14-0P(5)
201  2  13   0   2   3    960.449    4.932e-03    0.675   21  9.420e+08   B13-0P(3)
238  2  15   0   8   7    960.697    1.364e-02    1.117   45  9.235e+08   B15-0R(7)
202  2  13   0   5   4    962.151    8.753e-03    0.925    9  9.275e+08   B13-0R(4)
221  2  14   0   7   6    962.818    9.359e-03    0.955   13  8.772e+08   B14-0R(6)
180  2  12   0   1   0    962.976    1.316e-02    1.103    1  9.836e+08   B12-0R(0)
239  2  15   0   6   7    963.318    5.577e-03    0.730   45  8.753e+08   B15-0P(7)
181  2  12   0   2   1    963.607    7.079e-03    0.834    9  9.965e+08   B12-0R(1)
203  2  13   0   3   4    964.089    4.984e-03    0.682    9  9.422e+08   B13-0P(4)
182  2  12   0   0   1    964.310    5.028e-03    0.686    9  9.811e+08   B12-0P(1)
345  3   2   0   1   0    964.981    6.860e-02    1.821    1  1.126e+09    C2-0R(0)
183  2  12   0   3   2    965.045    1.595e-03    0.187    5  1.079e+09   B12-0R(2)
346  3   2   0   2   1    965.062    3.495e-02    1.528    9  1.117e+09    C2-0R(1)
222  2  14   0   5   6    965.478    2.612e-03    0.402   13  9.029e+08   B14-0P(6)
348  3   2   0   3   2    965.791    3.224e-02    1.493    5  1.032e+09    C2-0R(2)
347  3   2   0   1   1    966.094    3.498e-02    1.529    9  1.138e+09    C2-0Q(1)
204  2  13   0   6   5    966.179    8.326e-03    0.905   33  9.142e+08   B13-0R(5)
184  2  12   0   1   2    966.273    6.496e-03    0.798    5  9.836e+08   B12-0P(2)
351  3   2   0   4   3    966.779    7.565e-03    0.864   21  1.040e+09    C2-0R(3)
349  3   2   0   2   2    967.278    3.500e-02    1.530    5  1.138e+09    C2-0Q(2)
185  2  12   0   4   3    967.673    2.278e-02    1.343   21  1.079e+09   B12-0R(3)
350  3   2   0   1   2    968.292    7.229e-03    0.845    5  1.126e+09    C2-0P(2)
223  2  14   0   8   7    968.413    9.143e-03    0.947   45  8.694e+08   B14-0R(7)
205  2  13   0   4   5    968.555    5.096e-03    0.693   33  9.234e+08   B13-0P(5)
354  3   2   0   5   4    968.664    1.260e-02    1.087    9  1.116e+09    C2-0R(4)
352  3   2   0   3   3    969.047    3.504e-02    1.531   21  1.137e+09    C2-0Q(3)
186  2  12   0   2   3    969.088    8.157e-03    0.898   21  9.965e+08   B12-0P(3)
353  3   2   0   2   3    970.560    9.747e-03    0.976   21  1.117e+09    C2-0P(3)
187  2  12   0   5   4    970.835    1.604e-02    1.192    9  9.956e+08   B12-0R(4)
206  2  13   0   7   6    970.996    7.118e-03    0.840   13  9.129e+08   B13-0R(6)
357  3   2   0   6   5    971.074    1.379e-02    1.127   33  1.103e+09    C2-0R(5)
355  3   2   0   4   4    971.387    3.510e-02    1.533    9  1.146e+09    C2-0Q(4)
224  2  14   0   6   7    971.479    2.928e-03    0.454   45  8.824e+08   B14-0P(7)
165  2  11   0   1   0    971.985    2.004e-02    1.290    1  1.025e+09   B11-0R(0)
166  2  11   0   2   1    972.632    1.405e-02    1.136    9  1.019e+09   B11-0R(1)
188  2  12   0   3   4    972.690    1.355e-02    1.120    9  1.079e+09   B12-0P(4)
167  2  11   0   0   1    973.344    5.899e-03    0.759    9  1.021e+09   B11-0P(1)
356  3   2   0   3   4    973.448    6.950e-03    0.830    9  1.032e+09    C2-0P(4)
207  2  13   0   5   6    973.825    5.362e-03    0.718   13  9.275e+08   B13-0P(6)
168  2  11   0   3   2    974.156    1.315e-02    1.108    5  1.004e+09   B11-0R(2)
358  3   2   0   5   5    974.286    3.516e-02    1.535   33  1.146e+09    C2-0Q(5)
189  2  12   0   6   5    974.884    1.424e-02    1.142   33  9.785e+08   B12-0R(5)
169  2  11   0   1   2    975.344    6.644e-03    0.812    5  1.025e+09   B11-0P(2)
208  2  13   0   8   7    976.470    1.934e-03    0.276   45  1.037e+09   B13-0R(7)
170  2  11   0   4   3    976.551    1.290e-02    1.100   21  9.507e+08   B11-0R(3)
359  3   2   0   4   5    976.548    2.190e-02    1.330   33  1.040e+09    C2-0P(5)
190  2  12   0   4   5    977.460    3.594e-04   -0.454   33  1.079e+09   B12-0P(5)
171  2  11   0   2   3    978.217    6.735e-03    0.819   21  1.019e+09   B11-0P(3)
191  2  12   0   7   6    979.759    1.352e-02    1.122   13  9.696e+08   B12-0R(6)
172  2  11   0   5   4    979.803    1.278e-02    1.098    9  9.418e+08   B11-0R(4)
209  2  13   0   6   7    979.882    5.958e-03    0.766   45  9.142e+08   B13-0P(7)
150  2  10   0   1   0    981.437    2.069e-02    1.308    1  1.074e+09   B10-0R(0)
173  2  11   0   3   4    981.947    6.708e-03    0.819    9  1.004e+09   B11-0P(4)
151  2  10   0   2   1    982.073    1.364e-02    1.127    9  1.072e+09   B10-0R(1)
192  2  12   0   5   6    982.722    2.571e-03    0.403   13  9.956e+08   B12-0P(6)
152  2  10   0   0   1    982.835    6.811e-03    0.826    9  1.069e+09   B10-0P(1)
153  2  10   0   3   2    983.589    1.157e-02    1.056    5  1.072e+09   B10-0R(2)
174  2  11   0   6   5    983.897    1.262e-02    1.094   33  8.998e+08   B11-0R(5)
154  2  10   0   1   2    984.862    8.170e-03    0.906    5  1.074e+09   B10-0P(2)
193  2  12   0   8   7    985.439    1.317e-02    1.113   45  9.701e+08   B12-0R(7)
330  3   1   0   1   0    985.631    6.890e-02    1.832    1  1.157e+09    C1-0R(0)
331  3   1   0   2   1    985.642    3.301e-02    1.512    9  1.157e+09    C1-0R(1)
155  2  10   0   4   3    985.962    8.278e-03    0.912   21  1.074e+09   B10-0R(3)
333  3   1   0   3   2    986.241    2.619e-02    1.412    5  1.148e+09    C1-0R(2)
175  2  11   0   4   5    986.519    6.716e-03    0.821   33  9.507e+08   B11-0P(5)
332  3   1   0   1   1    986.796    3.647e-02    1.556    9  1.160e+09    C1-0Q(1)
336  3   1   0   4   3    987.445    2.565e-02    1.404   21  1.135e+09    C1-0R(3)
156  2  10   0   2   3    987.767    8.927e-03    0.945   21  1.072e+09   B10-0P(3)
334  3   1   0   2   2    987.972    3.650e-02    1.557    5  1.160e+09    C1-0Q(2)
176  2  11   0   7   6    988.811    1.222e-02    1.082   13  8.936e+08   B11-0R(6)
194  2  12   0   6   7    988.836    3.579e-03    0.549   45  9.785e+08   B12-0P(7)
339  3   1   0   5   4    988.871    8.645e-04   -0.068    9  9.466e+08    C1-0R(4)
335  3   1   0   1   2    989.086    8.109e-03    0.904    5  1.157e+09    C1-0P(2)
157  2  10   0   5   4    989.553    3.108e-02    1.488    9  1.256e+09   B10-0R(4)
337  3   1   0   3   3    989.728    3.652e-02    1.558   21  1.159e+09    C1-0Q(3)
342  3   1   0   6   5    991.370    1.075e-02    1.028   33  1.135e+09    C1-0R(5)
135  2   9   0   1   0    991.376    2.612e-02    1.413    1  1.124e+09    B9-0R(0)
338  3   1   0   2   3    991.378    1.192e-02    1.073   21  1.157e+09    C1-0P(3)
158  2  10   0   3   4    991.532    9.918e-03    0.993    9  1.072e+09   B10-0P(4)
177  2  11   0   5   6    991.913    6.832e-03    0.831   13  9.418e+08   B11-0P(6)
136  2   9   0   2   1    992.013    1.826e-02    1.258    9  1.124e+09    B9-0R(1)
340  3   1   0   4   4    992.049    3.656e-02    1.560    9  1.159e+09    C1-0Q(4)
137  2   9   0   0   1    992.808    7.699e-03    0.883    9  1.129e+09    B9-0P(1)
159  2  10   0   6   5    993.490    2.016e-02    1.302   33  1.068e+09   B10-0R(5)
138  2   9   0   3   2    993.547    1.704e-02    1.229    5  1.118e+09    B9-0R(2)
341  3   1   0   3   4    994.227    1.377e-02    1.136    9  1.148e+09    C1-0P(4)
178  2  11   0   8   7    994.517    1.087e-02    1.034   45  9.018e+08   B11-0R(7)
139  2   9   0   1   2    994.871    8.658e-03    0.935    5  1.124e+09    B9-0P(2)
343  3   1   0   5   5    994.924    3.661e-02    1.561   33  1.158e+09    C1-0Q(5)
140  2   9   0   4   3    995.970    1.668e-02    1.220   21  1.104e+09    B9-0R(3)
160  2  10   0   4   5    996.124    1.274e-02    1.103   33  1.074e+09   B10-0P(5)
344  3   1   0   4   5    997.638    1.293e-02    1.111   33  1.135e+09    C1-0P(5)
141  2   9   0   2   3    997.824    8.760e-03    0.942   21  1.124e+09    B9-0P(3)
179  2  11   0   6   7    998.111    7.131e-03    0.852   45  8.998e+08   B11-0P(7)
161  2  10   0   7   6    998.425    1.788e-02    1.252   13  9.913e+08   B10-0R(6)
142  2   9   0   5   4    999.268    1.656e-02    1.219    9  1.103e+09    B9-0R(4)
143  2   9   0   3   4   1001.652    8.691e-03    0.940    9  1.118e+09    B9-0P(4)
120  2   8   0   1   0   1001.821    2.677e-02    1.428    1  1.148e+09    B8-0R(0)
162  2  10   0   5   6   1001.906    2.647e-04   -0.576   13  1.256e+09   B10-0P(6)
121  2   8   0   2   1   1002.449    1.823e-02    1.262    9  1.127e+09    B8-0R(1)
122  2   8   0   0   1   1003.294    8.466e-03    0.929    9  1.169e+09    B8-0P(1)
144  2   9   0   6   5   1003.426    1.650e-02    1.219   33  1.096e+09    B9-0R(5)
123  2   8   0   3   2   1003.982    1.662e-02    1.222    5  1.088e+09    B8-0R(2)
163  2  10   0   8   7   1004.194    1.712e-02    1.235   45  9.916e+08   B10-0R(7)
124  2   8   0   1   2   1005.390    9.911e-03    0.998    5  1.148e+09    B8-0P(2)
145  2   9   0   4   5   1006.340    8.632e-03    0.939   33  1.104e+09    B9-0P(5)
125  2   8   0   4   3   1006.411    1.572e-02    1.199   21  1.047e+09    B8-0R(3)
164  2  10   0   6   7   1007.985    3.739e-03    0.576   45  1.068e+09   B10-0P(7)
126  2   8   0   2   3   1008.383    1.043e-02    1.022   21  1.127e+09    B8-0P(3)
146  2   9   0   7   6   1008.425    1.641e-02    1.219   13  1.087e+09    B9-0R(6)
316  3   0   0   2   1   1008.498    2.052e-02    1.316    9  1.171e+09    C0-0R(1)
315  3   0   0   1   0   1008.552    4.395e-02    1.647    1  1.170e+09    C0-0R(0)
318  3   0   0   3   2   1009.024    1.565e-02    1.198    5  1.174e+09    C0-0R(2)
127  2   8   0   5   4   1009.715    1.411e-02    1.154    9  1.041e+09    B8-0R(4)
317  3   0   0   1   1   1009.771    2.380e-02    1.381    9  1.184e+09    C0-0Q(1)
321  3   0   0   4   3   1010.129    1.380e-02    1.144   21  1.168e+09    C0-0R(3)
319  3   0   0   2   2   1010.938    2.381e-02    1.381    5  1.184e+09    C0-0Q(2)
324  3   0   0   5   4   1011.812    1.395e-02    1.150    9  1.164e+09    C0-0R(4)
147  2   9   0   5   6   1011.866    8.645e-03    0.942   13  1.103e+09    B9-0P(6)
320  3   0   0   1   2   1012.169    5.510e-03    0.746    5  1.170e+09    C0-0P(2)
128  2   8   0   3   4   1012.259    1.075e-02    1.037    9  1.088e+09    B8-0P(4)
322  3   0   0   3   3   1012.680    2.383e-02    1.383   21  1.184e+09    C0-0Q(3)
105  2   7   0   1   0   1012.810    2.970e-02    1.478    1  1.243e+09    B7-0R(0)
106  2   7   0   2   1   1013.435    2.050e-02    1.318    9  1.248e+09    B7-0R(1)
129  2   8   0   6   5   1013.706    1.184e-03    0.079   33  1.224e+09    B8-0R(5)
327  3   0   0   6   5   1014.238    2.606e-02    1.422   33  9.536e+08    C0-0R(5)
148  2   9   0   8   7   1014.249    1.615e-02    1.214   45  1.089e+09    B9-0R(7)
107  2   7   0   0   1   1014.326    8.982e-03    0.960    9  1.238e+09    B7-0P(1)
323  3   0   0   2   3   1014.504    8.278e-03    0.924   21  1.171e+09    C0-0P(3)
108  2   7   0   3   2   1014.974    1.894e-02    1.284    5  1.259e+09    B7-0R(2)
325  3   0   0   4   4   1014.982    2.386e-02    1.384    9  1.174e+09    C0-0Q(4)
109  2   7   0   1   2   1016.458    1.023e-02    1.017    5  1.243e+09    B7-0P(2)
130  2   8   0   4   5   1017.001    1.122e-02    1.057   33  1.047e+09    B8-0P(5)
326  3   0   0   3   4   1017.385    9.946e-03    1.005    9  1.174e+09    C0-0P(4)
110  2   7   0   4   3   1017.422    1.838e-02    1.272   21  1.251e+09    B7-0R(3)
328  3   0   0   5   5   1017.831    2.389e-02    1.386   33  1.173e+09    C0-0Q(5)
149  2   9   0   6   7   1018.214    8.757e-03    0.950   45  1.096e+09    B9-0P(7)
131  2   8   0   7   6   1019.013    2.050e-02    1.320   13  9.844e+08    B8-0R(6)
111  2   7   0   2   3   1019.500    1.048e-02    1.029   21  1.248e+09    B7-0P(3)
112  2   7   0   5   4   1020.764    1.814e-02    1.268    9  1.246e+09    B7-0R(4)
329  3   0   0   4   5   1020.798    1.085e-02    1.044   33  1.168e+09    C0-0P(5)
132  2   8   0   5   6   1022.580    1.256e-02    1.109   13  1.041e+09    B8-0P(6)
113  2   7   0   3   4   1023.434    1.049e-02    1.031    9  1.259e+09    B7-0P(4)
 90  2   6   0   1   0   1024.372    2.871e-02    1.468    1  1.298e+09    B6-0R(0)
133  2   8   0   8   7   1024.986    1.958e-02    1.303   45  9.922e+08    B8-0R(7)
114  2   7   0   6   5   1024.987    1.801e-02    1.266   33  1.216e+09    B7-0R(5)
 91  2   6   0   2   1   1024.986    1.958e-02    1.303    9  1.292e+09    B6-0R(1)
 92  2   6   0   0   1   1025.352    9.012e-03    0.966    9  1.293e+09    B6-0P(1)
 93  2   6   0   3   2   1026.526    1.797e-02    1.266    5  1.269e+09    B6-0R(2)
 94  2   6   0   1   2   1028.103    1.047e-02    1.032    5  1.298e+09    B6-0P(2)
115  2   7   0   4   5   1028.246    1.047e-02    1.032   33  1.251e+09    B7-0P(5)
134  2   8   0   6   7   1028.801    2.324e-02    1.379   45  1.224e+09    B8-0P(7)
 95  2   6   0   4   3   1028.985    1.739e-02    1.253   21  1.224e+09    B6-0R(3)
116  2   7   0   7   6   1030.071    1.793e-02    1.266   13  1.070e+09    B7-0R(6)
 96  2   6   0   2   3   1031.191    1.111e-02    1.059   21  1.292e+09    B6-0P(3)
 97  2   6   0   5   4   1032.349    1.712e-02    1.247    9  1.191e+09    B6-0R(4)
117  2   7   0   5   6   1033.914    1.046e-02    1.034   13  1.246e+09    B7-0P(6)
 98  2   6   0   3   4   1035.181    1.127e-02    1.067    9  1.269e+09    B6-0P(4)
118  2   7   0   8   7   1036.000    1.788e-02    1.268   45  1.064e+09    B7-0R(7)
 75  2   5   0   1   0   1036.545    2.684e-02    1.444    1  1.365e+09    B5-0R(0)
 99  2   6   0   6   5   1036.604    1.697e-02    1.245   33  1.149e+09    B6-0R(5)
 76  2   5   0   2   1   1037.149    1.813e-02    1.274    9  1.367e+09    B5-0R(1)
 77  2   5   0   0   1   1038.157    8.661e-03    0.954    9  1.369e+09    B5-0P(1)
 78  2   5   0   3   2   1038.689    1.650e-02    1.234    5  1.355e+09    B5-0R(2)
100  2   6   0   4   5   1040.058    1.130e-02    1.070   33  1.224e+09    B6-0P(5)
 79  2   5   0   1   2   1040.366    1.022e-02    1.027    5  1.365e+09    B5-0P(2)
119  2   7   0   6   7   1040.422    1.049e-02    1.038   45  1.216e+09    B7-0P(7)
 80  2   5   0   4   3   1041.158    1.585e-02    1.218   21  1.350e+09    B5-0R(3)
101  2   6   0   7   6   1041.729    1.685e-02    1.244   13  1.131e+09    B6-0R(6)
 81  2   5   0   2   3   1043.502    1.077e-02    1.051   21  1.367e+09    B5-0P(3)
 82  2   5   0   5   4   1044.542    1.548e-02    1.209    9  1.340e+09    B5-0R(4)
102  2   6   0   5   6   1045.801    1.131e-02    1.073   13  1.191e+09    B6-0P(6)
 83  2   5   0   3   4   1047.550    1.099e-02    1.061    9  1.355e+09    B5-0P(4)
103  2   6   0   8   7   1047.711    1.673e-02    1.244   45  1.110e+09    B6-0R(7)
 84  2   5   0   6   5   1048.829    1.523e-02    1.203   33  1.329e+09    B5-0R(5)
 60  2   4   0   1   0   1049.367    2.319e-02    1.386    1  1.458e+09    B4-0R(0)
 61  2   4   0   2   1   1049.960    1.555e-02    1.213    9  1.445e+09    B4-0R(1)
 62  2   4   0   0   1   1051.033    7.602e-03    0.903    9  1.454e+09    B4-0P(1)
 63  2   4   0   3   2   1051.498    1.403e-02    1.169    5  1.438e+09    B4-0R(2)
104  2   6   0   6   7   1052.393    1.131e-02    1.076   45  1.149e+09    B6-0P(7)
 85  2   5   0   4   5   1052.496    1.108e-02    1.067   33  1.350e+09    B5-0P(5)
 64  2   4   0   1   2   1053.284    9.021e-03    0.978    5  1.458e+09    B4-0P(2)
 65  2   4   0   4   3   1053.976    1.336e-02    1.149   21  1.438e+09    B4-0R(3)
 86  2   5   0   7   6   1053.996    1.500e-02    1.199   13  1.296e+09    B5-0R(6)
 66  2   4   0   2   3   1056.472    9.556e-03    1.004   21  1.445e+09    B4-0P(3)
 67  2   4   0   5   4   1057.380    1.294e-02    1.136    9  1.427e+09    B4-0R(4)
 87  2   5   0   5   6   1058.316    1.111e-02    1.070   13  1.340e+09    B5-0P(6)
 88  2   5   0   8   7   1060.031    1.478e-02    1.195   45  1.275e+09    B5-0R(7)
 68  2   4   0   3   4   1060.581    9.794e-03    1.017    9  1.438e+09    B4-0P(4)
 69  2   4   0   6   5   1061.697    1.261e-02    1.127   33  1.404e+09    B4-0R(5)
 45  2   3   0   1   0   1062.882    1.790e-02    1.279    1  1.534e+09    B3-0R(0)
 46  2   3   0   2   1   1063.460    1.190e-02    1.102    9  1.532e+09    B3-0R(1)
 47  2   3   0   0   1   1064.606    5.941e-03    0.801    9  1.537e+09    B3-0P(1)
 48  2   3   0   3   2   1064.994    1.065e-02    1.055    5  1.509e+09    B3-0R(2)
 89  2   5   0   6   7   1064.996    1.112e-02    1.073   45  1.329e+09    B5-0P(7)
 70  2   4   0   4   5   1065.596    9.900e-03    1.023   33  1.438e+09    B4-0P(5)
 49  2   3   0   1   2   1066.900    7.089e-03    0.879    5  1.534e+09    B3-0P(2)
 71  2   4   0   7   6   1066.905    1.230e-02    1.118   13  1.404e+09    B4-0R(6)
 50  2   3   0   4   3   1067.479    1.004e-02    1.030   21  1.521e+09    B3-0R(3)
 51  2   3   0   2   3   1070.141    7.537e-03    0.907   21  1.532e+09    B3-0P(3)
 52  2   3   0   5   4   1070.900    9.626e-03    1.013    9  1.505e+09    B3-0R(4)
 72  2   4   0   5   6   1071.497    9.939e-03    1.027   13  1.427e+09    B4-0P(6)
 73  2   4   0   8   7   1072.992    1.200e-02    1.110   45  1.381e+09    B4-0R(7)
 53  2   3   0   3   4   1074.312    7.744e-03    0.920    9  1.509e+09    B3-0P(4)
 54  2   3   0   6   5   1075.245    9.279e-03    0.999   33  1.496e+09    B3-0R(5)
 30  2   2   0   1   0   1076.992    1.144e-02    1.091    1  1.628e+09    B2-0R(0)
 31  2   2   0   2   1   1077.700    7.693e-03    0.919    9  1.625e+09    B2-0R(1)
 74  2   4   0   6   7   1078.266    9.942e-03    1.030   45  1.404e+09    B4-0P(7)
 32  2   2   0   0   1   1078.927    3.921e-03    0.626    9  1.628e+09    B2-0P(1)
 33  2   2   0   3   2   1079.226    6.818e-03    0.867    5  1.617e+09    B2-0R(2)
 55  2   3   0   4   5   1079.400    7.835e-03    0.927   33  1.521e+09    B3-0P(5)
 56  2   3   0   7   6   1080.492    8.955e-03    0.986   13  1.475e+09    B3-0R(6)
 34  2   2   0   1   2   1081.267    4.699e-03    0.706    5  1.628e+09    B2-0P(2)
 35  2   2   0   4   3   1081.713    6.363e-03    0.838   21  1.596e+09    B2-0R(3)
 36  2   2   0   2   3   1084.562    5.008e-03    0.735   21  1.625e+09    B2-0P(3)
 37  2   2   0   5   4   1085.146    6.029e-03    0.816    9  1.593e+09    B2-0R(4)
 57  2   3   0   5   6   1085.382    7.859e-03    0.931   13  1.505e+09    B3-0P(6)
 58  2   3   0   8   7   1086.630    8.629e-03    0.972   45  1.476e+09    B3-0R(7)
 38  2   2   0   3   4   1088.796    5.151e-03    0.749    9  1.617e+09    B2-0P(4)
 39  2   2   0   6   5   1089.515    5.740e-03    0.796   33  1.585e+09    B2-0R(5)
 15  2   1   0   1   0   1092.195    5.784e-03    0.801    1  1.750e+09    B1-0R(0)
 59  2   3   0   6   7   1092.243    7.843e-03    0.933   45  1.496e+09    B3-0P(7)
 16  2   1   0   2   1   1092.732    3.780e-03    0.616    9  1.741e+09    B1-0R(1)
 40  2   2   0   4   5   1093.956    5.207e-03    0.756   33  1.596e+09    B2-0P(5)
 17  2   1   0   0   1   1094.052    1.968e-03    0.333    9  1.742e+09    B1-0P(1)
 18  2   1   0   3   2   1094.244    3.312e-03    0.559    5  1.733e+09    B1-0R(2)
 41  2   2   0   7   6   1094.797    5.463e-03    0.777   13  1.576e+09    B2-0R(6)
 19  2   1   0   1   2   1096.438    2.366e-03    0.414    5  1.750e+09    B1-0P(2)
 20  2   1   0   4   3   1096.725    3.053e-03    0.525   21  1.709e+09    B1-0R(3)
 21  2   1   0   2   3   1099.787    2.526e-03    0.444   21  1.741e+09    B1-0P(3)
 42  2   2   0   5   6   1100.019    5.210e-03    0.758   13  1.593e+09    B2-0P(6)
 22  2   1   0   5   4   1100.164    2.854e-03    0.497    9  1.704e+09    B1-0R(4)
 43  2   2   0   8   7   1100.982    5.188e-03    0.757   45  1.557e+09    B2-0R(7)
 23  2   1   0   3   4   1104.083    2.594e-03    0.457    9  1.733e+09    B1-0P(4)
 24  2   1   0   6   5   1104.083    2.594e-03    0.457   33  1.695e+09    B1-0R(5)
 44  2   2   0   6   7   1106.971    5.174e-03    0.758   45  1.585e+09    B2-0P(7)
  0  2   0   0   1   0   1108.127    1.665e-03    0.266    1  1.857e+09    B0-0R(0)
  1  2   0   0   2   1   1108.633    1.077e-03    0.077    9  1.856e+09    B0-0R(1)
 25  2   1   0   4   5   1109.313    2.614e-03    0.462   33  1.709e+09    B1-0P(5)
 26  2   1   0   7   6   1109.859    2.506e-03    0.444   13  1.686e+09    B1-0R(6)
  2  2   0   0   0   1   1110.063    5.739e-04   -0.196    9  1.881e+09    B0-0P(1)
  3  2   0   0   3   2   1110.120    9.322e-04    0.015    5  1.851e+09    B0-0R(2)
  4  2   0   0   1   2   1112.495    6.915e-04   -0.114    5  1.857e+09    B0-0P(2)
  5  2   0   0   4   3   1112.583    8.468e-04   -0.026   21  1.842e+09    B0-0R(3)
 27  2   1   0   5   6   1115.454    2.603e-03    0.463   13  1.704e+09    B1-0P(6)
  6  2   0   0   2   3   1115.895    7.381e-04   -0.084   21  1.856e+09    B0-0P(3)
  7  2   0   0   5   4   1116.013    7.780e-04   -0.061    9  1.818e+09    B0-0R(4)
 28  2   1   0   8   7   1116.084    2.337e-03    0.416   45  1.654e+09    B1-0R(7)
  8  2   0   0   3   4   1120.248    7.560e-04   -0.072    9  1.851e+09    B0-0P(4)
  9  2   0   0   6   5   1120.399    7.157e-04   -0.096   33  1.824e+09    B0-0R(5)
 29  2   1   0   6   7   1122.493    2.567e-03    0.460   45  1.695e+09    B1-0P(7)
 10  2   0   0   4   5   1125.540    7.577e-04   -0.069   33  1.842e+09    B0-0P(5)
 11  2   0   0   7   6   1125.723    6.563e-04   -0.131   13  1.805e+09    B0-0R(6)
 12  2   0   0   5   6   1131.750    7.479e-04   -0.072   13  1.818e+09    B0-0P(6)
 13  2   0   0   8   7   1131.974    5.992e-04   -0.169   45  1.765e+09    B0-0R(7)
 14  2   0   0   6   7   1138.867    7.297e-04   -0.080   45  1.824e+09    B0-0P(7)
