STIS Model Line Spread Function vs Aperture at 150 nm
Rel pixel    0.1x0.03  0.2x0.06   0.2x0.2     6x0.2
 -9.397        0.0001    0.0001    0.0001    0.0001
 -9.296        0.0001    0.0001    0.0001    0.0002
 -9.195        0.0001    0.0001    0.0002    0.0002
 -9.094        0.0001    0.0001    0.0002    0.0002
 -8.993        0.0001    0.0001    0.0002    0.0002
 -8.892        0.0001    0.0001    0.0002    0.0003
 -8.791        0.0002    0.0002    0.0003    0.0003
 -8.690        0.0002    0.0002    0.0003    0.0003
 -8.589        0.0002    0.0002    0.0003    0.0004
 -8.488        0.0002    0.0002    0.0004    0.0004
 -8.387        0.0003    0.0003    0.0004    0.0005
 -8.286        0.0003    0.0003    0.0005    0.0005
 -8.185        0.0003    0.0004    0.0005    0.0006
 -8.084        0.0004    0.0004    0.0006    0.0007
 -7.983        0.0004    0.0005    0.0007    0.0007
 -7.882        0.0005    0.0005    0.0007    0.0008
 -7.781        0.0006    0.0006    0.0008    0.0009
 -7.680        0.0006    0.0007    0.0009    0.0010
 -7.578        0.0007    0.0007    0.0010    0.0011
 -7.477        0.0008    0.0008    0.0011    0.0012
 -7.376        0.0009    0.0009    0.0012    0.0014
 -7.275        0.0010    0.0010    0.0014    0.0015
 -7.174        0.0011    0.0011    0.0015    0.0016
 -7.073        0.0012    0.0013    0.0017    0.0018
 -6.972        0.0014    0.0014    0.0018    0.0020
 -6.871        0.0015    0.0016    0.0020    0.0022
 -6.770        0.0017    0.0018    0.0022    0.0024
 -6.669        0.0019    0.0019    0.0024    0.0026
 -6.568        0.0021    0.0022    0.0027    0.0029
 -6.467        0.0023    0.0024    0.0029    0.0031
 -6.366        0.0026    0.0026    0.0032    0.0034
 -6.265        0.0028    0.0029    0.0035    0.0037
 -6.164        0.0031    0.0032    0.0038    0.0040
 -6.063        0.0034    0.0035    0.0041    0.0044
 -5.962        0.0037    0.0038    0.0045    0.0048
 -5.861        0.0041    0.0042    0.0049    0.0052
 -5.760        0.0045    0.0046    0.0053    0.0056
 -5.659        0.0049    0.0050    0.0057    0.0060
 -5.558        0.0054    0.0054    0.0062    0.0065
 -5.457        0.0058    0.0059    0.0067    0.0070
 -5.355        0.0063    0.0064    0.0072    0.0076
 -5.254        0.0069    0.0070    0.0078    0.0081
 -5.153        0.0075    0.0076    0.0084    0.0087
 -5.052        0.0081    0.0082    0.0090    0.0093
 -4.951        0.0087    0.0088    0.0097    0.0100
 -4.850        0.0094    0.0095    0.0103    0.0107
 -4.749        0.0101    0.0102    0.0111    0.0114
 -4.648        0.0109    0.0110    0.0118    0.0122
 -4.547        0.0117    0.0118    0.0126    0.0129
 -4.446        0.0125    0.0126    0.0134    0.0138
 -4.345        0.0134    0.0135    0.0143    0.0146
 -4.244        0.0143    0.0144    0.0152    0.0155
 -4.143        0.0153    0.0154    0.0161    0.0164
 -4.042        0.0163    0.0164    0.0170    0.0173
 -3.941        0.0173    0.0174    0.0180    0.0183
 -3.840        0.0184    0.0185    0.0190    0.0193
 -3.739        0.0195    0.0196    0.0201    0.0204
 -3.638        0.0207    0.0207    0.0212    0.0215
 -3.537        0.0218    0.0219    0.0223    0.0226
 -3.436        0.0230    0.0231    0.0236    0.0240
 -3.335        0.0243    0.0243    0.0250    0.0256
 -3.233        0.0256    0.0255    0.0268    0.0278
 -3.132        0.0268    0.0268    0.0291    0.0308
 -3.031        0.0282    0.0281    0.0321    0.0348
 -2.930        0.0295    0.0294    0.0358    0.0401
 -2.829        0.0308    0.0308    0.0403    0.0463
 -2.728        0.0322    0.0321    0.0453    0.0533
 -2.627        0.0335    0.0334    0.0507    0.0604
 -2.526        0.0349    0.0348    0.0563    0.0674
 -2.425        0.0363    0.0361    0.0618    0.0738
 -2.324        0.0376    0.0375    0.0671    0.0796
 -2.223        0.0390    0.0388    0.0724    0.0848
 -2.122        0.0403    0.0401    0.0774    0.0897
 -2.021        0.0416    0.0414    0.0824    0.0942
 -1.920        0.0429    0.0427    0.0873    0.0987
 -1.819        0.0442    0.0440    0.0921    0.1031
 -1.718        0.0454    0.0453    0.0970    0.1076
 -1.617        0.0466    0.0470    0.1021    0.1125
 -1.516        0.0478    0.0494    0.1077    0.1178
 -1.415        0.0490    0.0533    0.1141    0.1240
 -1.314        0.0506    0.0604    0.1219    0.1316
 -1.213        0.0533    0.0727    0.1320    0.1411
 -1.112        0.0585    0.0930    0.1453    0.1536
 -1.010        0.0694    0.1237    0.1633    0.1700
 -0.909        0.0912    0.1669    0.1874    0.1918
 -0.808        0.1312    0.2235    0.2192    0.2202
 -0.707        0.1972    0.2932    0.2600    0.2562
 -0.606        0.2950    0.3743    0.3100    0.3000
 -0.505        0.4241    0.4636    0.3679    0.3506
 -0.404        0.5758    0.5556    0.4304    0.4049
 -0.303        0.7321    0.6428    0.4914    0.4579
 -0.202        0.8696    0.7159    0.5437    0.5031
 -0.101        0.9646    0.7658    0.5797    0.5341
  0.000        1.0000    0.7852    0.5939    0.5462
  0.101        0.9690    0.7716    0.5841    0.5374
  0.202        0.8774    0.7273    0.5524    0.5096
  0.303        0.7420    0.6591    0.5041    0.4674
  0.404        0.5859    0.5757    0.4464    0.4170
  0.505        0.4329    0.4859    0.3863    0.3645
  0.606        0.3018    0.3969    0.3294    0.3148
  0.707        0.2019    0.3140    0.2791    0.2709
  0.808        0.1341    0.2409    0.2370    0.2340
  0.909        0.0928    0.1802    0.2032    0.2043
  1.010        0.0702    0.1329    0.1770    0.1813
  1.112        0.0588    0.0988    0.1573    0.1638
  1.213        0.0534    0.0762    0.1430    0.1510
  1.314        0.0507    0.0623    0.1327    0.1417
  1.415        0.0491    0.0543    0.1252    0.1348
  1.516        0.0478    0.0499    0.1195    0.1296
  1.617        0.0467    0.0474    0.1149    0.1252
  1.718        0.0455    0.0457    0.1106    0.1213
  1.819        0.0442    0.0443    0.1062    0.1173
  1.920        0.0430    0.0430    0.1016    0.1131
  2.021        0.0417    0.0417    0.0966    0.1085
  2.122        0.0404    0.0404    0.0911    0.1034
  2.223        0.0391    0.0391    0.0853    0.0977
  2.324        0.0377    0.0378    0.0792    0.0914
  2.425        0.0363    0.0364    0.0728    0.0845
  2.526        0.0350    0.0351    0.0661    0.0768
  2.627        0.0336    0.0338    0.0592    0.0685
  2.728        0.0323    0.0324    0.0523    0.0599
  2.829        0.0309    0.0311    0.0458    0.0516
  2.930        0.0296    0.0297    0.0400    0.0440
  3.031        0.0282    0.0284    0.0352    0.0378
  3.132        0.0269    0.0271    0.0314    0.0329
  3.233        0.0256    0.0258    0.0286    0.0295
  3.335        0.0244    0.0246    0.0265    0.0270
  3.436        0.0231    0.0234    0.0249    0.0252
  3.537        0.0219    0.0222    0.0235    0.0237
  3.638        0.0207    0.0210    0.0223    0.0225
  3.739        0.0196    0.0198    0.0212    0.0214
  3.840        0.0185    0.0187    0.0201    0.0203
  3.941        0.0174    0.0176    0.0191    0.0193
  4.042        0.0164    0.0166    0.0181    0.0183
  4.143        0.0154    0.0156    0.0171    0.0173
  4.244        0.0144    0.0146    0.0161    0.0164
  4.345        0.0135    0.0137    0.0152    0.0155
  4.446        0.0126    0.0128    0.0143    0.0146
  4.547        0.0117    0.0120    0.0135    0.0138
  4.648        0.0109    0.0112    0.0126    0.0129
  4.749        0.0102    0.0104    0.0119    0.0122
  4.850        0.0094    0.0097    0.0111    0.0114
  4.951        0.0088    0.0090    0.0104    0.0107
  5.052        0.0081    0.0083    0.0097    0.0100
  5.153        0.0075    0.0077    0.0091    0.0093
  5.254        0.0069    0.0071    0.0084    0.0087
  5.355        0.0064    0.0066    0.0078    0.0081
  5.457        0.0059    0.0060    0.0073    0.0076
  5.558        0.0054    0.0056    0.0068    0.0070
  5.659        0.0049    0.0051    0.0063    0.0065
  5.760        0.0045    0.0047    0.0058    0.0061
  5.861        0.0041    0.0043    0.0054    0.0056
  5.962        0.0038    0.0039    0.0049    0.0052
  6.063        0.0034    0.0036    0.0046    0.0048
  6.164        0.0031    0.0033    0.0042    0.0044
  6.265        0.0028    0.0030    0.0039    0.0041
  6.366        0.0026    0.0027    0.0035    0.0037
  6.467        0.0023    0.0024    0.0032    0.0034
  6.568        0.0021    0.0022    0.0030    0.0031
  6.669        0.0019    0.0020    0.0027    0.0029
  6.770        0.0017    0.0018    0.0025    0.0026
  6.871        0.0015    0.0016    0.0023    0.0024
  6.972        0.0014    0.0015    0.0021    0.0022
  7.073        0.0012    0.0013    0.0019    0.0020
  7.174        0.0011    0.0012    0.0017    0.0018
  7.275        0.0010    0.0011    0.0015    0.0017
  7.376        0.0009    0.0009    0.0014    0.0015
  7.477        0.0008    0.0008    0.0013    0.0014
  7.578        0.0007    0.0008    0.0011    0.0012
  7.680        0.0006    0.0007    0.0010    0.0011
  7.781        0.0006    0.0006    0.0009    0.0010
  7.882        0.0005    0.0005    0.0008    0.0009
  7.983        0.0004    0.0005    0.0007    0.0008
  8.084        0.0004    0.0004    0.0007    0.0007
  8.185        0.0003    0.0004    0.0006    0.0007
  8.286        0.0003    0.0003    0.0005    0.0006
  8.387        0.0003    0.0003    0.0005    0.0005
  8.488        0.0002    0.0003    0.0004    0.0005
  8.589        0.0002    0.0002    0.0004    0.0004
  8.690        0.0002    0.0002    0.0003    0.0004
  8.791        0.0002    0.0002    0.0003    0.0003
  8.892        0.0001    0.0001    0.0003    0.0003
  8.993        0.0001    0.0001    0.0002    0.0003
  9.094        0.0001    0.0001    0.0002    0.0002
  9.195        0.0001    0.0001    0.0002    0.0002
  9.296        0.0001    0.0001    0.0002    0.0002
  9.397        0.0001    0.0001    0.0001    0.0002
  