STIS Model Line Spread Function vs Aperture at 120 nm (Modified for linetools)
Rel pixel    0.1x0.03  0.2x0.09   0.2x0.2     6x0.2
 -9.295        0.0001    0.0001    0.0001    0.0001
 -9.218        0.0001    0.0001    0.0001    0.0001
 -9.140        0.0001    0.0001    0.0001    0.0001
 -9.063        0.0001    0.0001    0.0001    0.0002
 -8.985        0.0001    0.0001    0.0002    0.0002
 -8.908        0.0001    0.0001    0.0002    0.0002
 -8.830        0.0001    0.0001    0.0002    0.0002
 -8.753        0.0001    0.0002    0.0002    0.0002
 -8.675        0.0002    0.0002    0.0002    0.0003
 -8.598        0.0002    0.0002    0.0003    0.0003
 -8.521        0.0002    0.0002    0.0003    0.0003
 -8.443        0.0002    0.0002    0.0003    0.0003
 -8.366        0.0002    0.0003    0.0003    0.0004
 -8.288        0.0003    0.0003    0.0004    0.0004
 -8.211        0.0003    0.0003    0.0004    0.0005
 -8.133        0.0003    0.0004    0.0005    0.0005
 -8.056        0.0004    0.0004    0.0005    0.0005
 -7.978        0.0004    0.0004    0.0005    0.0006
 -7.901        0.0004    0.0005    0.0006    0.0006
 -7.823        0.0005    0.0005    0.0006    0.0007
 -7.746        0.0005    0.0006    0.0007    0.0008
 -7.668        0.0006    0.0006    0.0008    0.0008
 -7.591        0.0006    0.0007    0.0008    0.0009
 -7.514        0.0007    0.0007    0.0009    0.0010
 -7.436        0.0008    0.0008    0.0010    0.0010
 -7.359        0.0008    0.0009    0.0011    0.0011
 -7.281        0.0009    0.0010    0.0011    0.0012
 -7.204        0.0010    0.0010    0.0012    0.0013
 -7.126        0.0011    0.0011    0.0013    0.0014
 -7.049        0.0012    0.0012    0.0014    0.0015
 -6.971        0.0013    0.0013    0.0016    0.0017
 -6.894        0.0014    0.0014    0.0017    0.0018
 -6.816        0.0015    0.0016    0.0018    0.0019
 -6.739        0.0016    0.0017    0.0020    0.0021
 -6.661        0.0017    0.0018    0.0021    0.0022
 -6.584        0.0019    0.0020    0.0023    0.0024
 -6.507        0.0020    0.0021    0.0024    0.0026
 -6.429        0.0022    0.0023    0.0026    0.0028
 -6.352        0.0024    0.0025    0.0028    0.0030
 -6.274        0.0026    0.0027    0.0030    0.0032
 -6.197        0.0028    0.0029    0.0032    0.0034
 -6.119        0.0030    0.0031    0.0034    0.0036
 -6.042        0.0032    0.0033    0.0037    0.0039
 -5.964        0.0034    0.0036    0.0039    0.0041
 -5.887        0.0037    0.0038    0.0042    0.0044
 -5.809        0.0039    0.0041    0.0045    0.0047
 -5.732        0.0042    0.0044    0.0048    0.0050
 -5.655        0.0045    0.0047    0.0051    0.0053
 -5.577        0.0048    0.0050    0.0054    0.0056
 -5.500        0.0052    0.0053    0.0058    0.0060
 -5.422        0.0055    0.0057    0.0061    0.0063
 -5.345        0.0059    0.0060    0.0065    0.0067
 -5.267        0.0062    0.0064    0.0069    0.0071
 -5.190        0.0066    0.0068    0.0073    0.0075
 -5.112        0.0071    0.0072    0.0077    0.0079
 -5.035        0.0075    0.0077    0.0081    0.0084
 -4.957        0.0080    0.0081    0.0086    0.0089
 -4.880        0.0084    0.0086    0.0091    0.0093
 -4.802        0.0089    0.0091    0.0096    0.0098
 -4.725        0.0095    0.0096    0.0101    0.0104
 -4.648        0.0100    0.0102    0.0106    0.0109
 -4.570        0.0106    0.0107    0.0112    0.0115
 -4.493        0.0111    0.0113    0.0118    0.0120
 -4.415        0.0118    0.0119    0.0124    0.0126
 -4.338        0.0124    0.0125    0.0130    0.0132
 -4.260        0.0130    0.0132    0.0136    0.0139
 -4.183        0.0137    0.0139    0.0143    0.0145
 -4.105        0.0144    0.0145    0.0149    0.0152
 -4.028        0.0151    0.0152    0.0156    0.0159
 -3.950        0.0158    0.0160    0.0163    0.0166
 -3.873        0.0166    0.0167    0.0170    0.0173
 -3.796        0.0174    0.0175    0.0178    0.0180
 -3.718        0.0182    0.0183    0.0185    0.0188
 -3.641        0.0190    0.0191    0.0193    0.0195
 -3.563        0.0198    0.0199    0.0201    0.0203
 -3.486        0.0206    0.0207    0.0209    0.0211
 -3.408        0.0215    0.0216    0.0217    0.0219
 -3.331        0.0224    0.0224    0.0225    0.0227
 -3.253        0.0233    0.0233    0.0234    0.0235
 -3.176        0.0242    0.0242    0.0242    0.0244
 -3.098        0.0251    0.0251    0.0251    0.0253
 -3.021        0.0260    0.0260    0.0260    0.0261
 -2.943        0.0270    0.0270    0.0269    0.0271
 -2.866        0.0279    0.0279    0.0279    0.0281
 -2.789        0.0289    0.0288    0.0290    0.0294
 -2.711        0.0298    0.0298    0.0304    0.0309
 -2.634        0.0308    0.0307    0.0321    0.0330
 -2.556        0.0318    0.0316    0.0342    0.0357
 -2.479        0.0327    0.0326    0.0370    0.0394
 -2.401        0.0337    0.0335    0.0406    0.0442
 -2.324        0.0347    0.0345    0.0450    0.0501
 -2.246        0.0356    0.0354    0.0501    0.0571
 -2.169        0.0366    0.0363    0.0558    0.0650
 -2.091        0.0375    0.0373    0.0619    0.0733
 -2.014        0.0384    0.0382    0.0682    0.0816
 -1.936        0.0393    0.0391    0.0744    0.0896
 -1.859        0.0402    0.0401    0.0804    0.0970
 -1.782        0.0411    0.0411    0.0863    0.1038
 -1.704        0.0420    0.0424    0.0921    0.1101
 -1.627        0.0428    0.0441    0.0980    0.1161
 -1.549        0.0436    0.0466    0.1042    0.1220
 -1.472        0.0444    0.0504    0.1108    0.1280
 -1.394        0.0453    0.0560    0.1179    0.1343
 -1.317        0.0462    0.0642    0.1257    0.1411
 -1.239        0.0474    0.0757    0.1341    0.1485
 -1.162        0.0491    0.0911    0.1434    0.1567
 -1.084        0.0522    0.1110    0.1539    0.1659
 -1.007        0.0578    0.1355    0.1662    0.1768
 -0.930        0.0680    0.1647    0.1808    0.1897
 -0.852        0.0856    0.1987    0.1987    0.2054
 -0.775        0.1145    0.2376    0.2208    0.2247
 -0.697        0.1592    0.2816    0.2479    0.2481
 -0.620        0.2235    0.3310    0.2806    0.2762
 -0.542        0.3100    0.3857    0.3189    0.3088
 -0.465        0.4179    0.4447    0.3620    0.3451
 -0.387        0.5424    0.5059    0.4079    0.3836
 -0.310        0.6741    0.5659    0.4537    0.4218
 -0.232        0.7997    0.6205    0.4957    0.4567
 -0.155        0.9045    0.6648    0.5300    0.4849
 -0.077        0.9745    0.6943    0.5530    0.5036
  0.000        1.0000    0.7059    0.5620    0.5107
  0.077        0.9772    0.6983    0.5562    0.5054
  0.155        0.9095    0.6726    0.5363    0.4884
  0.232        0.8063    0.6317    0.5048    0.4618
  0.310        0.6813    0.5799    0.4650    0.4285
  0.387        0.5494    0.5218    0.4211    0.3918
  0.465        0.4241    0.4618    0.3766    0.3546
  0.542        0.3151    0.4032    0.3346    0.3195
  0.620        0.2274    0.3482    0.2971    0.2882
  0.697        0.1619    0.2977    0.2651    0.2614
  0.775        0.1163    0.2522    0.2388    0.2393
  0.852        0.0867    0.2115    0.2175    0.2214
  0.930        0.0686    0.1754    0.2006    0.2070
  1.007        0.0582    0.1442    0.1869    0.1952
  1.084        0.0524    0.1177    0.1755    0.1854
  1.162        0.0492    0.0961    0.1655    0.1767
  1.239        0.0474    0.0791    0.1565    0.1687
  1.317        0.0462    0.0665    0.1479    0.1610
  1.394        0.0453    0.0575    0.1396    0.1534
  1.472        0.0445    0.0513    0.1314    0.1460
  1.549        0.0437    0.0473    0.1234    0.1384
  1.627        0.0429    0.0446    0.1154    0.1308
  1.704        0.0420    0.0428    0.1075    0.1229
  1.782        0.0412    0.0414    0.0995    0.1147
  1.859        0.0403    0.0403    0.0915    0.1060
  1.936        0.0394    0.0394    0.0834    0.0968
  2.014        0.0385    0.0384    0.0753    0.0872
  2.091        0.0375    0.0375    0.0674    0.0776
  2.169        0.0366    0.0366    0.0600    0.0682
  2.246        0.0357    0.0357    0.0532    0.0596
  2.324        0.0347    0.0347    0.0473    0.0520
  2.401        0.0337    0.0338    0.0424    0.0456
  2.479        0.0328    0.0329    0.0385    0.0406
  2.556        0.0318    0.0319    0.0355    0.0368
  2.634        0.0308    0.0310    0.0332    0.0339
  2.711        0.0299    0.0300    0.0315    0.0318
  2.789        0.0289    0.0291    0.0301    0.0302
  2.866        0.0280    0.0282    0.0289    0.0290
  2.943        0.0270    0.0272    0.0279    0.0279
  3.021        0.0261    0.0263    0.0270    0.0270
  3.098        0.0252    0.0254    0.0261    0.0261
  3.176        0.0242    0.0245    0.0252    0.0252
  3.253        0.0233    0.0236    0.0243    0.0244
  3.331        0.0224    0.0227    0.0235    0.0235
  3.408        0.0216    0.0218    0.0226    0.0227
  3.486        0.0207    0.0210    0.0218    0.0219
  3.563        0.0198    0.0201    0.0210    0.0211
  3.641        0.0190    0.0193    0.0202    0.0203
  3.718        0.0182    0.0185    0.0194    0.0195
  3.796        0.0174    0.0177    0.0186    0.0187
  3.873        0.0166    0.0169    0.0179    0.0180
  3.950        0.0159    0.0162    0.0171    0.0173
  4.028        0.0151    0.0155    0.0164    0.0165
  4.105        0.0144    0.0147    0.0157    0.0158
  4.183        0.0137    0.0141    0.0150    0.0152
  4.260        0.0131    0.0134    0.0143    0.0145
  4.338        0.0124    0.0127    0.0137    0.0138
  4.415        0.0118    0.0121    0.0131    0.0132
  4.493        0.0112    0.0115    0.0124    0.0126
  4.570        0.0106    0.0109    0.0118    0.0120
  4.648        0.0100    0.0103    0.0113    0.0114
  4.725        0.0095    0.0098    0.0107    0.0109
  4.802        0.0090    0.0093    0.0102    0.0103
  4.880        0.0085    0.0088    0.0097    0.0098
  4.957        0.0080    0.0083    0.0092    0.0093
  5.035        0.0075    0.0078    0.0087    0.0088
  5.112        0.0071    0.0074    0.0082    0.0084
  5.190        0.0067    0.0069    0.0078    0.0079
  5.267        0.0063    0.0065    0.0073    0.0075
  5.345        0.0059    0.0061    0.0069    0.0071
  5.422        0.0055    0.0058    0.0065    0.0067
  5.500        0.0052    0.0054    0.0062    0.0063
  5.577        0.0048    0.0051    0.0058    0.0059
  5.655        0.0045    0.0048    0.0055    0.0056
  5.732        0.0042    0.0044    0.0051    0.0053
  5.809        0.0040    0.0042    0.0048    0.0050
  5.887        0.0037    0.0039    0.0045    0.0047
  5.964        0.0034    0.0036    0.0042    0.0044
  6.042        0.0032    0.0034    0.0040    0.0041
  6.119        0.0030    0.0032    0.0037    0.0038
  6.197        0.0028    0.0029    0.0035    0.0036
  6.274        0.0026    0.0027    0.0033    0.0034
  6.352        0.0024    0.0025    0.0030    0.0032
  6.429        0.0022    0.0024    0.0028    0.0029
  6.507        0.0020    0.0022    0.0026    0.0027
  6.584        0.0019    0.0020    0.0025    0.0026
  6.661        0.0017    0.0019    0.0023    0.0024
  6.739        0.0016    0.0017    0.0021    0.0022
  6.816        0.0015    0.0016    0.0020    0.0021
  6.894        0.0014    0.0015    0.0018    0.0019
  6.971        0.0013    0.0014    0.0017    0.0018
  7.049        0.0012    0.0013    0.0016    0.0017
  7.126        0.0011    0.0012    0.0015    0.0015
  7.204        0.0010    0.0011    0.0014    0.0014
  7.281        0.0009    0.0010    0.0013    0.0013
  7.359        0.0008    0.0009    0.0012    0.0012
  7.436        0.0008    0.0008    0.0011    0.0011
  7.514        0.0007    0.0008    0.0010    0.0010
  7.591        0.0006    0.0007    0.0009    0.0010
  7.668        0.0006    0.0006    0.0008    0.0009
  7.746        0.0005    0.0006    0.0008    0.0008
  7.823        0.0005    0.0005    0.0007    0.0007
  7.901        0.0004    0.0005    0.0006    0.0007
  7.978        0.0004    0.0004    0.0006    0.0006
  8.056        0.0004    0.0004    0.0005    0.0006
  8.133        0.0003    0.0004    0.0005    0.0005
  8.211        0.0003    0.0003    0.0005    0.0005
  8.288        0.0003    0.0003    0.0004    0.0004
  8.366        0.0002    0.0003    0.0004    0.0004
  8.443        0.0002    0.0002    0.0003    0.0004
  8.521        0.0002    0.0002    0.0003    0.0003
  8.598        0.0002    0.0002    0.0003    0.0003
  8.675        0.0002    0.0002    0.0003    0.0003
  8.753        0.0001    0.0002    0.0002    0.0003
  8.830        0.0001    0.0002    0.0002    0.0002
  8.908        0.0001    0.0001    0.0002    0.0002
  8.985        0.0001    0.0001    0.0002    0.0002
  9.063        0.0001    0.0001    0.0002    0.0002
  9.140        0.0001    0.0001    0.0001    0.0002
  9.218        0.0001    0.0001    0.0001    0.0001
  9.295        0.0001    0.0001    0.0001    0.0001
  