STIS Model Line Spread Function vs Aperture at 240 nm
Rel pixel      52x0.1    52x0.2    52x0.5    52x2.0
-34.640        0.0000    0.0000    0.0000    0.0004
-34.514        0.0000    0.0000    0.0000    0.0005
-34.389        0.0000    0.0000    0.0000    0.0006
-34.263        0.0000    0.0000    0.0000    0.0007
-34.138        0.0000    0.0000    0.0000    0.0007
-34.012        0.0000    0.0000    0.0000    0.0008
-33.887        0.0000    0.0000    0.0000    0.0009
-33.761        0.0000    0.0000    0.0000    0.0009
-33.636        0.0000    0.0000    0.0000    0.0010
-33.510        0.0000    0.0000    0.0000    0.0010
-33.385        0.0000    0.0000    0.0000    0.0011
-33.259        0.0000    0.0000    0.0000    0.0011
-33.134        0.0000    0.0000    0.0000    0.0012
-33.008        0.0000    0.0000    0.0000    0.0012
-32.883        0.0000    0.0000    0.0000    0.0012
-32.757        0.0000    0.0000    0.0000    0.0012
-32.632        0.0000    0.0000    0.0000    0.0013
-32.506        0.0000    0.0000    0.0000    0.0013
-32.381        0.0000    0.0000    0.0000    0.0013
-32.255        0.0000    0.0000    0.0000    0.0013
-32.130        0.0000    0.0000    0.0000    0.0014
-32.004        0.0000    0.0000    0.0000    0.0014
-31.879        0.0000    0.0000    0.0000    0.0014
-31.753        0.0000    0.0000    0.0000    0.0015
-31.628        0.0000    0.0000    0.0000    0.0015
-31.502        0.0000    0.0000    0.0000    0.0015
-31.377        0.0000    0.0000    0.0000    0.0015
-31.251        0.0000    0.0000    0.0000    0.0016
-31.126        0.0000    0.0000    0.0000    0.0016
-31.000        0.0000    0.0000    0.0000    0.0016
-30.875        0.0000    0.0000    0.0000    0.0016
-30.749        0.0000    0.0000    0.0000    0.0016
-30.624        0.0000    0.0000    0.0000    0.0017
-30.498        0.0000    0.0000    0.0000    0.0017
-30.373        0.0000    0.0000    0.0000    0.0017
-30.247        0.0000    0.0000    0.0000    0.0017
-30.122        0.0000    0.0000    0.0000    0.0017
-29.996        0.0000    0.0000    0.0000    0.0017
-29.871        0.0000    0.0000    0.0000    0.0018
-29.745        0.0000    0.0000    0.0000    0.0018
-29.620        0.0000    0.0000    0.0000    0.0018
-29.494        0.0000    0.0000    0.0000    0.0018
-29.369        0.0000    0.0000    0.0000    0.0018
-29.243        0.0000    0.0000    0.0000    0.0019
-29.118        0.0000    0.0000    0.0000    0.0019
-28.992        0.0000    0.0000    0.0000    0.0019
-28.867        0.0000    0.0000    0.0000    0.0019
-28.741        0.0000    0.0000    0.0000    0.0019
-28.616        0.0000    0.0000    0.0000    0.0019
-28.490        0.0000    0.0000    0.0000    0.0019
-28.365        0.0000    0.0000    0.0000    0.0019
-28.239        0.0000    0.0000    0.0000    0.0019
-28.114        0.0000    0.0000    0.0000    0.0020
-27.988        0.0000    0.0000    0.0000    0.0020
-27.863        0.0000    0.0000    0.0000    0.0020
-27.737        0.0000    0.0000    0.0000    0.0020
-27.612        0.0000    0.0000    0.0000    0.0020
-27.486        0.0000    0.0000    0.0000    0.0020
-27.361        0.0000    0.0000    0.0000    0.0020
-27.235        0.0000    0.0000    0.0000    0.0021
-27.110        0.0000    0.0000    0.0000    0.0021
-26.984        0.0000    0.0000    0.0000    0.0021
-26.859        0.0000    0.0000    0.0000    0.0021
-26.733        0.0000    0.0000    0.0000    0.0021
-26.608        0.0000    0.0000    0.0000    0.0021
-26.482        0.0000    0.0000    0.0000    0.0021
-26.357        0.0000    0.0000    0.0000    0.0021
-26.231        0.0000    0.0000    0.0000    0.0022
-26.105        0.0000    0.0000    0.0000    0.0022
-25.980        0.0000    0.0000    0.0000    0.0022
-25.854        0.0000    0.0000    0.0000    0.0022
-25.729        0.0000    0.0000    0.0000    0.0022
-25.603        0.0000    0.0000    0.0000    0.0022
-25.478        0.0000    0.0000    0.0000    0.0022
-25.352        0.0000    0.0000    0.0000    0.0022
-25.227        0.0000    0.0000    0.0000    0.0023
-25.101        0.0000    0.0000    0.0000    0.0023
-24.976        0.0000    0.0000    0.0000    0.0023
-24.850        0.0000    0.0000    0.0000    0.0024
-24.725        0.0000    0.0000    0.0000    0.0024
-24.599        0.0000    0.0000    0.0000    0.0025
-24.474        0.0000    0.0000    0.0000    0.0025
-24.348        0.0000    0.0000    0.0000    0.0026
-24.223        0.0000    0.0000    0.0000    0.0026
-24.097        0.0000    0.0000    0.0000    0.0026
-23.972        0.0000    0.0000    0.0000    0.0027
-23.846        0.0000    0.0000    0.0000    0.0027
-23.721        0.0000    0.0000    0.0000    0.0028
-23.595        0.0000    0.0000    0.0000    0.0028
-23.470        0.0000    0.0000    0.0000    0.0028
-23.344        0.0000    0.0000    0.0000    0.0029
-23.219        0.0000    0.0000    0.0000    0.0029
-23.093        0.0000    0.0000    0.0000    0.0029
-22.968        0.0000    0.0000    0.0000    0.0029
-22.842        0.0000    0.0000    0.0000    0.0029
-22.717        0.0000    0.0000    0.0000    0.0030
-22.591        0.0000    0.0000    0.0000    0.0030
-22.466        0.0000    0.0000    0.0000    0.0030
-22.340        0.0000    0.0000    0.0000    0.0030
-22.215        0.0000    0.0000    0.0000    0.0030
-22.089        0.0000    0.0000    0.0000    0.0031
-21.964        0.0000    0.0000    0.0000    0.0031
-21.838        0.0000    0.0000    0.0000    0.0031
-21.713        0.0000    0.0000    0.0000    0.0031
-21.587        0.0000    0.0000    0.0000    0.0032
-21.462        0.0000    0.0000    0.0000    0.0032
-21.336        0.0000    0.0000    0.0000    0.0032
-21.211        0.0000    0.0000    0.0000    0.0032
-21.085        0.0000    0.0000    0.0000    0.0033
-20.960        0.0000    0.0000    0.0000    0.0033
-20.834        0.0000    0.0000    0.0000    0.0033
-20.709        0.0000    0.0000    0.0000    0.0034
-20.583        0.0000    0.0000    0.0000    0.0034
-20.458        0.0000    0.0000    0.0000    0.0035
-20.332        0.0000    0.0000    0.0000    0.0035
-20.207        0.0000    0.0000    0.0000    0.0036
-20.081        0.0000    0.0000    0.0000    0.0037
-19.956        0.0000    0.0000    0.0000    0.0037
-19.830        0.0000    0.0000    0.0000    0.0038
-19.705        0.0000    0.0000    0.0000    0.0039
-19.579        0.0000    0.0000    0.0000    0.0039
-19.454        0.0000    0.0000    0.0000    0.0040
-19.328        0.0000    0.0000    0.0000    0.0041
-19.203        0.0000    0.0000    0.0000    0.0041
-19.077        0.0000    0.0000    0.0000    0.0042
-18.952        0.0000    0.0000    0.0000    0.0042
-18.826        0.0000    0.0000    0.0000    0.0043
-18.701        0.0000    0.0000    0.0000    0.0043
-18.575        0.0000    0.0000    0.0000    0.0043
-18.450        0.0000    0.0000    0.0000    0.0043
-18.324        0.0000    0.0000    0.0000    0.0043
-18.199        0.0000    0.0000    0.0000    0.0044
-18.073        0.0000    0.0000    0.0000    0.0044
-17.948        0.0000    0.0000    0.0000    0.0044
-17.822        0.0000    0.0000    0.0000    0.0044
-17.697        0.0000    0.0000    0.0000    0.0044
-17.571        0.0000    0.0000    0.0000    0.0044
-17.446        0.0000    0.0000    0.0000    0.0045
-17.320        0.0000    0.0000    0.0000    0.0045
-17.194        0.0000    0.0000    0.0000    0.0045
-17.069        0.0000    0.0000    0.0000    0.0046
-16.943        0.0000    0.0000    0.0000    0.0046
-16.818        0.0000    0.0000    0.0000    0.0047
-16.692        0.0000    0.0000    0.0000    0.0047
-16.567        0.0000    0.0000    0.0000    0.0047
-16.441        0.0000    0.0000    0.0000    0.0048
-16.316        0.0000    0.0000    0.0000    0.0049
-16.190        0.0000    0.0000    0.0000    0.0049
-16.065        0.0000    0.0000    0.0000    0.0050
-15.939        0.0000    0.0000    0.0000    0.0050
-15.814        0.0000    0.0000    0.0000    0.0051
-15.688        0.0000    0.0000    0.0000    0.0051
-15.563        0.0000    0.0000    0.0000    0.0052
-15.437        0.0000    0.0000    0.0000    0.0053
-15.312        0.0000    0.0000    0.0000    0.0053
-15.186        0.0000    0.0000    0.0000    0.0054
-15.061        0.0000    0.0000    0.0000    0.0055
-14.935        0.0000    0.0000    0.0000    0.0055
-14.810        0.0000    0.0000    0.0000    0.0056
-14.684        0.0000    0.0000    0.0000    0.0057
-14.559        0.0000    0.0000    0.0000    0.0058
-14.433        0.0000    0.0000    0.0000    0.0058
-14.308        0.0000    0.0000    0.0000    0.0059
-14.182        0.0000    0.0000    0.0000    0.0060
-14.057        0.0000    0.0000    0.0000    0.0061
-13.931        0.0000    0.0000    0.0000    0.0062
-13.806        0.0000    0.0000    0.0000    0.0063
-13.680        0.0000    0.0000    0.0000    0.0063
-13.555        0.0000    0.0000    0.0000    0.0064
-13.429        0.0000    0.0000    0.0000    0.0065
-13.304        0.0000    0.0000    0.0001    0.0066
-13.178        0.0000    0.0000    0.0001    0.0066
-13.053        0.0000    0.0000    0.0001    0.0067
-12.927        0.0000    0.0000    0.0001    0.0068
-12.802        0.0000    0.0000    0.0001    0.0069
-12.676        0.0000    0.0000    0.0001    0.0070
-12.551        0.0000    0.0000    0.0001    0.0071
-12.425        0.0000    0.0000    0.0001    0.0073
-12.300        0.0000    0.0000    0.0001    0.0074
-12.174        0.0000    0.0000    0.0002    0.0076
-12.049        0.0000    0.0000    0.0002    0.0078
-11.923        0.0000    0.0000    0.0002    0.0080
-11.798        0.0000    0.0000    0.0002    0.0082
-11.672        0.0000    0.0000    0.0003    0.0085
-11.547        0.0000    0.0000    0.0003    0.0087
-11.421        0.0000    0.0000    0.0003    0.0089
-11.296        0.0000    0.0000    0.0004    0.0091
-11.170        0.0000    0.0000    0.0004    0.0093
-11.045        0.0000    0.0000    0.0004    0.0095
-10.919        0.0000    0.0000    0.0005    0.0098
-10.794        0.0000    0.0000    0.0005    0.0100
-10.668        0.0000    0.0000    0.0006    0.0102
-10.543        0.0000    0.0000    0.0006    0.0104
-10.417        0.0000    0.0000    0.0007    0.0105
-10.292        0.0000    0.0000    0.0008    0.0107
-10.166        0.0000    0.0000    0.0008    0.0109
-10.041        0.0000    0.0000    0.0010    0.0110
 -9.915        0.0000    0.0001    0.0011    0.0112
 -9.790        0.0000    0.0001    0.0013    0.0113
 -9.664        0.0000    0.0001    0.0015    0.0115
 -9.539        0.0001    0.0001    0.0019    0.0116
 -9.413        0.0001    0.0001    0.0024    0.0117
 -9.288        0.0001    0.0001    0.0029    0.0119
 -9.162        0.0001    0.0001    0.0037    0.0121
 -9.037        0.0001    0.0001    0.0046    0.0123
 -8.911        0.0001    0.0002    0.0057    0.0126
 -8.786        0.0001    0.0002    0.0069    0.0129
 -8.660        0.0001    0.0002    0.0081    0.0133
 -8.534        0.0002    0.0003    0.0095    0.0137
 -8.409        0.0002    0.0003    0.0109    0.0141
 -8.283        0.0002    0.0003    0.0122    0.0146
 -8.158        0.0002    0.0004    0.0134    0.0150
 -8.032        0.0003    0.0004    0.0145    0.0154
 -7.907        0.0003    0.0005    0.0155    0.0158
 -7.781        0.0004    0.0006    0.0163    0.0162
 -7.656        0.0004    0.0007    0.0170    0.0166
 -7.530        0.0005    0.0007    0.0176    0.0169
 -7.405        0.0006    0.0008    0.0181    0.0172
 -7.279        0.0006    0.0010    0.0186    0.0175
 -7.154        0.0007    0.0011    0.0190    0.0178
 -7.028        0.0008    0.0012    0.0194    0.0181
 -6.903        0.0010    0.0014    0.0198    0.0184
 -6.777        0.0011    0.0016    0.0202    0.0187
 -6.652        0.0013    0.0018    0.0206    0.0191
 -6.526        0.0014    0.0020    0.0211    0.0195
 -6.401        0.0017    0.0023    0.0215    0.0198
 -6.275        0.0019    0.0026    0.0220    0.0203
 -6.150        0.0021    0.0029    0.0225    0.0207
 -6.024        0.0024    0.0032    0.0231    0.0212
 -5.899        0.0028    0.0036    0.0237    0.0217
 -5.773        0.0031    0.0041    0.0244    0.0223
 -5.648        0.0036    0.0045    0.0252    0.0231
 -5.522        0.0040    0.0051    0.0261    0.0239
 -5.397        0.0045    0.0057    0.0273    0.0249
 -5.271        0.0051    0.0063    0.0286    0.0261
 -5.146        0.0057    0.0071    0.0301    0.0274
 -5.020        0.0064    0.0079    0.0317    0.0289
 -4.895        0.0072    0.0089    0.0336    0.0306
 -4.769        0.0081    0.0100    0.0356    0.0324
 -4.644        0.0090    0.0114    0.0377    0.0343
 -4.518        0.0100    0.0130    0.0399    0.0364
 -4.393        0.0111    0.0150    0.0423    0.0385
 -4.267        0.0122    0.0175    0.0447    0.0406
 -4.142        0.0135    0.0206    0.0471    0.0429
 -4.016        0.0149    0.0242    0.0496    0.0451
 -3.891        0.0163    0.0285    0.0522    0.0475
 -3.765        0.0179    0.0334    0.0548    0.0499
 -3.640        0.0196    0.0389    0.0576    0.0524
 -3.514        0.0214    0.0449    0.0604    0.0549
 -3.389        0.0234    0.0513    0.0634    0.0577
 -3.263        0.0257    0.0580    0.0666    0.0606
 -3.138        0.0282    0.0648    0.0700    0.0637
 -3.012        0.0313    0.0717    0.0738    0.0670
 -2.887        0.0350    0.0787    0.0779    0.0708
 -2.761        0.0397    0.0859    0.0825    0.0750
 -2.636        0.0458    0.0934    0.0878    0.0798
 -2.510        0.0536    0.1016    0.0940    0.0855
 -2.385        0.0638    0.1109    0.1015    0.0922
 -2.259        0.0768    0.1216    0.1104    0.1004
 -2.134        0.0934    0.1345    0.1214    0.1103
 -2.008        0.1143    0.1500    0.1350    0.1226
 -1.883        0.1400    0.1690    0.1516    0.1378
 -1.757        0.1713    0.1924    0.1722    0.1565
 -1.632        0.2088    0.2209    0.1975    0.1794
 -1.506        0.2533    0.2556    0.2282    0.2073
 -1.381        0.3052    0.2971    0.2650    0.2408
 -1.255        0.3649    0.3461    0.3085    0.2803
 -1.130        0.4324    0.4027    0.3587    0.3259
 -1.004        0.5070    0.4664    0.4152    0.3772
 -0.879        0.5872    0.5357    0.4767    0.4332
 -0.753        0.6704    0.6084    0.5412    0.4918
 -0.628        0.7530    0.6811    0.6058    0.5504
 -0.502        0.8307    0.7498    0.6668    0.6059
 -0.377        0.8986    0.8101    0.7203    0.6545
 -0.251        0.9519    0.8575    0.7624    0.6928
 -0.126        0.9866    0.8884    0.7899    0.7177
  0.000        1.0000    0.9004    0.8005    0.7274
  0.126        0.9911    0.8925    0.7935    0.7210
  0.251        0.9609    0.8656    0.7697    0.6994
  0.377        0.9120    0.8221    0.7310    0.6643
  0.502        0.8482    0.7655    0.6808    0.6186
  0.628        0.7742    0.7001    0.6228    0.5659
  0.753        0.6947    0.6302    0.5607    0.5095
  0.879        0.6139    0.5596    0.4980    0.4525
  1.004        0.5352    0.4915    0.4376    0.3977
  1.130        0.4610    0.4282    0.3815    0.3467
  1.255        0.3930    0.3711    0.3308    0.3006
  1.381        0.3317    0.3207    0.2862    0.2600
  1.506        0.2776    0.2772    0.2475    0.2249
  1.632        0.2303    0.2401    0.2147    0.1951
  1.757        0.1897    0.2089    0.1871    0.1700
  1.883        0.1552    0.1829    0.1643    0.1493
  2.008        0.1265    0.1616    0.1456    0.1323
  2.134        0.1030    0.1442    0.1305    0.1186
  2.259        0.0841    0.1300    0.1183    0.1075
  2.385        0.0692    0.1183    0.1087    0.0988
  2.510        0.0576    0.1086    0.1011    0.0919
  2.636        0.0487    0.1002    0.0950    0.0863
  2.761        0.0419    0.0927    0.0900    0.0818
  2.887        0.0367    0.0856    0.0859    0.0781
  3.012        0.0326    0.0786    0.0823    0.0748
  3.138        0.0294    0.0716    0.0790    0.0718
  3.263        0.0266    0.0644    0.0760    0.0691
  3.389        0.0243    0.0573    0.0730    0.0663
  3.514        0.0222    0.0502    0.0700    0.0637
  3.640        0.0203    0.0435    0.0671    0.0610
  3.765        0.0186    0.0373    0.0642    0.0583
  3.891        0.0169    0.0317    0.0612    0.0556
  4.016        0.0154    0.0268    0.0582    0.0529
  4.142        0.0140    0.0226    0.0552    0.0503
  4.267        0.0127    0.0191    0.0523    0.0476
  4.393        0.0115    0.0163    0.0495    0.0450
  4.518        0.0104    0.0140    0.0467    0.0426
  4.644        0.0094    0.0122    0.0442    0.0402
  4.769        0.0084    0.0107    0.0418    0.0381
  4.895        0.0076    0.0095    0.0396    0.0361
  5.020        0.0068    0.0084    0.0376    0.0343
  5.146        0.0060    0.0075    0.0357    0.0326
  5.271        0.0054    0.0067    0.0340    0.0311
  5.397        0.0048    0.0061    0.0325    0.0297
  5.522        0.0042    0.0054    0.0310    0.0283
  5.648        0.0038    0.0049    0.0296    0.0271
  5.773        0.0033    0.0044    0.0282    0.0259
  5.899        0.0029    0.0039    0.0269    0.0247
  6.024        0.0026    0.0035    0.0257    0.0236
  6.150        0.0023    0.0031    0.0246    0.0226
  6.275        0.0020    0.0028    0.0235    0.0217
  6.401        0.0018    0.0025    0.0226    0.0209
  6.526        0.0015    0.0022    0.0217    0.0202
  6.652        0.0013    0.0019    0.0210    0.0195
  6.777        0.0012    0.0017    0.0205    0.0191
  6.903        0.0010    0.0015    0.0200    0.0187
  7.028        0.0009    0.0013    0.0196    0.0184
  7.154        0.0008    0.0012    0.0192    0.0181
  7.279        0.0007    0.0010    0.0189    0.0179
  7.405        0.0006    0.0009    0.0186    0.0178
  7.530        0.0005    0.0008    0.0182    0.0176
  7.656        0.0004    0.0007    0.0177    0.0175
  7.781        0.0004    0.0006    0.0171    0.0174
  7.907        0.0003    0.0005    0.0164    0.0172
  8.032        0.0003    0.0005    0.0155    0.0171
  8.158        0.0003    0.0004    0.0145    0.0169
  8.283        0.0002    0.0004    0.0132    0.0167
  8.409        0.0002    0.0003    0.0119    0.0166
  8.534        0.0002    0.0003    0.0105    0.0164
  8.660        0.0001    0.0002    0.0091    0.0162
  8.786        0.0001    0.0002    0.0077    0.0160
  8.911        0.0001    0.0002    0.0064    0.0158
  9.037        0.0001    0.0002    0.0052    0.0155
  9.162        0.0001    0.0001    0.0042    0.0153
  9.288        0.0001    0.0001    0.0033    0.0150
  9.413        0.0001    0.0001    0.0027    0.0147
  9.539        0.0001    0.0001    0.0021    0.0143
  9.664        0.0000    0.0001    0.0017    0.0140
  9.790        0.0000    0.0001    0.0014    0.0136
  9.915        0.0000    0.0001    0.0012    0.0131
 10.041        0.0000    0.0001    0.0010    0.0127
 10.166        0.0000    0.0000    0.0009    0.0123
 10.292        0.0000    0.0000    0.0008    0.0118
 10.417        0.0000    0.0000    0.0007    0.0113
 10.543        0.0000    0.0000    0.0007    0.0109
 10.668        0.0000    0.0000    0.0006    0.0105
 10.794        0.0000    0.0000    0.0006    0.0100
 10.919        0.0000    0.0000    0.0005    0.0097
 11.045        0.0000    0.0000    0.0005    0.0093
 11.170        0.0000    0.0000    0.0004    0.0090
 11.296        0.0000    0.0000    0.0004    0.0087
 11.421        0.0000    0.0000    0.0003    0.0085
 11.547        0.0000    0.0000    0.0003    0.0083
 11.672        0.0000    0.0000    0.0003    0.0081
 11.798        0.0000    0.0000    0.0003    0.0079
 11.923        0.0000    0.0000    0.0002    0.0078
 12.049        0.0000    0.0000    0.0002    0.0077
 12.174        0.0000    0.0000    0.0002    0.0075
 12.300        0.0000    0.0000    0.0002    0.0074
 12.425        0.0000    0.0000    0.0001    0.0073
 12.551        0.0000    0.0000    0.0001    0.0073
 12.676        0.0000    0.0000    0.0001    0.0072
 12.802        0.0000    0.0000    0.0001    0.0071
 12.927        0.0000    0.0000    0.0001    0.0071
 13.053        0.0000    0.0000    0.0001    0.0070
 13.178        0.0000    0.0000    0.0001    0.0070
 13.304        0.0000    0.0000    0.0001    0.0069
 13.429        0.0000    0.0000    0.0001    0.0068
 13.555        0.0000    0.0000    0.0000    0.0068
 13.680        0.0000    0.0000    0.0000    0.0067
 13.806        0.0000    0.0000    0.0000    0.0066
 13.931        0.0000    0.0000    0.0000    0.0065
 14.057        0.0000    0.0000    0.0000    0.0064
 14.182        0.0000    0.0000    0.0000    0.0063
 14.308        0.0000    0.0000    0.0000    0.0062
 14.433        0.0000    0.0000    0.0000    0.0060
 14.559        0.0000    0.0000    0.0000    0.0059
 14.684        0.0000    0.0000    0.0000    0.0058
 14.810        0.0000    0.0000    0.0000    0.0057
 14.935        0.0000    0.0000    0.0000    0.0057
 15.061        0.0000    0.0000    0.0000    0.0056
 15.186        0.0000    0.0000    0.0000    0.0055
 15.312        0.0000    0.0000    0.0000    0.0055
 15.437        0.0000    0.0000    0.0000    0.0054
 15.563        0.0000    0.0000    0.0000    0.0053
 15.688        0.0000    0.0000    0.0000    0.0053
 15.814        0.0000    0.0000    0.0000    0.0052
 15.939        0.0000    0.0000    0.0000    0.0051
 16.065        0.0000    0.0000    0.0000    0.0050
 16.190        0.0000    0.0000    0.0000    0.0050
 16.316        0.0000    0.0000    0.0000    0.0049
 16.441        0.0000    0.0000    0.0000    0.0048
 16.567        0.0000    0.0000    0.0000    0.0048
 16.692        0.0000    0.0000    0.0000    0.0047
 16.818        0.0000    0.0000    0.0000    0.0047
 16.943        0.0000    0.0000    0.0000    0.0046
 17.069        0.0000    0.0000    0.0000    0.0046
 17.194        0.0000    0.0000    0.0000    0.0045
 17.320        0.0000    0.0000    0.0000    0.0045
 17.446        0.0000    0.0000    0.0000    0.0044
 17.571        0.0000    0.0000    0.0000    0.0044
 17.697        0.0000    0.0000    0.0000    0.0044
 17.822        0.0000    0.0000    0.0000    0.0043
 17.948        0.0000    0.0000    0.0000    0.0043
 18.073        0.0000    0.0000    0.0000    0.0042
 18.199        0.0000    0.0000    0.0000    0.0042
 18.324        0.0000    0.0000    0.0000    0.0042
 18.450        0.0000    0.0000    0.0000    0.0041
 18.575        0.0000    0.0000    0.0000    0.0041
 18.701        0.0000    0.0000    0.0000    0.0040
 18.826        0.0000    0.0000    0.0000    0.0040
 18.952        0.0000    0.0000    0.0000    0.0039
 19.077        0.0000    0.0000    0.0000    0.0039
 19.203        0.0000    0.0000    0.0000    0.0039
 19.328        0.0000    0.0000    0.0000    0.0038
 19.454        0.0000    0.0000    0.0000    0.0038
 19.579        0.0000    0.0000    0.0000    0.0038
 19.705        0.0000    0.0000    0.0000    0.0038
 19.830        0.0000    0.0000    0.0000    0.0038
 19.956        0.0000    0.0000    0.0000    0.0038
 20.081        0.0000    0.0000    0.0000    0.0037
 20.207        0.0000    0.0000    0.0000    0.0037
 20.332        0.0000    0.0000    0.0000    0.0037
 20.458        0.0000    0.0000    0.0000    0.0036
 20.583        0.0000    0.0000    0.0000    0.0036
 20.709        0.0000    0.0000    0.0000    0.0036
 20.834        0.0000    0.0000    0.0000    0.0035
 20.960        0.0000    0.0000    0.0000    0.0035
 21.085        0.0000    0.0000    0.0000    0.0034
 21.211        0.0000    0.0000    0.0000    0.0034
 21.336        0.0000    0.0000    0.0000    0.0033
 21.462        0.0000    0.0000    0.0000    0.0033
 21.587        0.0000    0.0000    0.0000    0.0032
 21.713        0.0000    0.0000    0.0000    0.0032
 21.838        0.0000    0.0000    0.0000    0.0031
 21.964        0.0000    0.0000    0.0000    0.0031
 22.089        0.0000    0.0000    0.0000    0.0031
 22.215        0.0000    0.0000    0.0000    0.0031
 22.340        0.0000    0.0000    0.0000    0.0030
 22.466        0.0000    0.0000    0.0000    0.0030
 22.591        0.0000    0.0000    0.0000    0.0030
 22.717        0.0000    0.0000    0.0000    0.0030
 22.842        0.0000    0.0000    0.0000    0.0029
 22.968        0.0000    0.0000    0.0000    0.0029
 23.093        0.0000    0.0000    0.0000    0.0029
 23.219        0.0000    0.0000    0.0000    0.0029
 23.344        0.0000    0.0000    0.0000    0.0028
 23.470        0.0000    0.0000    0.0000    0.0028
 23.595        0.0000    0.0000    0.0000    0.0028
 23.721        0.0000    0.0000    0.0000    0.0028
 23.846        0.0000    0.0000    0.0000    0.0027
 23.972        0.0000    0.0000    0.0000    0.0027
 24.097        0.0000    0.0000    0.0000    0.0027
 24.223        0.0000    0.0000    0.0000    0.0026
 24.348        0.0000    0.0000    0.0000    0.0026
 24.474        0.0000    0.0000    0.0000    0.0026
 24.599        0.0000    0.0000    0.0000    0.0026
 24.725        0.0000    0.0000    0.0000    0.0025
 24.850        0.0000    0.0000    0.0000    0.0025
 24.976        0.0000    0.0000    0.0000    0.0025
 25.101        0.0000    0.0000    0.0000    0.0024
 25.227        0.0000    0.0000    0.0000    0.0024
 25.352        0.0000    0.0000    0.0000    0.0024
 25.478        0.0000    0.0000    0.0000    0.0024
 25.603        0.0000    0.0000    0.0000    0.0023
 25.729        0.0000    0.0000    0.0000    0.0023
 25.854        0.0000    0.0000    0.0000    0.0023
 25.980        0.0000    0.0000    0.0000    0.0022
 26.105        0.0000    0.0000    0.0000    0.0022
 26.231        0.0000    0.0000    0.0000    0.0022
 26.357        0.0000    0.0000    0.0000    0.0022
 26.482        0.0000    0.0000    0.0000    0.0022
 26.608        0.0000    0.0000    0.0000    0.0021
 26.733        0.0000    0.0000    0.0000    0.0021
 26.859        0.0000    0.0000    0.0000    0.0021
 26.984        0.0000    0.0000    0.0000    0.0020
 27.110        0.0000    0.0000    0.0000    0.0020
 27.235        0.0000    0.0000    0.0000    0.0020
 27.361        0.0000    0.0000    0.0000    0.0019
 27.486        0.0000    0.0000    0.0000    0.0019
 27.612        0.0000    0.0000    0.0000    0.0019
 27.737        0.0000    0.0000    0.0000    0.0018
 27.863        0.0000    0.0000    0.0000    0.0018
 27.988        0.0000    0.0000    0.0000    0.0018
 28.114        0.0000    0.0000    0.0000    0.0018
 28.239        0.0000    0.0000    0.0000    0.0018
 28.365        0.0000    0.0000    0.0000    0.0018
 28.490        0.0000    0.0000    0.0000    0.0018
 28.616        0.0000    0.0000    0.0000    0.0018
 28.741        0.0000    0.0000    0.0000    0.0018
 28.867        0.0000    0.0000    0.0000    0.0018
 28.992        0.0000    0.0000    0.0000    0.0018
 29.118        0.0000    0.0000    0.0000    0.0018
 29.243        0.0000    0.0000    0.0000    0.0017
 29.369        0.0000    0.0000    0.0000    0.0017
 29.494        0.0000    0.0000    0.0000    0.0017
 29.620        0.0000    0.0000    0.0000    0.0017
 29.745        0.0000    0.0000    0.0000    0.0017
 29.871        0.0000    0.0000    0.0000    0.0017
 29.996        0.0000    0.0000    0.0000    0.0016
 30.122        0.0000    0.0000    0.0000    0.0016
 30.247        0.0000    0.0000    0.0000    0.0016
 30.373        0.0000    0.0000    0.0000    0.0016
 30.498        0.0000    0.0000    0.0000    0.0015
 30.624        0.0000    0.0000    0.0000    0.0015
 30.749        0.0000    0.0000    0.0000    0.0015
 30.875        0.0000    0.0000    0.0000    0.0014
 31.000        0.0000    0.0000    0.0000    0.0014
 31.126        0.0000    0.0000    0.0000    0.0014
 31.251        0.0000    0.0000    0.0000    0.0014
 31.377        0.0000    0.0000    0.0000    0.0013
 31.502        0.0000    0.0000    0.0000    0.0013
 31.628        0.0000    0.0000    0.0000    0.0013
 31.753        0.0000    0.0000    0.0000    0.0013
 31.879        0.0000    0.0000    0.0000    0.0013
 32.004        0.0000    0.0000    0.0000    0.0012
 32.130        0.0000    0.0000    0.0000    0.0012
 32.255        0.0000    0.0000    0.0000    0.0012
 32.381        0.0000    0.0000    0.0000    0.0012
 32.506        0.0000    0.0000    0.0000    0.0012
 32.632        0.0000    0.0000    0.0000    0.0011
 32.757        0.0000    0.0000    0.0000    0.0011
 32.883        0.0000    0.0000    0.0000    0.0011
 33.008        0.0000    0.0000    0.0000    0.0011
 33.134        0.0000    0.0000    0.0000    0.0010
 33.259        0.0000    0.0000    0.0000    0.0010
 33.385        0.0000    0.0000    0.0000    0.0010
 33.510        0.0000    0.0000    0.0000    0.0010
 33.636        0.0000    0.0000    0.0000    0.0009
 33.761        0.0000    0.0000    0.0000    0.0009
 33.887        0.0000    0.0000    0.0000    0.0008
 34.012        0.0000    0.0000    0.0000    0.0008
 34.138        0.0000    0.0000    0.0000    0.0007
 34.263        0.0000    0.0000    0.0000    0.0006
 34.389        0.0000    0.0000    0.0000    0.0006
 34.514        0.0000    0.0000    0.0000    0.0005
 34.640        0.0000    0.0000    0.0000    0.0004
 