|     wrest |       name | fISM | fSI | fHI | fH2 | fCO | fEUV | fgE | fgA | fAGN |
|    401.14 |   NeVI 401 |    1 |   1 |   0 |   0 |   0 |    0 |   0 |   0 |    0 |
|  405.8538 |   NeII 405 |    1 |   1 |   0 |   0 |   0 |    0 |   0 |   0 |    0 |
|   418.598 |    OII 418 |    1 |   1 |   0 |   0 |   0 |    0 |   0 |   0 |    0 |
|   429.918 |    OII 429 |    1 |   1 |   0 |   0 |   0 |    0 |   0 |   0 |    0 |
|   430.041 |   OII 430a |    1 |   1 |   0 |   0 |   0 |    0 |   0 |   0 |    0 |
|   430.177 |   OII 430b |    1 |   1 |   0 |   0 |   0 |    0 |   0 |   0 |    0 |
|   433.176 |   NeVI 433 |    1 |   1 |   0 |   0 |   0 |    0 |   0 |   0 |    0 |
|  446.2556 |   NeII 446 |    1 |   1 |   0 |   0 |   0 |    0 |   0 |   0 |    0 |
|   465.221 |  NeVII 465 |    1 |   1 |   0 |   0 |   0 |    0 |   0 |   0 |    0 |
|  475.6481 |    NII 475 |    1 |   1 |   0 |   0 |   0 |    0 |   0 |   0 |    0 |
|   489.505 |  NeIII 489 |    1 |   1 |   0 |   0 |   0 |    0 |   0 |   0 |    0 |
|   507.391 |   OIII 507 |    1 |   1 |   0 |   0 |   0 |    0 |   0 |   0 |    0 |
|  507.7178 |    HeI 507 |    1 |   1 |   0 |   0 |   0 |    0 |   0 |   0 |    0 |
|  508.6431 |    HeI 508 |    1 |   1 |   0 |   0 |   0 |    0 |   0 |   0 |    0 |
|  509.9979 |    HeI 509 |    1 |   1 |   0 |   0 |   0 |    0 |   0 |   0 |    0 |
|  515.6165 |    HeI 515 |    1 |   1 |   0 |   0 |   0 |    0 |   0 |   0 |    0 |
|  522.2128 |    HeI 522 |    1 |   1 |   0 |   0 |   0 |    0 |   0 |   0 |    0 |
|  533.5099 |    NII 533 |    1 |   1 |   0 |   0 |   0 |    0 |   0 |   0 |    0 |
|  537.0296 |    HeI 537 |    1 |   1 |   0 |   0 |   0 |    0 |   0 |   0 |    0 |
|  539.0855 |   OII 539a |    1 |   1 |   0 |   0 |   0 |    0 |   0 |   0 |    0 |
|  539.5489 |   OII 539b |    1 |   1 |   0 |   0 |   0 |    0 |   0 |   0 |    0 |
|   542.073 |   NeIV 542 |    1 |   1 |   0 |   0 |   0 |    0 |   0 |   0 |    0 |
|   543.257 |    CII 543 |    1 |   1 |   0 |   0 |   0 |    0 |   0 |   0 |    0 |
|   543.891 |   NeIV 543 |    1 |   1 |   0 |   0 |   0 |    0 |   0 |   0 |    0 |
|    553.33 |    OIV 553 |    1 |   1 |   0 |   0 |   0 |    0 |   0 |   0 |    0 |
|   554.075 |    OIV 554 |    1 |   1 |   0 |   0 |   0 |    0 |   0 |   0 |    0 |
|  560.2394 |    CII 560 |    1 |   0 |   0 |   0 |   0 |    0 |   0 |   0 |    0 |
|    568.42 |    NeV 568 |    1 |   0 |   0 |   0 |   0 |    0 |   0 |   0 |    0 |
|   584.334 |    HeI 584 |    1 |   1 |   0 |   0 |   0 |    0 |   0 |   0 |    0 |
|    585.75 |  ArVII 585 |    1 |   0 |   0 |   0 |   0 |    0 |   0 |   0 |    0 |
|     594.8 |    CII 594 |    1 |   0 |   0 |   0 |   0 |    0 |   0 |   0 |    0 |
|   608.398 |    OIV 608 |    1 |   1 |   0 |   0 |   0 |    0 |   0 |   0 |    0 |
|    609.79 |    MgX 609 |    1 |   1 |   0 |   0 |   0 |    0 |   0 |   0 |    0 |
|    624.95 |    MgX 624 |    1 |   1 |   0 |   0 |   0 |    0 |   0 |   0 |    0 |
|    629.73 |     OV 629 |    1 |   1 |   0 |   0 |   0 |    0 |   0 |   0 |    0 |
|   640.902 |    SII 640 |    1 |   0 |   0 |   0 |   0 |    0 |   0 |   0 |    0 |
|   641.767 |    SII 641 |    1 |   0 |   0 |   0 |   0 |    0 |   0 |   0 |    0 |
|  644.6337 |    NII 644 |    1 |   1 |   0 |   0 |   0 |    0 |   0 |   0 |    0 |
|    657.34 |    SIV 657 |    1 |   1 |   0 |   0 |   0 |    0 |   0 |   0 |    0 |
|   677.746 |   SIII 677 |    1 |   1 |   0 |   0 |   0 |    0 |   0 |   0 |    0 |
|    681.47 |   SIII 681 |    1 |   0 |   0 |   0 |   0 |    0 |   0 |   0 |    0 |
|   684.996 |   NIII 684 |    1 |   1 |   0 |   0 |   0 |    0 |   0 |   0 |    0 |
|   685.513 |   NIII 685 |    1 |   1 |   0 |   0 |   0 |    0 |   0 |   0 |    0 |
|  687.0526 |    CII 687 |    1 |   1 |   0 |   0 |   0 |    0 |   0 |   0 |    0 |
|   698.731 |   SIII 698 |    1 |   1 |   0 |   0 |   0 |    0 |   0 |   0 |    0 |
|   702.332 |   OIII 702 |    1 |   1 |   0 |   0 |   0 |    0 |   0 |   0 |    0 |
|   724.289 |   SIII 724 |    1 |   1 |   0 |   0 |   0 |    0 |   0 |   0 |    0 |
|   744.907 |    SIV 744 |    1 |   1 |   0 |   0 |   0 |    0 |   0 |   0 |    0 |
|     748.4 |    SIV 748 |    1 |   1 |   0 |   0 |   0 |    0 |   0 |   0 |    0 |
|    763.34 |   NIII 763 |    1 |   1 |   0 |   0 |   0 |    0 |   0 |   0 |    0 |
|   763.657 |    SII 763 |    1 |   1 |   0 |   0 |   0 |    0 |   0 |   0 |    0 |
|    764.42 |    SII 764 |    1 |   1 |   0 |   0 |   0 |    0 |   0 |   0 |    0 |
|   765.148 |    NIV 765 |    1 |   1 |   0 |   0 |   0 |    0 |   0 |   0 |    0 |
|   765.693 |    SII 765 |    1 |   1 |   0 |   0 |   0 |    0 |   0 |   0 |    0 |
|   770.409 | NeVIII 770 |    1 |   1 |   0 |   0 |   0 |    0 |   0 |   0 |    0 |
|   780.324 | NeVIII 780 |    1 |   1 |   0 |   0 |   0 |    0 |   0 |   0 |    0 |
|    786.48 |     SV 786 |    1 |   1 |   0 |   0 |   0 |    0 |   0 |   0 |    0 |
|   787.711 |    OIV 787 |    1 |   1 |   0 |   0 |   0 |    0 |   0 |   0 |    0 |
|  791.9732 |     OI 791 |    1 |   0 |   0 |   0 |   0 |    0 |   0 |   0 |    0 |
|   809.668 |    SIV 809 |    1 |   1 |   0 |   0 |   0 |    0 |   0 |   0 |    0 |
|  832.7572 |    OII 832 |    1 |   1 |   0 |   0 |   0 |    0 |   0 |   0 |    0 |
|   832.927 |   OIII 832 |    1 |   1 |   0 |   0 |   0 |    0 |   0 |   0 |    0 |
|  833.3294 |    OII 833 |    1 |   1 |   0 |   0 |   0 |    0 |   0 |   0 |    0 |
|  834.4655 |    OII 834 |    1 |   1 |   0 |   0 |   0 |    0 |   0 |   0 |    0 |
|   844.288 |  FeIII 844 |    1 |   1 |   0 |   0 |   0 |    0 |   0 |   0 |    0 |
|  858.0918 |    CII 858 |    1 |   1 |   0 |   0 |   0 |    0 |   0 |   0 |    0 |
|   859.723 |  FeIII 859 |    1 |   1 |   0 |   0 |   0 |    0 |   0 |   0 |    0 |
|  877.7983 |    OI 877a |    1 |   1 |   0 |   0 |   0 |    0 |   0 |   0 |    0 |
|  877.8787 |    OI 877b |    1 |   1 |   0 |   0 |   0 |    0 |   0 |   0 |    0 |
|   883.125 |    CIV 883 |    1 |   0 |   0 |   0 |   0 |    0 |   0 |   0 |    0 |
|  889.7228 |   SiII 889 |    1 |   1 |   0 |   0 |   0 |    0 |   0 |   0 |    0 |
|  903.6235 |   CII 903a |    1 |   1 |   0 |   0 |   0 |    0 |   0 |   0 |    0 |
|  903.9616 |   CII 903b |    1 |   1 |   0 |   0 |   0 |    0 |   0 |   0 |    0 |
|   906.885 |    SII 906 |    1 |   1 |   0 |   0 |   0 |    0 |   0 |   0 |    0 |
|   912.645 |    HI 912c |    1 |   1 |   1 |   0 |   0 |    0 |   0 |   0 |    0 |
|  912.7032 |    HI 912d |    1 |   1 |   1 |   0 |   0 |    0 |   0 |   0 |    0 |
|  912.7676 |    HI 912e |    1 |   1 |   1 |   0 |   0 |    0 |   0 |   0 |    0 |
|  912.8389 |    HI 912f |    1 |   1 |   1 |   0 |   0 |    0 |   0 |   0 |    0 |
|  912.9179 |    HI 912g |    1 |   1 |   1 |   0 |   0 |    0 |   0 |   0 |    0 |
|  913.0059 |    HI 913a |    1 |   1 |   1 |   0 |   0 |    0 |   0 |   0 |    0 |
|  913.1042 |    HI 913b |    1 |   1 |   1 |   0 |   0 |    0 |   0 |   0 |    0 |
|  913.2146 |    HI 913c |    1 |   1 |   1 |   0 |   0 |    0 |   0 |   0 |    0 |
|  913.3391 |    HI 913d |    1 |   1 |   1 |   0 |   0 |    0 |   0 |   0 |    0 |
|  913.4803 |    HI 913e |    1 |   1 |   1 |   0 |   0 |    0 |   0 |   0 |    0 |
|  913.6411 |    HI 913f |    1 |   1 |   1 |   0 |   0 |    0 |   0 |   0 |    0 |
|  913.8256 |    HI 913g |    1 |   1 |   1 |   0 |   0 |    0 |   0 |   0 |    0 |
|  913.9683 |   PIII 913 |    1 |   1 |   0 |   0 |   0 |    0 |   0 |   0 |    0 |
|  914.0385 |    HI 914a |    1 |   1 |   1 |   0 |   0 |    0 |   0 |   0 |    0 |
|  914.2861 |    HI 914b |    1 |   1 |   1 |   0 |   0 |    0 |   0 |   0 |    0 |
|  914.5762 |    HI 914c |    1 |   1 |   1 |   0 |   0 |    0 |   0 |   0 |    0 |
|  914.9192 |    HI 914d |    1 |   1 |   1 |   0 |   0 |    0 |   0 |   0 |    0 |
|    915.08 |    DI 915a |    1 |   0 |   0 |   0 |   0 |    0 |   0 |   0 |    0 |
|  915.3289 |    HI 915a |    1 |   1 |   1 |   0 |   0 |    0 |   0 |   0 |    0 |
|  915.6131 |    NII 915 |    1 |   1 |   0 |   0 |   0 |    0 |   0 |   0 |    0 |
|   915.575 |    DI 915b |    1 |   0 |   0 |   0 |   0 |    0 |   0 |   0 |    0 |
|  915.8238 |    HI 915b |    1 |   1 |   1 |   0 |   0 |    0 |   0 |   0 |    0 |
|   916.179 |     DI 916 |    1 |   0 |   0 |   0 |   0 |    0 |   0 |   0 |    0 |
|  916.4291 |     HI 916 |    1 |   1 |   1 |   0 |   0 |    0 |   0 |   0 |    0 |
|  917.1178 |   PIII 917 |    1 |   1 |   0 |   0 |   0 |    0 |   0 |   0 |    0 |
|   916.931 |     DI 917 |    1 |   0 |   0 |   0 |   0 |    0 |   0 |   0 |    0 |
|  917.1805 |     HI 917 |    1 |   1 |   1 |   0 |   0 |    0 |   0 |   0 |    0 |
|   917.879 |     DI 918 |    1 |   0 |   0 |   0 |   0 |    0 |   0 |   0 |    0 |
|  918.1293 |     HI 918 |    1 |   1 |   1 |   0 |   0 |    0 |   0 |   0 |    0 |
|   919.102 |     DI 919 |    1 |   0 |   0 |   0 |   0 |    0 |   0 |   0 |    0 |
|  919.3513 |     HI 919 |    1 |   1 |   1 |   0 |   0 |    0 |   0 |   0 |    0 |
|   920.712 |     DI 920 |    1 |   0 |   0 |   0 |   0 |    0 |   0 |   0 |    0 |
|  920.9630 |     HI 920 |    1 |   1 |   1 |   0 |   0 |    0 |   0 |   0 |    0 |
|   921.857 |     OI 921 |    1 |   0 |   0 |   0 |   0 |    0 |   0 |   0 |    0 |
|   922.200 |     OI 922 |    1 |   0 |   0 |   0 |   0 |    0 |   0 |   0 |    0 |
|   922.899 |     DI 923 |    1 |   0 |   0 |   0 |   0 |    0 |   0 |   0 |    0 |
|  923.1503 |     HI 923 |    1 |   1 |   1 |   0 |   0 |    0 |   0 |   0 |    0 |
|   924.950 |     OI 924 |    1 |   0 |   0 |   0 |   0 |    0 |   0 |   0 |    0 |
|   925.442 |     OI 925 |    1 |   0 |   0 |   0 |   0 |    0 |   0 |   0 |    0 |
|  925.9737 |     DI 926 |    1 |   0 |   0 |   0 |   0 |    0 |   0 |   0 |    0 |
|  926.2256 |     HI 926 |    1 |   1 |   1 |   0 |   0 |    0 |   0 |   0 |    0 |
|  929.5168 |     OI 929 |    1 |   0 |   0 |   0 |   0 |    0 |   0 |   0 |    0 |
|  930.2566 |     OI 930 |    1 |   0 |   0 |   0 |   0 |    0 |   0 |   0 |    0 |
|  930.4951 |     DI 930 |    1 |   0 |   0 |   0 |   0 |    0 |   0 |   0 |    0 |
|  930.7482 |     HI 930 |    1 |   1 |   1 |   0 |   0 |    0 |   0 |   0 |    0 |
|   933.378 |    SVI 933 |    1 |   1 |   0 |   0 |   0 |    0 |   0 |   0 |    0 |
|  936.6295 |     OI 936 |    1 |   0 |   0 |   0 |   0 |    0 |   0 |   0 |    0 |
|  937.5484 |     DI 937 |    1 |   0 |   0 |   0 |   0 |    0 |   0 |   0 |    0 |
|  937.8034 |     HI 937 |    1 |   1 |   1 |   0 |   0 |    0 |   0 |   0 |    0 |
|   944.523 |    SVI 944 |    1 |   1 |   0 |   0 |   0 |    0 |   0 |   0 |    0 |
|   945.191 |     CI 945 |    1 |   0 |   0 |   0 |   0 |    0 |   0 |   0 |    0 |
|   945.338 |    CI* 945 |    1 |   0 |   0 |   0 |   0 |    0 |   0 |   0 |    0 |
|   945.579 |   CI** 945 |    1 |   0 |   0 |   0 |   0 |    0 |   0 |   0 |    0 |
|  948.6855 |     OI 948 |    1 |   0 |   0 |   0 |   0 |    0 |   0 |   0 |    0 |
|  949.4847 |     DI 949 |    1 |   0 |   0 |   0 |   0 |    0 |   0 |   0 |    0 |
|  949.7430 |     HI 949 |    1 |   1 |   1 |   0 |   0 |    0 |   0 |   0 |    0 |
|  950.8846 |     OI 950 |    1 |   0 |   0 |   0 |   0 |    0 |   0 |   0 |    0 |
|   953.415 |    NI 953a |    1 |   0 |   0 |   0 |   0 |    0 |   0 |   0 |    0 |
|   953.655 |    NI 953b |    1 |   0 |   0 |   0 |   0 |    0 |   0 |   0 |    0 |
|    953.97 |    NI 953c |    1 |   0 |   0 |   0 |   0 |    0 |   0 |   0 |    0 |
|   954.826 |     FI 954 |    1 |   0 |   0 |   0 |   0 |    0 |   0 |   0 |    0 |
|  963.8005 |    PII 963 |    1 |   1 |   0 |   0 |   0 |    0 |   0 |   0 |    0 |
|  963.9903 |     NI 963 |    1 |   0 |   0 |   0 |   0 |    0 |   0 |   0 |    0 |
|  964.6256 |     NI 964 |    1 |   0 |   0 |   0 |   0 |    0 |   0 |   0 |    0 |
|  965.0413 |     NI 965 |    1 |   0 |   0 |   0 |   0 |    0 |   0 |   0 |    0 |
|  971.7376 |     OI 971 |    1 |   1 |   0 |   0 |   0 |    0 |   0 |   0 |    0 |
|  972.2722 |     DI 972 |    1 |   0 |   0 |   0 |   0 |    0 |   0 |   0 |    0 |
|  972.5367 |     HI 972 |    1 |   1 |   1 |   0 |   0 |    0 |   0 |   0 |    0 |
|  976.4481 |     OI 976 |    1 |   0 |   0 |   0 |   0 |    0 |   0 |   0 |    0 |
|  977.0201 |   CIII 977 |    1 |   1 |   0 |   0 |   0 |    0 |   0 |   0 |    0 |
|  988.5778 |    OI 988a |    1 |   0 |   0 |   0 |   0 |    0 |   0 |   0 |    0 |
|  988.6549 |    OI 988b |    1 |   0 |   0 |   0 |   0 |    0 |   0 |   0 |    0 |
|  988.7734 |     OI 988 |    1 |   0 |   0 |   0 |   0 |    0 |   0 |   0 |    0 |
|   989.799 |   NIII 989 |    1 |   1 |   0 |   0 |   0 |    0 |   0 |   0 |    0 |
|  989.8731 |   SiII 989 |    1 |   1 |   0 |   0 |   0 |    0 |   0 |   0 |    0 |
|  997.9996 |   PIII 998 |    1 |   1 |   0 |   0 |   0 |    0 |   0 |   0 |    0 |
|  1009.428 |  AsII 1009 |    1 |   0 |   0 |   0 |   0 |    0 |   0 |   0 |    0 |
|  1012.495 |  SIII 1012 |    1 |   1 |   0 |   0 |   0 |    0 |   0 |   0 |    0 |
| 1020.6989 |  SiII 1020 |    1 |   1 |   0 |   0 |   0 |    0 |   0 |   0 |    0 |
| 1025.4433 |    DI 1025 |    1 |   0 |   0 |   0 |   0 |    0 |   0 |   0 |    0 |
| 1025.7222 |    HI 1025 |    1 |   1 |   1 |   0 |   0 |    0 |   0 |   0 |    0 |
| 1025.7616 |    OI 1025 |    1 |   0 |   0 |   0 |   0 |    0 |   0 |   0 |    0 |
| 1025.9681 |  MgII 1025 |    1 |   0 |   0 |   0 |   0 |    0 |   0 |   0 |    0 |
| 1026.1134 |  MgII 1026 |    1 |   0 |   0 |   0 |   0 |    0 |   0 |   0 |    0 |
| 1031.9261 |   OVI 1031 |    1 |   1 |   0 |   0 |   0 |    0 |   0 |   0 |    0 |
| 1036.3367 |   CII 1036 |    1 |   1 |   0 |   0 |   0 |    0 |   0 |   0 |    0 |
| 1037.0182 |  CII* 1037 |    1 |   0 |   0 |   0 |   0 |    0 |   0 |   0 |    0 |
| 1037.6167 |   OVI 1037 |    1 |   1 |   0 |   0 |   0 |    0 |   0 |   0 |    0 |
| 1039.2304 |    OI 1039 |    1 |   1 |   0 |   0 |   0 |    0 |   0 |   0 |    0 |
| 1048.2199 |   ArI 1048 |    1 |   0 |   0 |   0 |   0 |    0 |   0 |   0 |    0 |
| 1055.2617 |  FeII 1055 |    1 |   0 |   0 |   0 |   0 |    0 |   0 |   0 |    0 |
|  1062.152 |  FeII 1062 |    1 |   0 |   0 |   0 |   0 |    0 |   0 |   0 |    0 |
|  1062.662 |   SIV 1062 |    1 |   1 |   0 |   0 |   0 |    0 |   0 |   0 |    0 |
| 1063.1764 |  FeII 1063 |    1 |   0 |   0 |   0 |   0 |    0 |   0 |   0 |    0 |
| 1063.8311 |  ClII 1063 |    1 |   0 |   0 |   0 |   0 |    0 |   0 |   0 |    0 |
| 1063.9718 |  FeII 1064 |    1 |   0 |   0 |   0 |   0 |    0 |   0 |   0 |    0 |
|   1066.66 |   ArI 1066 |    1 |   0 |   0 |   0 |   0 |    0 |   0 |   0 |    0 |
| 1071.0358 |  ClII 1071 |    1 |   1 |   0 |   0 |   0 |    0 |   0 |   0 |    0 |
| 1081.8748 |  FeII 1081 |    1 |   0 |   0 |   0 |   0 |    0 |   0 |   0 |    0 |
| 1083.9937 |   NII 1083 |    1 |   1 |   0 |   0 |   0 |    0 |   0 |   0 |    0 |
| 1096.8769 |  FeII 1096 |    1 |   0 |   0 |   0 |   0 |    0 |   0 |   0 |    0 |
| 1106.3596 |  FeII 1106 |    1 |   0 |   0 |   0 |   0 |    0 |   0 |   0 |    0 |
|  1112.048 |  FeII 1112 |    1 |   0 |   0 |   0 |   0 |    0 |   0 |   0 |    0 |
|  1112.269 |    CI 1112 |    1 |   0 |   0 |   0 |   0 |    0 |   0 |   0 |    0 |
|    1117.0 |    CI 1117 |    1 |   0 |   0 |   0 |   0 |    0 |   0 |   0 |    0 |
|  1117.133 |   CI 1117a |    1 |   0 |   0 |   0 |   0 |    0 |   0 |   0 |    0 |
|  1117.205 |   CI* 1117 |    1 |   0 |   0 |   0 |   0 |    0 |   0 |   0 |    0 |
|  1117.244 |  CI* 1117a |    1 |   0 |   0 |   0 |   0 |    0 |   0 |   0 |    0 |
|  1117.338 |  CI* 1117b |    1 |   0 |   0 |   0 |   0 |    0 |   0 |   0 |    0 |
|  1117.393 |  CI* 1117c |    1 |   0 |   0 |   0 |   0 |    0 |   0 |   0 |    0 |
|  1117.542 |  CI** 1117 |    1 |   0 |   0 |   0 |   0 |    0 |   0 |   0 |    0 |
|  1117.581 | CI** 1117a |    1 |   0 |   0 |   0 |   0 |    0 |   0 |   0 |    0 |
|  1117.604 | CI** 1117b |    1 |   0 |   0 |   0 |   0 |    0 |   0 |   0 |    0 |
|  1117.622 | CI** 1117c |    1 |   0 |   0 |   0 |   0 |    0 |   0 |   0 |    0 |
|  1117.675 | CI** 1117d |    1 |   0 |   0 |   0 |   0 |    0 |   0 |   0 |    0 |
|   1117.73 | CI** 1117e |    1 |   0 |   0 |   0 |   0 |    0 |   0 |   0 |    0 |
|  1117.865 |   CI 1117b |    1 |   0 |   0 |   0 |   0 |    0 |   0 |   0 |    0 |
|   1117.92 |   CI 1117c |    1 |   0 |   0 |   0 |   0 |    0 |   0 |   0 |    0 |
| 1117.9774 |    PV 1117 |    1 |   1 |   0 |   0 |   0 |    0 |   0 |   0 |    0 |
|   1118.07 |   CI* 1118 |    1 |   0 |   0 |   0 |   0 |    0 |   0 |   0 |    0 |
|  1118.125 |  CI* 1118a |    1 |   0 |   0 |   0 |   0 |    0 |   0 |   0 |    0 |
|   1118.38 |  CI* 1118b |    1 |   0 |   0 |   0 |   0 |    0 |   0 |   0 |    0 |
|  1118.408 |  CI** 1118 |    1 |   0 |   0 |   0 |   0 |    0 |   0 |   0 |    0 |
|  1118.463 | CI** 1118a |    1 |   0 |   0 |   0 |   0 |    0 |   0 |   0 |    0 |
|  1118.491 | CI** 1118b |    1 |   0 |   0 |   0 |   0 |    0 |   0 |   0 |    0 |
|  1118.718 | CI** 1118c |    1 |   0 |   0 |   0 |   0 |    0 |   0 |   0 |    0 |
|  1121.453 |    CI 1121 |    1 |   0 |   0 |   0 |   0 |    0 |   0 |   0 |    0 |
|   1121.52 |   CI 1121a |    1 |   0 |   0 |   0 |   0 |    0 |   0 |   0 |    0 |
|  1121.641 |   CI* 1121 |    1 |   0 |   0 |   0 |   0 |    0 |   0 |   0 |    0 |
|  1121.659 |  CI* 1121a |    1 |   0 |   0 |   0 |   0 |    0 |   0 |   0 |    0 |
|  1121.713 |   CI 1121b |    1 |   0 |   0 |   0 |   0 |    0 |   0 |   0 |    0 |
|  1121.726 |  CI* 1121b |    1 |   0 |   0 |   0 |   0 |    0 |   0 |   0 |    0 |
|  1121.758 |  CI* 1121c |    1 |   0 |   0 |   0 |   0 |    0 |   0 |   0 |    0 |
|   1121.92 |  CI* 1121d |    1 |   0 |   0 |   0 |   0 |    0 |   0 |   0 |    0 |
| 1121.9748 |  FeII 1121 |    1 |   0 |   0 |   0 |   0 |    0 |   0 |   0 |    0 |
|  1121.999 |  CI** 1121 |    1 |   0 |   0 |   0 |   0 |    0 |   0 |   0 |    0 |
|  1122.004 |   CI* 1122 |    1 |   0 |   0 |   0 |   0 |    0 |   0 |   0 |    0 |
|  1122.066 |  CI** 1122 |    1 |   0 |   0 |   0 |   0 |    0 |   0 |   0 |    0 |
|  1122.098 | CI** 1122a |    1 |   0 |   0 |   0 |   0 |    0 |   0 |   0 |    0 |
|   1122.18 | CI** 1122b |    1 |   0 |   0 |   0 |   0 |    0 |   0 |   0 |    0 |
|   1122.26 | CI** 1122c |    1 |   0 |   0 |   0 |   0 |    0 |   0 |   0 |    0 |
|  1122.327 | CI** 1122d |    1 |   0 |   0 |   0 |   0 |    0 |   0 |   0 |    0 |
|  1122.344 | CI** 1122e |    1 |   0 |   0 |   0 |   0 |    0 |   0 |   0 |    0 |
|  1122.437 |    CI 1122 |    1 |   0 |   0 |   0 |   0 |    0 |   0 |   0 |    0 |
|  1122.518 |   CI 1122a |    1 |   0 |   0 |   0 |   0 |    0 |   0 |   0 |    0 |
|  1122.524 | FeIII 1122 |    1 |   1 |   0 |   0 |   0 |    0 |   0 |   0 |    0 |
|  1122.644 |  CI* 1122a |    1 |   0 |   0 |   0 |   0 |    0 |   0 |   0 |    0 |
|  1122.725 |  CI* 1122b |    1 |   0 |   0 |   0 |   0 |    0 |   0 |   0 |    0 |
|  1122.773 |  CI* 1122c |    1 |   0 |   0 |   0 |   0 |    0 |   0 |   0 |    0 |
|  1122.795 |  CI* 1122d |    1 |   0 |   0 |   0 |   0 |    0 |   0 |   0 |    0 |
|  1122.985 | CI** 1122f |    1 |   0 |   0 |   0 |   0 |    0 |   0 |   0 |    0 |
|  1123.066 |  CI** 1123 |    1 |   0 |   0 |   0 |   0 |    0 |   0 |   0 |    0 |
|  1123.107 | CI** 1123a |    1 |   0 |   0 |   0 |   0 |    0 |   0 |   0 |    0 |
|  1123.119 |   CI* 1123 |    1 |   0 |   0 |   0 |   0 |    0 |   0 |   0 |    0 |
|  1123.135 | CI** 1123b |    1 |   0 |   0 |   0 |   0 |    0 |   0 |   0 |    0 |
|   1123.46 | CI** 1123c |    1 |   0 |   0 |   0 |   0 |    0 |   0 |   0 |    0 |
| 1125.4478 |  FeII 1125 |    1 |   0 |   0 |   0 |   0 |    0 |   0 |   0 |    0 |
| 1128.0078 |    PV 1128 |    1 |   1 |   0 |   0 |   0 |    0 |   0 |   0 |    0 |
|  1128.081 |    CI 1128 |    1 |   0 |   0 |   0 |   0 |    0 |   0 |   0 |    0 |
|  1128.171 |   CI 1128a |    1 |   0 |   0 |   0 |   0 |    0 |   0 |   0 |    0 |
|  1128.252 |   CI* 1128 |    1 |   0 |   0 |   0 |   0 |    0 |   0 |   0 |    0 |
|   1128.29 |  CI* 1128a |    1 |   0 |   0 |   0 |   0 |    0 |   0 |   0 |    0 |
|   1128.38 |  CI* 1128b |    1 |   0 |   0 |   0 |   0 |    0 |   0 |   0 |    0 |
|  1128.408 |  CI* 1128c |    1 |   0 |   0 |   0 |   0 |    0 |   0 |   0 |    0 |
|  1128.477 |   CI 1128b |    1 |   0 |   0 |   0 |   0 |    0 |   0 |   0 |    0 |
|  1128.634 |  CI** 1128 |    1 |   0 |   0 |   0 |   0 |    0 |   0 |   0 |    0 |
|  1128.686 |  CI* 1128d |    1 |   0 |   0 |   0 |   0 |    0 |   0 |   0 |    0 |
|  1128.724 | CI** 1128a |    1 |   0 |   0 |   0 |   0 |    0 |   0 |   0 |    0 |
|  1128.752 | CI** 1128b |    1 |   0 |   0 |   0 |   0 |    0 |   0 |   0 |    0 |
|  1128.817 |  CI* 1128e |    1 |   0 |   0 |   0 |   0 |    0 |   0 |   0 |    0 |
|  1128.903 | CI** 1128c |    1 |   0 |   0 |   0 |   0 |    0 |   0 |   0 |    0 |
|   1129.03 |  CI** 1129 |    1 |   0 |   0 |   0 |   0 |    0 |   0 |   0 |    0 |
|  1129.078 |   CI* 1129 |    1 |   0 |   0 |   0 |   0 |    0 |   0 |   0 |    0 |
|  1129.141 | CI** 1129a |    1 |   0 |   0 |   0 |   0 |    0 |   0 |   0 |    0 |
|  1129.161 | CI** 1129b |    1 |   0 |   0 |   0 |   0 |    0 |   0 |   0 |    0 |
|  1129.195 |    CI 1129 |    1 |   0 |   0 |   0 |   0 |    0 |   0 |   0 |    0 |
|  1129.318 |   CI 1129a |    1 |   0 |   0 |   0 |   0 |    0 |   0 |   0 |    0 |
|  1129.405 |  CI* 1129a |    1 |   0 |   0 |   0 |   0 |    0 |   0 |   0 |    0 |
|  1129.422 | CI** 1129c |    1 |   0 |   0 |   0 |   0 |    0 |   0 |   0 |    0 |
|  1129.527 |  CI* 1129b |    1 |   0 |   0 |   0 |   0 |    0 |   0 |   0 |    0 |
|  1129.594 |  CI* 1129b |    1 |   0 |   0 |   0 |   0 |    0 |   0 |   0 |    0 |
|  1129.624 |  CI* 1129c |    1 |   0 |   0 |   0 |   0 |    0 |   0 |   0 |    0 |
|  1129.749 | CI** 1129d |    1 |   0 |   0 |   0 |   0 |    0 |   0 |   0 |    0 |
|  1129.871 | CI** 1129e |    1 |   0 |   0 |   0 |   0 |    0 |   0 |   0 |    0 |
|  1129.925 | CI** 1129f |    1 |   0 |   0 |   0 |   0 |    0 |   0 |   0 |    0 |
|  1129.969 | CI** 1129g |    1 |   0 |   0 |   0 |   0 |    0 |   0 |   0 |    0 |
|  1130.171 |   CI* 1130 |    1 |   0 |   0 |   0 |   0 |    0 |   0 |   0 |    0 |
|  1130.516 |  CI** 1130 |    1 |   0 |   0 |   0 |   0 |    0 |   0 |   0 |    0 |
|  1133.665 |  FeII 1133 |    1 |   0 |   0 |   0 |   0 |    0 |   0 |   0 |    0 |
| 1134.1653 |   NI 1134a |    1 |   0 |   0 |   0 |   0 |    0 |   0 |   0 |    0 |
| 1134.4149 |   NI 1134b |    1 |   0 |   0 |   0 |   0 |    0 |   0 |   0 |    0 |
| 1134.9803 |   NI 1134c |    1 |   0 |   0 |   0 |   0 |    0 |   0 |   0 |    0 |
|  1138.384 |    CI 1138 |    1 |   0 |   0 |   0 |   0 |    0 |   0 |   0 |    0 |
|  1138.557 |   CI* 1138 |    1 |   0 |   0 |   0 |   0 |    0 |   0 |   0 |    0 |
|  1138.561 |   CI 1138a |    1 |   0 |   0 |   0 |   0 |    0 |   0 |   0 |    0 |
|  1138.597 |  CI* 1138a |    1 |   0 |   0 |   0 |   0 |    0 |   0 |   0 |    0 |
|  1138.743 |  CI* 1138b |    1 |   0 |   0 |   0 |   0 |    0 |   0 |   0 |    0 |
|  1138.774 |  CI* 1138c |    1 |   0 |   0 |   0 |   0 |    0 |   0 |   0 |    0 |
|  1138.947 |  CI** 1138 |    1 |   0 |   0 |   0 |   0 |    0 |   0 |   0 |    0 |
|  1139.087 |    CI 1139 |    1 |   0 |   0 |   0 |   0 |    0 |   0 |   0 |    0 |
|  1139.093 |  CI** 1139 |    1 |   0 |   0 |   0 |   0 |    0 |   0 |   0 |    0 |
|  1139.124 | CI** 1139a |    1 |   0 |   0 |   0 |   0 |    0 |   0 |   0 |    0 |
|    1139.3 |   CI* 1139 |    1 |   0 |   0 |   0 |   0 |    0 |   0 |   0 |    0 |
|  1139.426 | CI** 1139b |    1 |   0 |   0 |   0 |   0 |    0 |   0 |   0 |    0 |
|  1139.515 |  CI* 1139a |    1 |   0 |   0 |   0 |   0 |    0 |   0 |   0 |    0 |
|   1139.65 | CI** 1139b |    1 |   0 |   0 |   0 |   0 |    0 |   0 |   0 |    0 |
|  1139.766 |  CI* 1139b |    1 |   0 |   0 |   0 |   0 |    0 |   0 |   0 |    0 |
|  1139.792 |   CI 1139a |    1 |   0 |   0 |   0 |   0 |    0 |   0 |   0 |    0 |
|  1139.812 | CI** 1139c |    1 |   0 |   0 |   0 |   0 |    0 |   0 |   0 |    0 |
|  1139.865 | CI** 1139d |    1 |   0 |   0 |   0 |   0 |    0 |   0 |   0 |    0 |
|  1140.005 |   CI* 1140 |    1 |   0 |   0 |   0 |   0 |    0 |   0 |   0 |    0 |
|   1140.01 |    CI 1140 |    1 |   0 |   0 |   0 |   0 |    0 |   0 |   0 |    0 |
|  1140.117 |  CI** 1140 |    1 |   0 |   0 |   0 |   0 |    0 |   0 |   0 |    0 |
|  1140.223 |  CI* 1140a |    1 |   0 |   0 |   0 |   0 |    0 |   0 |   0 |    0 |
|  1140.317 |  CI* 1140b |    1 |   0 |   0 |   0 |   0 |    0 |   0 |   0 |    0 |
|  1140.356 | CI** 1140a |    1 |   0 |   0 |   0 |   0 |    0 |   0 |   0 |    0 |
|  1140.358 |  CI* 1140c |    1 |   0 |   0 |   0 |   0 |    0 |   0 |   0 |    0 |
|  1140.574 | CI** 1140b |    1 |   0 |   0 |   0 |   0 |    0 |   0 |   0 |    0 |
|  1140.641 | CI** 1140c |    1 |   0 |   0 |   0 |   0 |    0 |   0 |   0 |    0 |
|  1140.709 | CI** 1140d |    1 |   0 |   0 |   0 |   0 |    0 |   0 |   0 |    0 |
|  1141.327 |  CI* 1140d |    1 |   0 |   0 |   0 |   0 |    0 |   0 |   0 |    0 |
|  1141.678 | CI** 1140e |    1 |   0 |   0 |   0 |   0 |    0 |   0 |   0 |    0 |
| 1142.3656 |  FeII 1142 |    1 |   0 |   0 |   0 |   0 |    0 |   0 |   0 |    0 |
|  1143.226 |  FeII 1143 |    1 |   0 |   0 |   0 |   0 |    0 |   0 |   0 |    0 |
| 1144.9379 |  FeII 1144 |    1 |   1 |   0 |   0 |   0 |    0 |   0 |   0 |    0 |
|  1149.958 |  PII 1149* |    1 |   0 |   0 |   0 |   0 |    0 |   0 |   0 |    0 |
|  1152.818 |   PII 1152 |    1 |   1 |   0 |   0 |   0 |    0 |   0 |   0 |    0 |
|  1155.809 |    CI 1155 |    1 |   0 |   0 |   0 |   0 |    0 |   0 |   0 |    0 |
|  1155.979 |   CI* 1155 |    1 |   0 |   0 |   0 |   0 |    0 |   0 |   0 |    0 |
|  1156.029 |   CI* 1156 |    1 |   0 |   0 |   0 |   0 |    0 |   0 |   0 |    0 |
|  1156.184 |    CI 1156 |    1 |   0 |   0 |   0 |   0 |    0 |   0 |   0 |    0 |
|  1156.199 |  CI* 1156a |    1 |   0 |   0 |   0 |   0 |    0 |   0 |   0 |    0 |
|   1156.39 |  CI** 1156 |    1 |   0 |   0 |   0 |   0 |    0 |   0 |   0 |    0 |
|  1156.404 |  CI* 1156b |    1 |   0 |   0 |   0 |   0 |    0 |   0 |   0 |    0 |
|   1156.56 | CI** 1156a |    1 |   0 |   0 |   0 |   0 |    0 |   0 |   0 |    0 |
|  1156.765 | CI** 1156b |    1 |   0 |   0 |   0 |   0 |    0 |   0 |   0 |    0 |
|  1157.186 |    CI 1157 |    1 |   0 |   0 |   0 |   0 |    0 |   0 |   0 |    0 |
|   1157.33 |  CI** 1157 |    1 |   0 |   0 |   0 |   0 |    0 |   0 |   0 |    0 |
|  1157.406 |   CI* 1157 |    1 |   0 |   0 |   0 |   0 |    0 |   0 |   0 |    0 |
|  1157.767 | CI** 1157a |    1 |   0 |   0 |   0 |   0 |    0 |   0 |   0 |    0 |
|   1157.77 |  CI* 1157a |    1 |   0 |   0 |   0 |   0 |    0 |   0 |   0 |    0 |
|   1157.91 |   CI 1157a |    1 |   0 |   0 |   0 |   0 |    0 |   0 |   0 |    0 |
|  1158.019 |  CI** 1158 |    1 |   0 |   0 |   0 |   0 |    0 |   0 |   0 |    0 |
|  1158.035 |   CI* 1158 |    1 |   0 |   0 |   0 |   0 |    0 |   0 |   0 |    0 |
|   1158.13 |  CI* 1158a |    1 |   0 |   0 |   0 |   0 |    0 |   0 |   0 |    0 |
|  1158.132 | CI** 1158a |    1 |   0 |   0 |   0 |   0 |    0 |   0 |   0 |    0 |
|  1158.324 |    CI 1158 |    1 |   0 |   0 |   0 |   0 |    0 |   0 |   0 |    0 |
|  1158.397 | CI** 1158b |    1 |   0 |   0 |   0 |   0 |    0 |   0 |   0 |    0 |
|  1158.492 | CI** 1158c |    1 |   0 |   0 |   0 |   0 |    0 |   0 |   0 |    0 |
|  1158.544 |  CI* 1158b |    1 |   0 |   0 |   0 |   0 |    0 |   0 |   0 |    0 |
|  1158.674 |  CI* 1158c |    1 |   0 |   0 |   0 |   0 |    0 |   0 |   0 |    0 |
|  1158.732 |  CI* 1158c |    1 |   0 |   0 |   0 |   0 |    0 |   0 |   0 |    0 |
|  1158.907 | CI** 1158d |    1 |   0 |   0 |   0 |   0 |    0 |   0 |   0 |    0 |
|  1158.967 | CI** 1158e |    1 |   0 |   0 |   0 |   0 |    0 |   0 |   0 |    0 |
|  1159.095 |  CI** 1159 |    1 |   0 |   0 |   0 |   0 |    0 |   0 |   0 |    0 |
|  1159.817 |    NI 1159 |    1 |   0 |   0 |   0 |   0 |    0 |   0 |   0 |    0 |
|  1160.513 |   CI* 1160 |    1 |   0 |   0 |   0 |   0 |    0 |   0 |   0 |    0 |
|  1160.877 |  CI** 1160 |    1 |   0 |   0 |   0 |   0 |    0 |   0 |   0 |    0 |
|  1160.937 |    NI 1160 |    1 |   0 |   0 |   0 |   0 |    0 |   0 |   0 |    0 |
| 1164.8672 |   KrI 1164 |    1 |   0 |   0 |   0 |   0 |    0 |   0 |   0 |    0 |
|  1188.833 |    CI 1188 |    1 |   0 |   0 |   0 |   0 |    0 |   0 |   0 |    0 |
|  1188.993 |   CI* 1188 |    1 |   0 |   0 |   0 |   0 |    0 |   0 |   0 |    0 |
|  1189.065 |   CI* 1189 |    1 |   0 |   0 |   0 |   0 |    0 |   0 |   0 |    0 |
|  1189.249 |  CI* 1189a |    1 |   0 |   0 |   0 |   0 |    0 |   0 |   0 |    0 |
|  1189.447 |  CI** 1189 |    1 |   0 |   0 |   0 |   0 |    0 |   0 |   0 |    0 |
|  1189.631 | CI** 1189a |    1 |   0 |   0 |   0 |   0 |    0 |   0 |   0 |    0 |
|  1190.021 |    CI 1190 |    1 |   0 |   0 |   0 |   0 |    0 |   0 |   0 |    0 |
|  1190.203 |  SIII 1190 |    1 |   1 |   0 |   0 |   0 |    0 |   0 |   0 |    0 |
|  1190.254 |   CI* 1190 |    1 |   0 |   0 |   0 |   0 |    0 |   0 |   0 |    0 |
| 1190.4158 |  SiII 1190 |    1 |   1 |   0 |   0 |   0 |    0 |   0 |   0 |    0 |
|  1190.636 |  CI** 1190 |    1 |   0 |   0 |   0 |   0 |    0 |   0 |   0 |    0 |
|  1191.842 | CI** 1190a |    1 |   0 |   0 |   0 |   0 |    0 |   0 |   0 |    0 |
|  1192.218 |    CI 1192 |    1 |   0 |   0 |   0 |   0 |    0 |   0 |   0 |    0 |
|  1192.226 |  SeII 1192 |    1 |   0 |   0 |   0 |   0 |    0 |   0 |   0 |    0 |
|  1192.451 |   CI* 1192 |    1 |   0 |   0 |   0 |   0 |    0 |   0 |   0 |    0 |
|  1192.835 |  CI** 1192 |    1 |   0 |   0 |   0 |   0 |    0 |   0 |   0 |    0 |
|  1193.009 |   CI* 1193 |    1 |   0 |   0 |   0 |   0 |    0 |   0 |   0 |    0 |
|   1193.03 |    CI 1193 |    1 |   0 |   0 |   0 |   0 |    0 |   0 |   0 |    0 |
|   1193.24 |  CI** 1193 |    1 |   0 |   0 |   0 |   0 |    0 |   0 |   0 |    0 |
|  1193.264 |  CI* 1193a |    1 |   0 |   0 |   0 |   0 |    0 |   0 |   0 |    0 |
| 1193.2897 |  SiII 1193 |    1 |   1 |   0 |   0 |   0 |    0 |   0 |   0 |    0 |
|  1193.393 | CI** 1193a |    1 |   0 |   0 |   0 |   0 |    0 |   0 |   0 |    0 |
|  1193.648 | CI** 1193b |    1 |   0 |   0 |   0 |   0 |    0 |   0 |   0 |    0 |
|  1193.679 |  CI* 1193b |    1 |   0 |   0 |   0 |   0 |    0 |   0 |   0 |    0 |
|  1193.995 |   CI 1193a |    1 |   0 |   0 |   0 |   0 |    0 |   0 |   0 |    0 |
|  1194.063 |  CI** 1194 |    1 |   0 |   0 |   0 |   0 |    0 |   0 |   0 |    0 |
|  1194.229 |   CI* 1194 |    1 |   0 |   0 |   0 |   0 |    0 |   0 |   0 |    0 |
|  1194.301 |  CI* 1194a |    1 |   0 |   0 |   0 |   0 |    0 |   0 |   0 |    0 |
|  1194.406 |  CI* 1194b |    1 |   0 |   0 |   0 |   0 |    0 |   0 |   0 |    0 |
|  1194.489 | CI** 1194a |    1 |   0 |   0 |   0 |   0 |    0 |   0 |   0 |    0 |
|  1194.615 | CI** 1194b |    1 |   0 |   0 |   0 |   0 |    0 |   0 |   0 |    0 |
|  1194.686 | CI** 1194c |    1 |   0 |   0 |   0 |   0 |    0 |   0 |   0 |    0 |
|  1197.184 |  MnII 1197 |    1 |   0 |   0 |   0 |   0 |    0 |   0 |   0 |    0 |
| 1197.3938 | SiII* 1197 |    1 |   0 |   0 |   0 |   0 |    0 |   0 |   0 |    0 |
|  1197.875 |  CI*  1197 |    1 |   0 |   0 |   0 |   0 |    0 |   0 |   0 |    0 |
|  1198.262 | CI**  1197 |    1 |   0 |   0 |   0 |   0 |    0 |   0 |   0 |    0 |
|  1199.391 |  MnII 1199 |    1 |   0 |   0 |   0 |   0 |    0 |   0 |   0 |    0 |
| 1199.5496 |    NI 1199 |    1 |   0 |   0 |   0 |   0 |    0 |   0 |   0 |    0 |
| 1200.2233 |    NI 1200 |    1 |   0 |   0 |   0 |   0 |    0 |   0 |   0 |    0 |
| 1200.7098 |   NI 1200c |    1 |   1 |   0 |   0 |   0 |    0 |   0 |   0 |    0 |
|    1206.5 | SiIII 1206 |    1 |   1 |   0 |   0 |   0 |    0 |   0 |   0 |    0 |
| 1215.3394 |    DI 1215 |    1 |   0 |   0 |   0 |   0 |    0 |   0 |   0 |    0 |
| 1215.6700 |    HI 1215 |    1 |   1 |   1 |   0 |   0 |    0 |   0 |   0 |    0 |
|  1235.838 |   KrI 1235 |    1 |   0 |   0 |   0 |   0 |    0 |   0 |   0 |    0 |
|  1237.059 |  GeII 1237 |    1 |   0 |   0 |   0 |   0 |    0 |   0 |   0 |    0 |
|  1238.821 |    NV 1238 |    1 |   1 |   0 |   0 |   0 |    0 |   0 |   0 |    0 |
| 1239.9253 |  MgII 1239 |    1 |   0 |   0 |   0 |   0 |    0 |   0 |   0 |    0 |
| 1240.3947 |  MgII 1240 |    1 |   0 |   0 |   0 |   0 |    0 |   0 |   0 |    0 |
|  1242.804 |    NV 1242 |    1 |   1 |   0 |   0 |   0 |    0 |   0 |   0 |    0 |
|  1250.578 |   SII 1250 |    1 |   0 |   0 |   0 |   0 |    0 |   0 |   0 |    0 |
|  1253.805 |   SII 1253 |    1 |   0 |   0 |   0 |   0 |    0 |   0 |   0 |    0 |
|  1259.518 |   SII 1259 |    1 |   0 |   0 |   0 |   0 |    0 |   0 |   0 |    0 |
| 1260.4221 |  SiII 1260 |    1 |   1 |   0 |   0 |   0 |    0 |   0 |   0 |    0 |
|  1260.533 |  FeII 1260 |    1 |   0 |   0 |   0 |   0 |    0 |   0 |   0 |    0 |
|  1260.735 |    CI 1260 |    1 |   0 |   0 |   0 |   0 |    0 |   0 |   0 |    0 |
|  1260.926 |   CI* 1260 |    1 |   0 |   0 |   0 |   0 |    0 |   0 |   0 |    0 |
|  1260.996 |  CI* 1260a |    1 |   0 |   0 |   0 |   0 |    0 |   0 |   0 |    0 |
|  1261.122 |   CI* 1261 |    1 |   0 |   0 |   0 |   0 |    0 |   0 |   0 |    0 |
|  1261.426 |  CI** 1261 |    1 |   0 |   0 |   0 |   0 |    0 |   0 |   0 |    0 |
|  1261.552 | CI** 1261a |    1 |   0 |   0 |   0 |   0 |    0 |   0 |   0 |    0 |
|   1263.77 |  AsII 1263 |    1 |   0 |   0 |   0 |   0 |    0 |   0 |   0 |    0 |
| 1264.7377 | SiII* 1264 |    1 |   1 |   0 |   0 |   0 |    0 |   0 |   0 |    0 |
|  1265.002 | SiII* 1265 |    1 |   0 |   0 |   0 |   0 |    0 |   0 |   0 |    0 |
|  1270.143 |    CI 1270 |    1 |   0 |   0 |   0 |   0 |    0 |   0 |   0 |    0 |
|  1270.408 |   CI* 1270 |    1 |   0 |   0 |   0 |   0 |    0 |   0 |   0 |    0 |
|  1270.844 |  CI** 1270 |    1 |   0 |   0 |   0 |   0 |    0 |   0 |   0 |    0 |
|  1274.109 |  CI** 1274 |    1 |   0 |   0 |   0 |   0 |    0 |   0 |   0 |    0 |
|  1276.482 |    CI 1276 |    1 |   0 |   0 |   0 |   0 |    0 |   0 |   0 |    0 |
|   1276.75 |   CI* 1276 |    1 |   0 |   0 |   0 |   0 |    0 |   0 |   0 |    0 |
|   1277.19 |  CI** 1277 |    1 |   0 |   0 |   0 |   0 |    0 |   0 |   0 |    0 |
|  1277.245 |    CI 1277 |    1 |   0 |   0 |   0 |   0 |    0 |   0 |   0 |    0 |
|  1277.283 |   CI* 1277 |    1 |   0 |   0 |   0 |   0 |    0 |   0 |   0 |    0 |
|  1277.513 |  CI* 1277a |    1 |   0 |   0 |   0 |   0 |    0 |   0 |   0 |    0 |
|   1277.55 | CI** 1277a |    1 |   0 |   0 |   0 |   0 |    0 |   0 |   0 |    0 |
|  1277.723 | CI** 1277b |    1 |   0 |   0 |   0 |   0 |    0 |   0 |   0 |    0 |
|  1277.954 | CI** 1277c |    1 |   0 |   0 |   0 |   0 |    0 |   0 |   0 |    0 |
|  1279.056 |   CI* 1279 |    1 |   0 |   0 |   0 |   0 |    0 |   0 |   0 |    0 |
|  1279.229 |  CI** 1279 |    1 |   0 |   0 |   0 |   0 |    0 |   0 |   0 |    0 |
|  1279.498 | CI** 1279a |    1 |   0 |   0 |   0 |   0 |    0 |   0 |   0 |    0 |
|  1279.891 |  CI* 1279a |    1 |   0 |   0 |   0 |   0 |    0 |   0 |   0 |    0 |
|  1280.135 |    CI 1280 |    1 |   0 |   0 |   0 |   0 |    0 |   0 |   0 |    0 |
| 1280.3331 |  CI** 1280 |    1 |   0 |   0 |   0 |   0 |    0 |   0 |   0 |    0 |
|  1280.404 |   CI* 1280 |    1 |   0 |   0 |   0 |   0 |    0 |   0 |   0 |    0 |
|  1280.597 |  CI* 1280a |    1 |   0 |   0 |   0 |   0 |    0 |   0 |   0 |    0 |
|  1280.847 | CI** 1280b |    1 |   0 |   0 |   0 |   0 |    0 |   0 |   0 |    0 |
|  1281.866 |   COI 10-0 |    0 |   0 |   0 |   0 |   0 |    0 |   0 |   0 |    0 |
|  1287.608 |   CI* 1287 |    1 |   0 |   0 |   0 |   0 |    0 |   0 |   0 |    0 |
|  1288.055 |  CI** 1288 |    1 |   0 |   0 |   0 |   0 |    0 |   0 |   0 |    0 |
|  1295.653 |    SI 1295 |    1 |   0 |   0 |   0 |   0 |    0 |   0 |   0 |    0 |
|  1296.174 |    SI 1296 |    1 |   0 |   0 |   0 |   0 |    0 |   0 |   0 |    0 |
|  1301.401 |    COI 9-0 |    0 |   0 |   0 |   0 |   0 |    0 |   0 |   0 |    0 |
|  1301.874 |   PII 1301 |    1 |   0 |   0 |   0 |   0 |    0 |   0 |   0 |    0 |
| 1302.1685 |    OI 1302 |    1 |   1 |   0 |   0 |   0 |    0 |   0 |   0 |    0 |
| 1304.3702 |  SiII 1304 |    1 |   1 |   0 |   0 |   0 |    0 |   0 |   0 |    0 |
| 1304.8576 |   OI* 1304 |    1 |   0 |   0 |   0 |   0 |    0 |   0 |   0 |    0 |
| 1306.0286 |  OI** 1306 |    1 |   0 |   0 |   0 |   0 |    0 |   0 |   0 |    0 |
| 1309.2757 | SiII* 1309 |    1 |   0 |   0 |   0 |   0 |    0 |   0 |   0 |    0 |
| 1316.5425 |    SI 1316 |    1 |   0 |   0 |   0 |   0 |    0 |   0 |   0 |    0 |
|  1317.217 |  NiII 1317 |    1 |   0 |   0 |   0 |   0 |    0 |   0 |   0 |    0 |
| 1321.6449 |  TlII 1321 |    1 |   0 |   0 |   0 |   0 |    0 |   0 |   0 |    0 |
|  1322.147 |    COI 8-0 |    0 |   0 |   0 |   0 |   0 |    0 |   0 |   0 |    0 |
|  1328.833 |    CI 1328 |    1 |   0 |   0 |   0 |   0 |    0 |   0 |   0 |    0 |
|  1329.085 |   CI* 1329 |    1 |   0 |   0 |   0 |   0 |    0 |   0 |   0 |    0 |
|    1329.1 |  CI* 1329a |    1 |   0 |   0 |   0 |   0 |    0 |   0 |   0 |    0 |
|  1329.123 |  CI* 1329b |    1 |   0 |   0 |   0 |   0 |    0 |   0 |   0 |    0 |
|  1329.578 |  CI** 1329 |    1 |   0 |   0 |   0 |   0 |    0 |   0 |   0 |    0 |
|    1329.6 | CI** 1329a |    1 |   0 |   0 |   0 |   0 |    0 |   0 |   0 |    0 |
| 1334.5323 |   CII 1334 |    1 |   1 |   0 |   0 |   0 |    0 |   0 |   0 |    0 |
| 1335.7077 |  CII* 1335 |    1 |   1 |   0 |   0 |   0 |    0 |   0 |   0 |    0 |
|   1341.63 |   CCI 1341 |    0 |   0 |   0 |   0 |   0 |    0 |   0 |   0 |    0 |
|  1344.184 |    COI 7-0 |    0 |   0 |   0 |   0 |   0 |    0 |   0 |   0 |    0 |
|   1347.24 |   ClI 1347 |    1 |   0 |   0 |   0 |   0 |    0 |   0 |   0 |    0 |
| 1355.5977 |    OI 1355 |    1 |   0 |   0 |   0 |   0 |    0 |   0 |   0 |    0 |
|  1355.934 |  AsII 1355 |    1 |   0 |   0 |   0 |   0 |    0 |   0 |   0 |    0 |
|  1358.773 |  CuII 1358 |    1 |   0 |   0 |   0 |   0 |    0 |   0 |   0 |    0 |
|  1362.461 |   BII 1362 |    1 |   0 |   0 |   0 |   0 |    0 |   0 |   0 |    0 |
|  1367.623 |   COI 1367 |    0 |   0 |   0 |   0 |   0 |    0 |   0 |   0 |    0 |
| 1367.9509 |  CuII 1367 |    1 |   0 |   0 |   0 |   0 |    0 |   0 |   0 |    0 |
|  1370.132 |  NiII 1370 |    1 |   0 |   0 |   0 |   0 |    0 |   0 |   0 |    0 |
|  1393.755 |  SiIV 1393 |    1 |   1 |   0 |   0 |   0 |    0 |   0 |   0 |    0 |
|   1400.44 |  SnII 1400 |    1 |   0 |   0 |   0 |   0 |    0 |   0 |   0 |    0 |
|   1402.77 |  SiIV 1402 |    1 |   1 |   0 |   0 |   0 |    0 |   0 |   0 |    0 |
|  1414.402 |  GaII 1414 |    1 |   0 |   0 |   0 |   0 |    0 |   0 |   0 |    0 |
|  1419.044 |   COI 1419 |    0 |   0 |   0 |   0 |   0 |    0 |   0 |   0 |    0 |
| 1425.0299 |    SI 1425 |    1 |   0 |   0 |   0 |   0 |    0 |   0 |   0 |    0 |
| 1433.9056 |  PbII 1433 |    1 |   0 |   0 |   0 |   0 |    0 |   0 |   0 |    0 |
|    1436.2 |    HH 1436 |    0 |   0 |   0 |   0 |   0 |    0 |   0 |   0 |    0 |
| 1447.3521 |   COI 1447 |    0 |   0 |   0 |   0 |   0 |    0 |   0 |   0 |    0 |
|  1447.433 |   COI 1447 |    0 |   0 |   0 |   0 |   0 |    0 |   0 |   0 |    0 |
|  1447.465 |   COI 1447 |    0 |   0 |   0 |   0 |   0 |    0 |   0 |   0 |    0 |
|  1447.707 |   COI 1447 |    0 |   0 |   0 |   0 |   0 |    0 |   0 |   0 |    0 |
|  1454.842 |  NiII 1454 |    1 |   0 |   0 |   0 |   0 |    0 |   0 |   0 |    0 |
|    1460.0 |    HH 1460 |    0 |   0 |   0 |   0 |   0 |    0 |   0 |   0 |    0 |
|  1466.212 |  CoII 1466 |    1 |   0 |   0 |   0 |   0 |    0 |   0 |   0 |    0 |
|  1467.259 | NiII 1467a |    1 |   0 |   0 |   0 |   0 |    0 |   0 |   0 |    0 |
|  1467.756 | NiII 1467b |    1 |   0 |   0 |   0 |   0 |    0 |   0 |   0 |    0 |
|  1469.612 |   XeI 1469 |    1 |   0 |   0 |   0 |   0 |    0 |   0 |   0 |    0 |
|  1477.456 |   COI 1477 |    0 |   0 |   0 |   0 |   0 |    0 |   0 |   0 |    0 |
| 1477.5649 |   COI 1477 |    0 |   0 |   0 |   0 |   0 |    0 |   0 |   0 |    0 |
|  1477.933 |   COI 1477 |    0 |   0 |   0 |   0 |   0 |    0 |   0 |   0 |    0 |
|    1487.1 |    HH 1487 |    0 |   0 |   0 |   0 |   0 |    0 |   0 |   0 |    0 |
|  1509.643 |   COI 1509 |    0 |   0 |   0 |   0 |   0 |    0 |   0 |   0 |    0 |
|  1509.748 |   COI 1509 |    0 |   0 |   0 |   0 |   0 |    0 |   0 |   0 |    0 |
|  1509.871 |   COI 1509 |    0 |   0 |   0 |   0 |   0 |    0 |   0 |   0 |    0 |
|  1510.341 |   COI 1510 |    0 |   0 |   0 |   0 |   0 |    0 |   0 |   0 |    0 |
|  1510.481 |   COI 1510 |    0 |   0 |   0 |   0 |   0 |    0 |   0 |   0 |    0 |
|   1510.56 |   COI 1510 |    0 |   0 |   0 |   0 |   0 |    0 |   0 |   0 |    0 |
|    1517.5 |    HH 1517 |    0 |   0 |   0 |   0 |   0 |    0 |   0 |   0 |    0 |
| 1526.7070 |  SiII 1526 |    1 |   1 |   0 |   0 |   0 |    0 |   0 |   0 |    0 |
|  1532.533 |   PII 1532 |    1 |   0 |   0 |   0 |   0 |    0 |   0 |   0 |    0 |
| 1533.4312 | SiII* 1533 |    1 |   0 |   0 |   0 |   0 |    0 |   0 |   0 |    0 |
|  1544.316 |   COI 1544 |    0 |   0 |   0 |   0 |   0 |    0 |   0 |   0 |    0 |
|  1544.448 |   COI 1544 |    0 |   0 |   0 |   0 |   0 |    0 |   0 |   0 |    0 |
|  1544.571 |   COI 1544 |    0 |   0 |   0 |   0 |   0 |    0 |   0 |   0 |    0 |
|  1544.619 |   COI 1544 |    0 |   0 |   0 |   0 |   0 |    0 |   0 |   0 |    0 |
|  1548.195 |   CIV 1548 |    1 |   1 |   0 |   0 |   0 |    0 |   0 |   0 |    0 |
|   1550.77 |   CIV 1550 |    1 |   1 |   0 |   0 |   0 |    0 |   0 |   0 |    0 |
| 1560.3092 |    CI 1560 |    1 |   0 |   0 |   0 |   0 |    0 |   0 |   0 |    0 |
|  1560.682 |   CI* 1560 |    1 |   0 |   0 |   0 |   0 |    0 |   0 |   0 |    0 |
|  1560.709 |  CI* 1560a |    1 |   0 |   0 |   0 |   0 |    0 |   0 |   0 |    0 |
|   1561.34 |  CI** 1561 |    1 |   0 |   0 |   0 |   0 |    0 |   0 |   0 |    0 |
|  1561.367 | CI** 1561a |    1 |   0 |   0 |   0 |   0 |    0 |   0 |   0 |    0 |
|  1561.438 | CI** 1561b |    1 |   0 |   0 |   0 |   0 |    0 |   0 |   0 |    0 |
| 1566.8217 | FeII* 1566 |    1 |   0 |   0 |   0 |   0 |    0 |   0 |   0 |    0 |
| 1574.5503 |  CoII 1574 |    1 |   0 |   0 |   0 |   0 |    0 |   0 |   0 |    0 |
|    1578.6 |    HH 1578 |    0 |   0 |   0 |   0 |   0 |    0 |   0 |   0 |    0 |
|  1589.174 |   SiI 1589 |    1 |   0 |   0 |   0 |   0 |    0 |   0 |   0 |    0 |
|  1595.756 |   SiI 1595 |    1 |   0 |   0 |   0 |   0 |    0 |   0 |   0 |    0 |
| 1602.4863 |  GeII 1602 |    1 |   0 |   0 |   0 |   0 |    0 |   0 |   0 |    0 |
|    1607.0 |    HH 1607 |    0 |   0 |   0 |   0 |   0 |    0 |   0 |   0 |    0 |
| 1608.4511 |  FeII 1608 |    1 |   1 |   0 |   0 |   0 |    0 |   0 |   0 |    0 |
| 1611.2005 |  FeII 1611 |    1 |   0 |   0 |   0 |   0 |    0 |   0 |   0 |    0 |
| 1612.8057 | FeII* 1612 |    1 |   0 |   0 |   0 |   0 |    0 |   0 |   0 |    0 |
|  1637.399 | FeII* 1637 |    1 |   0 |   0 |   0 |   0 |    0 |   0 |   0 |    0 |
|  1613.376 |    CI 1613 |    1 |   0 |   0 |   0 |   0 |    0 |   0 |   0 |    0 |
|  1613.804 |   CI* 1613 |    1 |   0 |   0 |   0 |   0 |    0 |   0 |   0 |    0 |
|  1614.507 |  CI** 1614 |    1 |   0 |   0 |   0 |   0 |    0 |   0 |   0 |    0 |
|  1618.468 | FeII* 1618 |    1 |   0 |   0 |   0 |   0 |    0 |   0 |   0 |    0 |
| 1621.6856 | FeII* 1621 |    1 |   0 |   0 |   0 |   0 |    0 |   0 |   0 |    0 |
| 1629.1596 | FeII* 1629 |    1 |   0 |   0 |   0 |   0 |    0 |   0 |   0 |    0 |
| 1631.1285 | FeII* 1631 |    1 |   0 |   0 |   0 |   0 |    0 |   0 |   0 |    0 |
| 1634.3498 | FeII* 1634 |    1 |   0 |   0 |   0 |   0 |    0 |   0 |   0 |    0 |
| 1636.3313 | FeII* 1636 |    1 |   0 |   0 |   0 |   0 |    0 |   0 |   0 |    0 |
| 1639.4012 | FeII* 1639 |    1 |   0 |   0 |   0 |   0 |    0 |   0 |   0 |    0 |
|  1656.267 |   CI* 1656 |    1 |   0 |   0 |   0 |   0 |    0 |   0 |   0 |    0 |
| 1656.9284 |    CI 1656 |    1 |   1 |   0 |   0 |   0 |    0 |   0 |   0 |    0 |
|  1657.008 |  CI** 1657 |    1 |   0 |   0 |   0 |   0 |    0 |   0 |   0 |    0 |
|  1657.379 |   CI* 1657 |    1 |   0 |   0 |   0 |   0 |    0 |   0 |   0 |    0 |
|  1657.907 |  CI* 1657a |    1 |   0 |   0 |   0 |   0 |    0 |   0 |   0 |    0 |
|  1658.121 |  CI** 1658 |    1 |   0 |   0 |   0 |   0 |    0 |   0 |   0 |    0 |
| 1670.7874 |  AlII 1670 |    1 |   1 |   0 |   0 |   0 |    0 |   0 |   0 |    0 |
| 1682.1274 |  PbII 1682 |    1 |   0 |   0 |   0 |   0 |    0 |   0 |   0 |    0 |
| 1683.4116 |   MgI 1683 |    1 |   0 |   0 |   0 |   0 |    0 |   0 |   0 |    0 |
| 1702.0442 | FeII* 1702 |    1 |   0 |   0 |   0 |   0 |    0 |   0 |   0 |    0 |
| 1703.4119 |  NiII 1703 |    1 |   0 |   0 |   0 |   0 |    0 |   0 |   0 |    0 |
|    1704.7 |    HH 1704 |    0 |   0 |   0 |   0 |   0 |    0 |   0 |   0 |    0 |
| 1707.0606 |   MgI 1707 |    1 |   0 |   0 |   0 |   0 |    0 |   0 |   0 |    0 |
| 1709.6042 |  NiII 1709 |    1 |   0 |   0 |   0 |   0 |    0 |   0 |   0 |    0 |
| 1741.5531 |  NiII 1741 |    1 |   1 |   0 |   0 |   0 |    0 |   0 |   0 |    0 |
| 1747.7937 |   MgI 1747 |    1 |   0 |   0 |   0 |   0 |    0 |   0 |   0 |    0 |
| 1751.9157 |  NiII 1751 |    1 |   0 |   0 |   0 |   0 |    0 |   0 |   0 |    0 |
|   1772.28 |  NiII 1772 |    1 |   0 |   0 |   0 |   0 |    0 |   0 |   0 |    0 |
|  1773.949 |  NiII 1773 |    1 |   0 |   0 |   0 |   0 |    0 |   0 |   0 |    0 |
|  1783.318 |  NiII 1783 |    1 |   0 |   0 |   0 |   0 |    0 |   0 |   0 |    0 |
|  1798.048 | ZrIII 1798 |    1 |   0 |   0 |   0 |   0 |    0 |   0 |   0 |    0 |
|  1807.311 |    SI 1807 |    1 |   0 |   0 |   0 |   0 |    0 |   0 |   0 |    0 |
|  1804.473 |  NiII 1804 |    1 |   0 |   0 |   0 |   0 |    0 |   0 |   0 |    0 |
| 1808.0129 |  SiII 1808 |    1 |   1 |   0 |   0 |   0 |    0 |   0 |   0 |    0 |
| 1816.9285 | SiII* 1816 |    1 |   0 |   0 |   0 |   0 |    0 |   0 |   0 |    0 |
| 1817.4512 | SiII* 1817 |    1 |   0 |   0 |   0 |   0 |    0 |   0 |   0 |    0 |
| 1827.9351 |   MgI 1827 |    1 |   0 |   0 |   0 |   0 |    0 |   0 |   0 |    0 |
|   1845.52 |   SiI 1845 |    1 |   0 |   0 |   0 |   0 |    0 |   0 |   0 |    0 |
| 1854.7164 | AlIII 1854 |    1 |   1 |   0 |   0 |   0 |    0 |   0 |   0 |    0 |
| 1862.7895 | AlIII 1862 |    1 |   1 |   0 |   0 |   0 |    0 |   0 |   0 |    0 |
|   1892.03 | SiIII 1892 |    1 |   0 |   0 |   0 |   0 |    0 |   0 |   0 |    0 |
|  1901.773 |  FeII 1901 |    1 |   0 |   0 |   0 |   0 |    0 |   0 |   0 |    0 |
| 1910.6123 | TiII 1910a |    1 |   0 |   0 |   0 |   0 |    0 |   0 |   0 |    0 |
|   1910.75 | TiII 1910c |    1 |   0 |   0 |   0 |   0 |    0 |   0 |   0 |    0 |
| 1910.9538 | TiII 1910b |    1 |   0 |   0 |   0 |   0 |    0 |   0 |   0 |    0 |
| 1941.2852 |  CoII 1941 |    1 |   0 |   0 |   0 |   0 |    0 |   0 |   0 |    0 |
| 2012.1664 |  CoII 2012 |    1 |   0 |   0 |   0 |   0 |    0 |   0 |   0 |    0 |
|  2026.137 |  ZnII 2026 |    1 |   1 |   0 |   0 |   0 |    0 |   0 |   0 |    0 |
|  2026.269 |  CrII 2026 |    1 |   0 |   0 |   0 |   0 |    0 |   0 |   0 |    0 |
| 2026.4768 |   MgI 2026 |    1 |   0 |   0 |   0 |   0 |    0 |   0 |   0 |    0 |
| 2056.2569 |  CrII 2056 |    1 |   0 |   0 |   0 |   0 |    0 |   0 |   0 |    0 |
|  2062.234 |  CrII 2062 |    1 |   0 |   0 |   0 |   0 |    0 |   0 |   0 |    0 |
|  2062.664 |  ZnII 2062 |    1 |   0 |   0 |   0 |   0 |    0 |   0 |   0 |    0 |
|  2066.161 |  CrII 2066 |    1 |   0 |   0 |   0 |   0 |    0 |   0 |   0 |    0 |
|  2138.827 |   VII 2138 |    1 |   0 |   0 |   0 |   0 |    0 |   0 |   0 |    0 |
| 2145.0697 |  CdII 2145 |    1 |   0 |   0 |   0 |   0 |    0 |   0 |   0 |    0 |
|    2166.2 | NiII* 2166 |    1 |   0 |   0 |   0 |   0 |    0 |   0 |   0 |    0 |
|   2169.77 | NiII* 2169 |    1 |   0 |   0 |   0 |   0 |    0 |   0 |   0 |    0 |
|  2167.453 |   FeI 2167 |    1 |   0 |   0 |   0 |   0 |    0 |   0 |   0 |    0 |
|   2217.17 | NiII* 2217 |    1 |   0 |   0 |   0 |   0 |    0 |   0 |   0 |    0 |
|   2223.64 | NiII* 2223 |    1 |   0 |   0 |   0 |   0 |    0 |   0 |   0 |    0 |
|   2175.35 | NiII* 2175 |    1 |   0 |   0 |   0 |   0 |    0 |   0 |   0 |    0 |
| 2249.8768 |  FeII 2249 |    1 |   0 |   0 |   0 |   0 |    0 |   0 |   0 |    0 |
| 2260.7805 |  FeII 2260 |    1 |   0 |   0 |   0 |   0 |    0 |   0 |   0 |    0 |
|   2316.75 | NiII* 2316 |    1 |   0 |   0 |   0 |   0 |    0 |   0 |   0 |    0 |
|  2325.403 |   CII 2325 |    1 |   0 |   0 |   0 |   0 |    0 |   0 |   0 |    0 |
|  2328.111 | FeII* 2328 |    1 |   0 |   0 |   0 |   0 |    0 |   0 |   0 |    0 |
|  2333.516 | FeII* 2333 |    1 |   0 |   0 |   0 |   0 |    0 |   0 |   0 |    0 |
|  2335.123 |  SiII 2335 |    1 |   0 |   0 |   0 |   0 |    0 |   0 |   0 |    0 |
|  2338.725 | FeII* 2338 |    1 |   0 |   0 |   0 |   0 |    0 |   0 |   0 |    0 |
| 2344.2139 |  FeII 2344 |    1 |   1 |   0 |   0 |   0 |    0 |   0 |   0 |    0 |
|  2345.001 | FeII* 2345 |    1 |   0 |   0 |   0 |   0 |    0 |   0 |   0 |    0 |
|  2349.022 | FeII* 2349 |    1 |   0 |   0 |   0 |   0 |    0 |   0 |   0 |    0 |
|  2359.828 | FeII* 2359 |    1 |   0 |   0 |   0 |   0 |    0 |   0 |   0 |    0 |
|  2365.552 | FeII* 2365 |    1 |   0 |   0 |   0 |   0 |    0 |   0 |   0 |    0 |
| 2374.4612 |  FeII 2374 |    1 |   1 |   0 |   0 |   0 |    0 |   0 |   0 |    0 |
|  2381.489 | FeII* 2381 |    1 |   0 |   0 |   0 |   0 |    0 |   0 |   0 |    0 |
| 2382.7652 |  FeII 2382 |    1 |   1 |   0 |   0 |   0 |    0 |   0 |   0 |    0 |
| 2383.7884 | FeII* 2383 |    1 |   0 |   0 |   0 |   0 |    0 |   0 |   0 |    0 |
| 2389.3582 | FeII* 2389 |    1 |   0 |   0 |   0 |   0 |    0 |   0 |   0 |    0 |
| 2396.1497 | FeII* 2396a|    1 |   0 |   0 |   0 |   0 |    0 |   0 |   0 |    0 |
| 2396.3559 | FeII* 2396b|    1 |   0 |   0 |   0 |   0 |    0 |   0 |   0 |    0 |
| 2399.9728 | FeII* 2399 |    1 |   0 |   0 |   0 |   0 |    0 |   0 |   0 |    0 |
|  2405.164 | FeII* 2405 |    1 |   0 |   0 |   0 |   0 |    0 |   0 |   0 |    0 |
| 2405.6186 | FeII* 2405 |    1 |   0 |   0 |   0 |   0 |    0 |   0 |   0 |    0 |
| 2407.3942 | FeII* 2407 |    1 |   0 |   0 |   0 |   0 |    0 |   0 |   0 |    0 |
| 2411.2533 | FeII* 2411 |    1 |   0 |   0 |   0 |   0 |    0 |   0 |   0 |    0 |
|  2411.802 | FeII* 2411 |    1 |   0 |   0 |   0 |   0 |    0 |   0 |   0 |    0 |
|  2414.045 | FeII* 2414 |    1 |   0 |   0 |   0 |   0 |    0 |   0 |   0 |    0 |
|  2463.392 |   FeI 2463 |    1 |   0 |   0 |   0 |   0 |    0 |   0 |   0 |    0 |
|  2484.021 |   FeI 2484 |    1 |   0 |   0 |   0 |   0 |    0 |   0 |   0 |    0 |
|  2501.886 |   FeI 2501 |    1 |   0 |   0 |   0 |   0 |    0 |   0 |   0 |    0 |
|  2515.073 |   SiI 2515 |    1 |   0 |   0 |   0 |   0 |    0 |   0 |   0 |    0 |
|  2523.608 |   FeI 2523 |    1 |   0 |   0 |   0 |   0 |    0 |   0 |   0 |    0 |
|  2576.877 |  MnII 2576 |    1 |   0 |   0 |   0 |   0 |    0 |   0 |   0 |    0 |
|   2586.65 |  FeII 2586 |    1 |   1 |   0 |   0 |   0 |    0 |   0 |   0 |    0 |
|  2594.499 |  MnII 2594 |    1 |   0 |   0 |   0 |   0 |    0 |   0 |   0 |    0 |
| 2599.1465 | FeII* 2599 |    1 |   0 |   0 |   0 |   0 |    0 |   0 |   0 |    0 |
| 2600.1729 |  FeII 2600 |    1 |   1 |   0 |   0 |   0 |    0 |   0 |   0 |    0 |
|  2606.462 |  MnII 2606 |    1 |   0 |   0 |   0 |   0 |    0 |   0 |   0 |    0 |
| 2607.8664 | FeII* 2607 |    1 |   0 |   0 |   0 |   0 |    0 |   0 |   0 |    0 |
| 2612.6542 | FeII* 2612 |    1 |   0 |   0 |   0 |   0 |    0 |   0 |   0 |    0 |
| 2614.6051 | FeII* 2614 |    1 |   0 |   0 |   0 |   0 |    0 |   0 |   0 |    0 |
| 2618.3991 | FeII* 2618 |    1 |   0 |   0 |   0 |   0 |    0 |   0 |   0 |    0 |
| 2621.1912 | FeII* 2621 |    1 |   0 |   0 |   0 |   0 |    0 |   0 |   0 |    0 |
| 2622.4518 | FeII* 2622 |    1 |   0 |   0 |   0 |   0 |    0 |   0 |   0 |    0 |
| 2626.4511 | FeII* 2626 |    1 |   0 |   0 |   0 |   0 |    0 |   0 |   0 |    0 |
| 2629.0777 | FeII* 2629 |    1 |   0 |   0 |   0 |   0 |    0 |   0 |   0 |    0 |
| 2631.8321 | FeII* 2631 |    1 |   0 |   0 |   0 |   0 |    0 |   0 |   0 |    0 |
| 2632.1081 | FeII* 2632 |    1 |   0 |   0 |   0 |   0 |    0 |   0 |   0 |    0 |
|  2683.887 |  VII  2683 |    1 |   0 |   0 |   0 |   0 |    0 |   0 |   0 |    0 |
|   2740.36 | FeII* 2740 |    1 |   0 |   0 |   0 |   0 |    0 |   0 |   0 |    0 |
|   2747.31 | FeII* 2747 |    1 |   0 |   0 |   0 |   0 |    0 |   0 |   0 |    0 |
|   2747.85 | FeII* 2747 |    1 |   0 |   0 |   0 |   0 |    0 |   0 |   0 |    0 |
|   2750.16 | FeII* 2750 |    1 |   0 |   0 |   0 |   0 |    0 |   0 |   0 |    0 |
|   2756.56 | FeII* 2756 |    1 |   0 |   0 |   0 |   0 |    0 |   0 |   0 |    0 |
| 2796.3543 |  MgII 2796 |    1 |   1 |   0 |   0 |   0 |    0 |   0 |   0 |    0 |
| 2803.5315 |  MgII 2803 |    1 |   1 |   0 |   0 |   0 |    0 |   0 |   0 |    0 |
| 2852.9642 |   MgI 2852 |    1 |   1 |   0 |   0 |   0 |    0 |   0 |   0 |    0 |
|  2967.765 |   FeI 2967 |    1 |   0 |   0 |   0 |   0 |    0 |   0 |   0 |    0 |
| 3021.5189 |   FeI 3021 |    1 |   0 |   0 |   0 |   0 |    0 |   0 |   0 |    0 |
|  3073.877 |  TiII 3073 |    1 |   0 |   0 |   0 |   0 |    0 |   0 |   0 |    0 |
|  3131.327 |  BeII 3131 |    1 |   0 |   0 |   0 |   0 |    0 |   0 |   0 |    0 |
|  3131.973 |  BeII 3132 |    1 |   0 |   0 |   0 |   0 |    0 |   0 |   0 |    0 |
|  3230.131 |  TiII 3230 |    1 |   0 |   0 |   0 |   0 |    0 |   0 |   0 |    0 |
|  3239.979 | TiII* 3239 |    1 |   0 |   0 |   0 |   0 |    0 |   0 |   0 |    0 |
|  3242.929 |  TiII 3242 |    1 |   0 |   0 |   0 |   0 |    0 |   0 |   0 |    0 |
|   3384.74 |  TiII 3384 |    1 |   0 |   0 |   0 |   0 |    0 |   0 |   0 |    0 |
|  3720.993 |   FeI 3720 |    1 |   0 |   0 |   0 |   0 |    0 |   0 |   0 |    0 |
|  3934.777 |  CaII 3934 |    1 |   0 |   0 |   0 |   0 |    0 |   0 |   0 |    0 |
|  3969.591 |  CaII 3969 |    1 |   0 |   0 |   0 |   0 |    0 |   0 |   0 |    0 |
|  4227.918 |  CaI  4227 |    1 |   0 |   0 |   0 |   0 |    0 |   0 |   0 |    0 |
| 5891.5833 |  NaI  5891 |    1 |   0 |   0 |   0 |   0 |    0 |   0 |   0 |    0 |
| 5897.5581 |  NaI  5897 |    1 |   0 |   0 |   0 |   0 |    0 |   0 |   0 |    0 |
|  6709.613 |  LiI  6709 |    1 |   0 |   0 |   0 |   0 |    0 |   0 |   0 |    0 |
