pixel,1100A,1200A,1300A,1400A,1500A,1600A,1700A,1800A,1900A,2000A,2100A,2200A
1	0.00006381424585517127	0.00006324977223249327	0.00006732702346228793	0.00006710496578974481	0.00007432321990830337	0.00007965766521673106	0.00007973804144745905	0.00009439757667358283	0.00011184009068545943	0.00012774342360092253	0.00012302421864137606	0.0001245462354020831
2	0.00006369350279674807	0.00006388412337830767	0.00006812420637477647	0.00006733900650838675	0.00007501728704428415	0.00008130263230817617	0.00007991003613653203	0.00009452485766303532	0.00011265545696514245	0.000126960686547077	0.00012002273356466439	0.00012620603725166875
3	0.00006428378184227874	0.00006485033177488106	0.00006907271081400003	0.00006790184255767673	0.0000759932148870454	0.0000829784841339617	0.00008026737292782267	0.0000942229726986474	0.00011337155637151452	0.00012563237861528545	0.00011757427638056571	0.0001280483052030216
4	0.00006542930697803454	0.00006617051289322837	0.00007023250487391901	0.00006889546904215848	0.00007702947699396274	0.00008434736834206235	0.00008070743172931882	0.00009352380740380689	0.00011398696159004335	0.00012382890808844082	0.00011613523676805026	0.00013045403808501573
5	0.00006685676223053219	0.00006773361285019068	0.0000716249679966596	0.00007028354033859669	0.00007784950007140503	0.0000852697434059093	0.0000810909533846708	0.00009267038724761595	0.0001145342574930604	0.00012173118372712122	0.0001158764159446989	0.00013350583331135657
6	0.00006848653570936248	0.00006930548559404042	0.00007314815751697742	0.00007201710278226032	0.00007839669087538597	0.00008584125670091361	0.00008133237815270674	0.00009189804339849939	0.00011500141757827374	0.00011939875639664855	0.00011644574285578264	0.00013694444264866299
7	0.00007035929551238364	0.0000706309063488818	0.00007466855147425522	0.00007411243882685305	0.0000787898340921932	0.00008622857763438108	0.0000814437531536927	0.00009139130720749431	0.00011516694210608847	0.00011678526992518205	0.00011737575994151365	0.00014023360478134786
8	0.00007242184407649124	0.00007161187784657164	0.00007618307020841834	0.0000765335655904503	0.00007917725108141834	0.00008650478627563126	0.00008158046654760502	0.0000912630623423173	0.00011508059807821746	0.00011395673973197011	0.00011844434013311009	0.00014309026064737802
9	0.000074540255245827	0.0000723705689798604	0.00007780519867590065	0.00007904158525956911	0.00007975731465408594	0.00008675922776728697	0.00008203402875197199	0.00009159254080153948	0.0001150623267671754	0.00011131166318582726	0.00011952488623436426	0.0001456709725887207
10	0.00007658915379342405	0.00007315363486564403	0.00007954916525539333	0.00008134995768156313	0.00008071296596296487	0.00008714771597227066	0.00008311488585638678	0.0000923817037281826	0.00011522210649428933	0.00010941075037410408	0.00012043555385665532	0.00014814677812417676
11	0.00007843976429650396	0.00007418202626220007	0.0000812505903294144	0.00008339973821520163	0.00008201378112207633	0.00008782696741071909	0.00008508743750082739	0.00009363777152903708	0.00011534380308050052	0.00010850261883152404	0.00012104458054559909	0.00015026557890017222
12	0.00007996058786788373	0.00007552724647387294	0.00008270588045998459	0.0000854536654370711	0.00008348954771343492	0.00008879206389546837	0.0000880405179858278	0.00009538337564798176	0.00011509044621306044	0.0001083238257888014	0.00012144866733730417	0.00015147258052383174
13	0.00008103473202419282	0.00007708112481823477	0.00008380192749557143	0.00008788647963376161	0.00008497252167266288	0.00008982073524275942	0.00009178866266462694	0.00009756053813361004	0.0001143086327694902	0.00010847866886667449	0.00012200753421142423	0.0001517504369519418
14	0.00008161302674795916	0.00007869622051333934	0.0000845767199340893	0.00009083865559454065	0.00008635164936178419	0.0000906396741234877	0.00009591886794005347	0.00010000597698282643	0.00011322355760327934	0.00010866805822965364	0.0001228091396682271	0.00015175253010629315
15	0.00008179962723983077	0.00008032501647740398	0.00008516511490866105	0.00009413366000791689	0.00008766985806993869	0.0000910374013726709	0.00010012827630053305	0.0001026512541880505	0.00011221712154801432	0.0001085454609708911	0.0001235849016791743	0.00015212562609287714
16	0.00008174233673071992	0.00008201543179877318	0.00008577458503427308	0.00009736544910823256	0.0000889447309540826	0.00009091066810031052	0.00010428923599977009	0.00010553083628117892	0.00011143008359411294	0.00010803122394738745	0.00012425091267632203	0.00015307450225028287
17	0.00008147111854285758	0.00008390547465464052	0.00008656365665168285	0.00010018415469805671	0.00009015173130947149	0.00009035339668780365	0.00010835960434997998	0.00010863179226165274	0.00011078978681617204	0.00010751381716893802	0.00012509987477657208	0.00015438110618472286
18	0.0000810255622516449	0.00008622936265248792	0.0000876421554788036	0.00010256451866473886	0.00009135652020379166	0.00008978722345712615	0.0001123253596848693	0.00011200163455157907	0.00011015036576764723	0.00010757985978710067	0.00012653206505799095	0.00015568702678157685
19	0.00008062569067431771	0.00008917751202331713	0.00008910106257933416	0.00010467146847262898	0.00009278043180862159	0.00008974572943813234	0.00011625167320394303	0.0001155751591055557	0.00010956112181898703	0.00010871993057311543	0.00012859496602545914	0.00015678000894697229
20	0.00008061864079546283	0.00009267952805603766	0.00009091977792306429	0.00010659290754453048	0.00009468289796238504	0.00009069808290088878	0.00012016355857407912	0.00011901696248762214	0.00010933825356171592	0.00011111196882981668	0.00013109164797211334	0.00015770420105710772
21	0.0000813023278979241	0.00009633064443717175	0.00009293615314206409	0.00010831309957920594	0.00009717838203813103	0.0000929107840184274	0.00012400036959353466	0.00012196153839148852	0.00010982695319045757	0.00011434570444503391	0.00013392327741152212	0.0001583483784791439
22	0.00008281817348147279	0.0000995651211347145	0.00009495022008327295	0.00010979033257455011	0.00010018973627306725	0.00009636017087036945	0.0001275268545699306	0.00012416994475723093	0.00011100338008718313	0.00011770886805715333	0.0001371185513479576	0.00015819718503944384
23	0.00008508010672422591	0.00010204231267486091	0.0000968553033927109	0.00011087977759315647	0.00010343432851266236	0.00010075016197054061	0.00013058594965150927	0.00012580559355451472	0.00011245630744889932	0.00012083640753334207	0.00014061539982141254	0.00015696049437705388
24	0.00008791033983882446	0.00010380209769713388	0.00009880027245371367	0.00011148522168006572	0.00010653849266399618	0.00010573519589355296	0.00013318216058369776	0.0001273194126473744	0.00011379171518087292	0.00012377493207455867	0.0001439722948550627	0.00015490534479721256
25	0.00009111735249938563	0.00010503002412351082	0.00010113193670840449	0.00011169093422754527	0.00010925378865212595	0.00011106447911495753	0.00013526696107068307	0.00012912105727069627	0.00011494977065964423	0.00012667791481605983	0.00014678384839293408	0.00015240610758555405
26	0.00009450120521741238	0.00010583301313782156	0.00010397108912039987	0.00011172939272737041	0.00011173679617367255	0.00011650665309830195	0.00013650375007588587	0.00013136851426857722	0.0001162191195135274	0.00012970195724414335	0.00014916264974484998	0.0001495394293866033
27	0.00009789888891682039	0.00010626807813228728	0.00010713442458851651	0.00011181792299789429	0.00011444787281185623	0.00012182629940216016	0.00013658675972357372	0.00013398073138884	0.00011812545825174926	0.00013310727492228027	0.00015138235014664964	0.00014622234958228296
28	0.00010121238901739013	0.00010635240611118988	0.0001104128656937174	0.0001121254741926837	0.00011763340712660286	0.00012692356608414945	0.0001354791589398041	0.0001365355609869314	0.00012098669129578389	0.0001371951288029652	0.00015347065123256677	0.00014269852006343513
29	0.00010435429625281766	0.00010609841622261064	0.00011375582379767339	0.0001128443031053318	0.00012111680563048903	0.00013198217436139508	0.00013350396196517696	0.00013863297042469882	0.00012456660420476334	0.00014198916955836195	0.00015537088560940964	0.00013956320361358104
30	0.00010728938677606881	0.00010558942772613986	0.00011710934258512118	0.00011419687856560396	0.00012462687882903312	0.0001372955495618145	0.00013094188890338862	0.00014016476076840365	0.00012848196014274903	0.00014715170505281996	0.00015733123875452795	0.00013728518182888472
31	0.00011001532835123055	0.00010503128429957788	0.00012032935124493512	0.00011620303247710812	0.00012805592472411685	0.00014302102795965573	0.00012814893920305766	0.00014116855385472676	0.00013258700855435537	0.00015226298111841274	0.00015935370618505137	0.00013603582140342757
32	0.00011244315733218673	0.00010470598129254914	0.0001232406774547199	0.00011854870732941785	0.00013141028940518652	0.0001490087408875995	0.0001256862319905222	0.00014171912623573492	0.0001369751072375887	0.000157039237164194	0.0001609926444510497	0.00013586497660960186
33	0.00011433487081326996	0.0001047966335706866	0.00012571067074886933	0.00012079763405354306	0.00013469818565072083	0.000154745084907213	0.0001242638406953176	0.00014207651195528157	0.00014194611418456103	0.00016132565996710194	0.00016202395232003386	0.00013660694296378258
34	0.00011543651545146964	0.00010541676956449657	0.00012764000172911036	0.00012279714473809996	0.0001377879975290669	0.00015968211105226357	0.00012431621877030116	0.00014252839399961158	0.00014790640475396228	0.0001650699308124116	0.00016257594273416952	0.00013776332795370624
35	0.00011567557113508909	0.00010676157655288409	0.00012902836668476605	0.00012484254027212048	0.00014057975485173624	0.0001634086044843214	0.00012580325754959728	0.00014329916501309005	0.00015484845116551626	0.00016833166770714348	0.0001628170097189645	0.00013883570720536322
36	0.00011513458227623592	0.00010908166452013982	0.00013007139749771762	0.00012750379142146133	0.00014324051212502906	0.00016561928323620634	0.00012824404163595392	0.00014449442162200587	0.00016239652263460008	0.00017113378093906454	0.00016275347070906812	0.00013960074979310462
37	0.00011398356766324666	0.00011243314976213784	0.00013105493470891538	0.0001311437790405455	0.00014603004467135576	0.0001662335232348632	0.0001310357044932434	0.00014614121072886412	0.0001701499907961748	0.00017336815545179423	0.00016239253511047112	0.00014022801155712293
38	0.00011251487461412777	0.00011663043562929114	0.00013216042486722008	0.00013556882890469822	0.00014900286372919528	0.00016554285914856373	0.00013384550814610923	0.00014826415652173126	0.0001777246370230768	0.00017489594009806466	0.00016177113042629987	0.0001410813569541589
39	0.00011114968371051926	0.00012127879149669495	0.0001332790082010152	0.00014028406838762734	0.0001521361100161866	0.00016415868590821808	0.0001367542642416616	0.00015104803383471778	0.00018496323298173719	0.00017550770231355823	0.00016090306647719783	0.00014231973886282137
40	0.00011022999811894571	0.00012593812376716847	0.00013409552885424011	0.00014488562987155962	0.00015549005258634778	0.00016279879666729474	0.00014012847202730691	0.00015486780168735576	0.00019178196267071606	0.00017510807205069185	0.00016002167022366166	0.00014402494790238132
41	0.00010992373730840167	0.00013043902797100427	0.00013445602865373078	0.00014923010509873994	0.0001588835793813055	0.00016199360497958464	0.00014440599243541308	0.00015996722353379654	0.00019782033517067415	0.00017390504756071323	0.00015932458254259226	0.00014668128979976154
42	0.00011046124885812646	0.00013492402090580787	0.0001345383796998293	0.0001534039571589095	0.0001617785138656239	0.00016205482262667527	0.00014991104156187479	0.00016624824930388455	0.00020260758226766076	0.00017238233976966282	0.00015874901051945772	0.00015118563280782686
43	0.00011220587704801477	0.0001393796014174509	0.00013470988556378287	0.00015746382584066755	0.0001635909639824232	0.00016297581263188625	0.00015666996776181143	0.000173309047424475	0.00020584004346246	0.000171019691660533	0.00015821279124155158	0.00015841259883044148
44	0.00011530829476144927	0.0001434002468484171	0.00013546785772343723	0.000161248524806598	0.00016422838970690654	0.0001643676117758775	0.00016447003765725218	0.0001806830879702958	0.00020731135773830776	0.00017020170250618615	0.0001578287170494999	0.0001683457236354674
45	0.00011954907860460913	0.00014657793705759697	0.00013732338324956624	0.00016460194121581455	0.00016413965359181058	0.00016567400481160358	0.00017300394649603291	0.0001881323086462366	0.00020707923025363003	0.000170260183567445	0.00015792488484638474	0.0001797734841068502
46	0.00012459326327080163	0.00014886616842488598	0.00014041996964478796	0.00016770841421202506	0.00016409881569474255	0.00016640736326874251	0.0001821003882747376	0.00019559065191844811	0.00020580715076977694	0.00017120225389372597	0.00015907606311291249	0.00019135706993332185
47	0.00013034304826118625	0.00015047610589332143	0.00014453623470121125	0.00017095616115573721	0.00016494943832260904	0.00016658353334313023	0.00019173156800971733	0.00020282533117205737	0.0002042561153321854	0.00017270543698889726	0.00016169911739611048	0.0002022744858764679
48	0.00013681125992651586	0.00015167545428309488	0.00014929859791323053	0.00017437092232420583	0.00016715135605794806	0.00016673627894451474	0.00020184121448479822	0.0002095513888247105	0.00020284204828203406	0.00017428190022842355	0.0001658069205199067	0.0002118456987509039
49	0.000143706230304885	0.00015267357025675	0.00015438441096251432	0.0001775086597530884	0.00017075970046313057	0.0001675743041235088	0.00021225357831921375	0.00021555231622888556	0.0002018755764259712	0.0001757229502803277	0.00017120200341293963	0.0002194893898737949
50	0.00015038474424258115	0.00015357919642349017	0.00015976405322811735	0.00017982488185958062	0.00017549108695476249	0.00016978321972110355	0.00022256203058713305	0.00022050770724742943	0.00020161886491393247	0.00017709129322105623	0.00017739785196720396	0.00022523539444945856
51	0.0001562291513186139	0.00015440379803881098	0.0001655593477792679	0.0001811315703065255	0.0001807338475270293	0.00017383635905450143	0.0002322417618247299	0.00022446097499372798	0.0002018534826260143	0.00017876992842253347	0.00018376890792089746	0.00022987136169242968
52	0.00016090253428871815	0.00015526902201483958	0.0001717700369122836	0.00018169641498809176	0.00018557560412827537	0.00017983954924820326	0.00024100908459734474	0.00022788990950406782	0.00020187973956513062	0.0001816074683020113	0.00019004926190645716	0.00023427486311871948
53	0.00016425769434851926	0.00015646391397058815	0.00017820634018826933	0.00018202858929380214	0.00018943570063997044	0.00018774755511951046	0.0002485943219281278	0.00023112795257051465	0.00020117726101962077	0.00018633759640253374	0.00019643564070081986	0.00023885334253142957
54	0.00016646622178911958	0.00015835204584168869	0.00018459200802422763	0.00018290081892612442	0.00019261691611915065	0.0001974443776998322	0.0002543087482841406	0.0002342342132425676	0.00019960076660820817	0.00019320332068825628	0.0002029497112791248	0.00024356572366886512
55	0.00016795448321869964	0.0001612269475276632	0.00019075592565759154	0.00018511743126794794	0.000195993024398716	0.0002084833302599778	0.0002574480526270282	0.00023740025338899492	0.00019751309822162722	0.00020190958185395673	0.0002095351908181207	0.0002482903921915664
56	0.00016909498659156607	0.0001651629905041026	0.00019657493044140665	0.00018897784753585978	0.0002003985835661469	0.00022004770985853503	0.00025795710524661737	0.0002409972934784755	0.00019587705119614702	0.00021192222899643105	0.00021655335891506802	0.00025321327624233057
57	0.00017008925600944187	0.00017001624297828725	0.00020164759047876325	0.00019409124903476096	0.00020610897748725456	0.00023133845592679004	0.0002565851286015904	0.00024499545761279284	0.00019586567152477612	0.00022266614536967398	0.00022414832592147966	0.00025883457455625256
58	0.0001710814065258489	0.00017562769642873435	0.0002056861568713017	0.00019979068693123047	0.0002128856576337483	0.00024210380396878897	0.00025435512647492634	0.00024834197656717545	0.00019826460910641044	0.00023357243798440849	0.00023214447047574052	0.0002652316720327837
59	0.00017227680806585437	0.0001820226654471453	0.00020889153332796773	0.0002055304622360909	0.0002203112305106177	0.0002522700456633923	0.00025185881708778343	0.0002496900044971374	0.00020323854650050225	0.00024417785978051517	0.00024028121215618795	0.0002717311445295161
60	0.00017390304334152887	0.00018929833781531713	0.00021169304094344364	0.00021085324025470908	0.0002281942531212887	0.000261544619228382	0.0002490575932613391	0.0002484535206894618	0.0002102661531212718	0.00025399783000854806	0.0002484516817224206	0.0002777620397102983
61	0.00017621850388684025	0.00019739696333660633	0.0002144608556856257	0.00021535075487577693	0.00023671110640496632	0.00026954981303607483	0.00024603450979829544	0.0002453496282161218	0.00021833664980490055	0.0002627642696793589	0.0002571480206489917	0.00028349703979440704
62	0.00017943682819713015	0.00020599893163907534	0.00021749868286332995	0.0002194078927242044	0.0002460411674393865	0.00027605989848277987	0.0002433890145134706	0.00024206660072548713	0.00022674507249015126	0.0002705909529843696	0.00026736086462642765	0.0002891175131829639
63	0.00018383745831601332	0.00021457711803132267	0.0002211784502289891	0.000224220841659122	0.00025603897546852685	0.00028101628288301013	0.00024160524606960717	0.0002406017772581295	0.00023529401207002829	0.0002777523732687624	0.000279540661521123	0.0002940987658684564
64	0.00018954408692762822	0.00022269675047679465	0.0002258206353453571	0.00023097398636717803	0.0002661187094231065	0.0002845491353788135	0.0002401708443170052	0.00024203630641685643	0.00024405155140963444	0.0002845147217464377	0.00029289180967482473	0.0002974286145497115
65	0.00019623750644333035	0.00023023209559497977	0.0002314361798333477	0.00023991906825761224	0.0002752907322199985	0.0002868220943778	0.00023816341404453662	0.00024609807222681046	0.0002530610120164126	0.00029115813788310247	0.00030633990424906726	0.0002984204346129103
66	0.00020366415589023466	0.00023726075993560998	0.00023749114112928645	0.0002503701208688428	0.00028243941976608934	0.00028786891500162464	0.00023536499310854508	0.0002517607331027544	0.0002621974473686276	0.0002986704652641034	0.0003193851454208178	0.00029713158483022235
67	0.00021218606081354298	0.0002438033841079365	0.0002431473807069869	0.00026164462966635546	0.0002872571781988873	0.0002877915723275502	0.00023276380349446265	0.0002582105581400236	0.0002711281710031851	0.00030846633863896607	0.00033141105698496025	0.00029435786837725793
68	0.0002222893425537634	0.0002498718693189698	0.0002479546871693411	0.00027353859622048003	0.00029048755137952393	0.0002870459930196689	0.00023208335238021746	0.00026518751292817114	0.00027958941349345205	0.00032078583112066743	0.0003413394980036795	0.0002913066726208123
69	0.0002336886044966532	0.0002556556086047154	0.000252506621506257	0.0002857376996417281	0.00029297747204812453	0.00028605941285676567	0.00023490746049610803	0.00027252862155554105	0.00028776708676219115	0.00033444061083732335	0.00034803143132818275	0.00028902388377825486
70	0.0002452949930556127	0.0002615664138738456	0.00025788410812063885	0.0002976552962432009	0.00029510906903271476	0.0002848358218807773	0.00024184213476337595	0.0002795701747132939	0.00029657074964726084	0.0003480880114826064	0.00035112593335591934	0.00028813622213901495
71	0.00025607809966012376	0.00026805652083880543	0.0002647350623766271	0.00030875856864976667	0.0002970066895902939	0.00028307171256930567	0.0002524285419370514	0.00028540722599553994	0.0003073071694357909	0.0003606913450229413	0.00035130538817605353	0.0002891534810344392
72	0.00026581114008833136	0.0002753746344826989	0.0002732508502729394	0.00031848601492758194	0.00029862657724733665	0.0002807324755154804	0.0002656338767430376	0.0002898199145092423	0.0003206388729835383	0.00037126100933973716	0.0003501688119056121	0.00029237056052280815
73	0.0002748636672318015	0.0002831405765446359	0.000283610844257315	0.0003261788563633062	0.0002999261788437857	0.00027855544998059856	0.00028042477935182075	0.0002939320981517254	0.00033588931953004904	0.0003790528328661416	0.0003494691008692295	0.0002969661589708059
74	0.0002835300937274715	0.00029040481648188077	0.00029605788368765323	0.00033156272677237897	0.0003012088932333742	0.00027806645185594024	0.0002958499679199773	0.00029967272491590423	0.00035183123632952213	0.00038387048615956976	0.0003503629951086107	0.0003013049090599301
75	0.00029189556475238106	0.00029652122814908887	0.00031066593309933175	0.00033509197432594754	0.0003026410703138525	0.0002806501176878666	0.0003108576695541061	0.0003085090962507475	0.00036758173509391593	0.0003863255507481927	0.0003531537977661134	0.0003044281290273968
76	0.0003002607289603726	0.000302001903518972	0.00032694589502622526	0.0003378324963893383	0.0003042206528422379	0.0002871166620709321	0.00032460378767978253	0.0003210913756035681	0.00038237970011815813	0.00038776487273056346	0.0003571162714542478	0.0003067205824938132
77	0.0003090519888669822	0.0003080451055206462	0.0003436106959496447	0.00034081931111497657	0.00030604851181445183	0.00029743515084676257	0.0003370133239270731	0.00033723116052642647	0.0003952883038966184	0.00038938088583786616	0.00036067161647833427	0.0003097556312565348
78	0.00031858800309421663	0.00031555082022216216	0.0003588087699767122	0.00034409344213638974	0.00030876567341516913	0.0003108808285066197	0.00034928841656458524	0.00035579805442412536	0.00040573992588300954	0.0003916488383516006	0.00036257007165646195	0.0003153059467138787
79	0.00032915273232347544	0.0003251609808684976	0.00037090749545719797	0.000346918915808072	0.0003133813305565569	0.00032613638167058477	0.000363334050685944	0.0003756386480717385	0.0004139598010860562	0.00039458759380788194	0.00036280759337180404	0.0003240724785247216
80	0.00034077387974589874	0.0003373571527409321	0.000379469362857726	0.0003489908005242179	0.0003208702081734646	0.0003415273453775233	0.00038039478690185866	0.0003961354590017251	0.00042070334511056103	0.0003978805617939921	0.0003624316790493697	0.00033634768349581097
81	0.0003528089507401185	0.00035243077056361827	0.0003856328473658393	0.000350908933596297	0.0003319522399694096	0.00035562243040268153	0.00040032596848782356	0.0004167634010522845	0.00042716426352837225	0.0004008390333054359	0.00036352133634031265	0.0003531608983654659
82	0.0003645117851047219	0.0003702402418021897	0.00039128385727034323	0.0003535885871969216	0.0003467704287441968	0.00036804092524473893	0.00042163687023660253	0.000436785540643949	0.00043434412596301706	0.0004030348697628168	0.0003683006528644595	0.000374863670191186
83	0.0003753481410325175	0.000389660211797838	0.0003974835003001237	0.00035764338232134623	0.00036490217780679474	0.00038019450161458465	0.0004423244902509815	0.0004552600695292906	0.0004423935198517393	0.0004050613891029883	0.00037749529309648425	0.00040000217263522886
84	0.00038517157130733663	0.0004089789139053092	0.0004038665313187855	0.00036375725224953195	0.00038528944767454037	0.0003945839472440805	0.00046154282220287567	0.0004716164492786271	0.0004506159275668723	0.00040818035763105385	0.00039109481936268196	0.00042674316354978384
85	0.0003946237532536762	0.00042711558905848867	0.00040943912058743126	0.00037297768777750756	0.0004061676387165063	0.0004133895090759776	0.0004795740880754371	0.0004866305761383927	0.0004580242130556977	0.00041407724326942733	0.00040993984623680194	0.00045460601719878475
86	0.00040554547966091504	0.0004437244665829656	0.00041390848595137733	0.0003859929761772482	0.0004254886228018203	0.0004373841236032221	0.0004971142071345579	0.0005021817120048234	0.0004637779737709151	0.0004242259285131822	0.0004343283535074519	0.0004840197523944602
87	0.0004201857295584405	0.00045879911787040026	0.00041794599759572545	0.00040289226689986746	0.0004424902631873958	0.00046571100495358393	0.0005147800695928048	0.0005195131760843987	0.00046797039772610634	0.00043920404380019747	0.0004622703250360166	0.0005154196476161554
88	0.00043996489213835016	0.00047235137881605576	0.0004225821353948725	0.0004236679645983312	0.00045846452630382995	0.0004962337265385359	0.0005324364612771243	0.0005381869162644584	0.0004720341721118108	0.00045929542195281435	0.0004914332602180131	0.0005493708550239879
89	0.00046414896257449494	0.0004844238646679135	0.0004291527301430215	0.00044831657382733996	0.00047615172506084477	0.0005267365355483862	0.0005495887098813784	0.0005571286625076265	0.00047860685728549494	0.0004850062466464027	0.0005219060871667692	0.0005866006984417187
90	0.0004899369663844702	0.0004944039099375943	0.0004391575629024584	0.0004763895470061654	0.0004980009291644171	0.0005563959199958387	0.0005660592786595623	0.00057497235757018	0.0004903590637525937	0.0005166512915850501	0.0005558107590591944	0.0006285736860428674
91	0.0005147604662287146	0.0005020512393888484	0.00045338173776218635	0.0005064181543598275	0.0005248313013358327	0.0005857503930521437	0.000581921965454406	0.0005902423911329675	0.0005090492014954473	0.0005539408803089046	0.0005943761814940919	0.0006778620753852461
92	0.0005377075641179468	0.0005086230166871265	0.0004719818729766509	0.0005369840779736574	0.0005558095413855718	0.0006148724390407152	0.0005974254559142535	0.0006029165718592531	0.0005356065609508913	0.0005957156199962445	0.0006370021866518728	0.0007368950544120308
93	0.0005585517694661796	0.0005159954702660433	0.0004955224472767599	0.0005675956920157212	0.0005893519589407476	0.0006430678537881532	0.0006131181724941167	0.0006153469154801964	0.0005700611466822365	0.0006405277581214489	0.0006844709205483252	0.0008036712160000277
94	0.0005770947282657462	0.0005256601346997065	0.0005252986646496139	0.0005987514566931431	0.0006244408704359973	0.0006703975756066092	0.0006294026087367514	0.0006311522248851862	0.0006107679483770148	0.0006876470547219586	0.0007400594983718846	0.0008722442022872435
95	0.0005933931915036654	0.0005394272306358772	0.0005626114776363878	0.0006316301290961063	0.000661507859262186	0.0006982023415967295	0.0006462035438451097	0.0006537421383208684	0.0006560750927799175	0.0007372391394815851	0.000806666103692674	0.0009377899853434425
96	0.0006087230147545613	0.0005593710445838982	0.0006070629508198392	0.0006675635686120916	0.0007012458739877793	0.0007274296239838415	0.0006643148660800715	0.0006859564641562915	0.0007064991142909185	0.0007913338702535931	0.0008833343707294473	0.001000240232234818
97	0.0006254916981765827	0.000586325673771112	0.000656209857710649	0.0007080169081765791	0.0007429721187153184	0.0007582893963035701	0.0006864886665861479	0.000729254756337791	0.0007629084934271065	0.0008541684515070676	0.000965254188956759	0.0010642551766891174
98	0.0006456837670630769	0.0006197989288410496	0.0007069465328531407	0.0007539216333156269	0.00078607609251659	0.0007902807630356963	0.0007167927871237003	0.0007828946892148702	0.0008235583549281433	0.00092997662189677	0.0010477706656763775	0.001134088151943302
99	0.000669553646928778	0.0006606239545091826	0.0007568098616925592	0.0008055876833712906	0.0008306893729303759	0.0008227242459612143	0.000757933151038157	0.0008446455017572157	0.0008869321428867915	0.0010199095250556663	0.0011297682602536062	0.001209360648596869
100	0.0006972292795932415	0.0007118353744278078	0.0008063268733197418	0.0008624337582721997	0.0008764605630376252	0.0008556914547367048	0.0008109321593332226	0.0009122161414233946	0.0009562538450378204	0.0011183907297257845	0.0012136659687672336	0.0012864068596537624
101	0.0007310333524010177	0.0007751817059280521	0.0008593926866108328	0.0009231910691165451	0.00092307442895484	0.0008913451838899238	0.0008764886633235486	0.0009831998016131647	0.0010378941327870341	0.0012171135405630812	0.0013020083307722387	0.0013622833391115385
102	0.0007744244464403075	0.0008490711205209728	0.0009204402559304137	0.0009873715467994132	0.0009713846054508622	0.000934121821494589	0.0009553677861615087	0.0010571241814706573	0.0011361112417966534	0.001313217629656789	0.0013951829796883285	0.00143545800135076
103	0.0008295407909346854	0.0009293140180247669	0.0009915111686563064	0.0010549190547188845	0.0010233015243759453	0.0009890725300704905	0.001047375926994985	0.001138073461409603	0.0012473343380426428	0.001410441263433763	0.001491582528867811	0.0015065368429871605
104	0.0008975660116927312	0.001011544415344678	0.0010723403865805386	0.0011238940632322233	0.0010806542471434469	0.0010607152386323576	0.0011495943519728203	0.0012325425477393995	0.0013633005812569703	0.001513462880938839	0.0015888553950333183	0.0015792726998283921
105	0.0009808809936572092	0.0010952595458635914	0.0011618279986340566	0.0011917035152640562	0.001144736433980317	0.0011519879036872938	0.0012577190350737382	0.0013443092668950828	0.0014807030283810795	0.00162321350483839	0.0016835725041951695	0.0016566820017781714
106	0.0010820367230566913	0.0011853071683497064	0.0012585284502610087	0.0012600609286453496	0.0012181897483428095	0.001262986505833738	0.0013709960904330265	0.0014711040224006146	0.0016039575623381448	0.0017368100493563696	0.0017730342886294837	0.0017372061216942916
107	0.0012008995944592054	0.0012884654812506393	0.0013611791783776622	0.001335759133912925	0.0013070493534463536	0.0013900095343227386	0.0014932774728947185	0.00160655731097434	0.0017389399305753615	0.0018500743020978191	0.0018603348456256942	0.0018150609833120974
108	0.0013339149349448503	0.0014076892450302434	0.0014674474190145008	0.0014254243277167626	0.0014191006648228443	0.0015271734774685093	0.0016292210830746061	0.001748167453908679	0.0018856762406027196	0.001959924034190794	0.0019534573043184277	0.001883544257305183
109	0.0014758805227166878	0.001541334070157743	0.0015737387652039073	0.0015314099200372958	0.001558035657674475	0.001670118917756874	0.0017806043162033787	0.0019009241714417415	0.0020364849430646913	0.002067159389683823	0.0020560292791096356	0.0019400268446860497
110	0.0016238767699312785	0.0016862948654785138	0.001680828217638586	0.001655458898653267	0.0017198022525181892	0.0018198486969832443	0.001945500061866996	0.002072703773651311	0.0021812806247901054	0.0021780776162166446	0.002160058543668494	0.001991435575546184
111	0.0017814507944994749	0.001840575968410706	0.0017972311280781389	0.0018024918996526174	0.00189596265635454	0.001982386496041361	0.0021223216220062928	0.0022645646283682864	0.0023154502359251368	0.0022978520207591916	0.0022513101481938884	0.0020502619608584716
112	0.0019566845558056114	0.0020026845518132516	0.0019339317838548635	0.0019777009389934856	0.0020794082416697754	0.002165341841878185	0.0023162837713687386	0.002464940504803	0.0024443449539528913	0.0024238828759969937	0.0023244887180505188	0.0021234866511312188
113	0.0021539392257393145	0.002169881105035706	0.0020976812473352557	0.002180084699943272	0.002268022033138213	0.0023718554337620293	0.002535532445224796	0.0026562099238574785	0.002579777026152298	0.0025466292955270593	0.0023924568888717894	0.0022119077172176294
114	0.0023707678066817593	0.0023420112277824185	0.002291204781486913	0.002402641877367541	0.0024675028733064154	0.002600493679303624	0.0027763555728094616	0.0028289907053214245	0.0027271430538742445	0.00265644403761287	0.002470987381936103	0.002315711831145369
115	0.0026017395489219995	0.002527586729881823	0.00251527632206855	0.0026362220610212732	0.0026903946057270293	0.0028542263255000185	0.003018716816171193	0.002991273425849553	0.002878357447878048	0.002754601808955174	0.002564643448687282	0.0024322250310623403
116	0.002842561023731838	0.002740945159604254	0.002767600279829846	0.00287628751760697	0.0029458855939170072	0.003138668760390488	0.003241824639746699	0.0031604546157802497	0.0030188339829128824	0.0028512235601035603	0.002673858223566382	0.0025567336565536784
117	0.003091414130825863	0.002993035417778035	0.003044431391311614	0.0031312618486922087	0.003236543906852035	0.0034459767844874146	0.0034414745254998376	0.0033448433289634512	0.003139037374700489	0.0029520031884749678	0.0027975515281321675	0.0026967009478721868
118	0.0033546457193948426	0.0032849634807522467	0.0033436456412024515	0.003417742311568154	0.0035641390128080134	0.003751530853276065	0.00363269621737488	0.0035345073916986263	0.00324387737176863	0.003061856830284399	0.0029345327703218195	0.002875672603813478
119	0.0036486133794240232	0.003608799047295721	0.0036639559447787734	0.003748655108443257	0.003928013677552941	0.0040325933958315135	0.0038356078333315682	0.00370995335232982	0.003347518430835045	0.003187970436748097	0.0030941009225492243	0.0031152893986293117
120	0.00398763100951247	0.003954106243184965	0.00400729710553666	0.004129650304070511	0.004313694842167794	0.004288404624598093	0.004054936344292359	0.003860603937345389	0.003467380328606111	0.0033383547964141347	0.003299599455412808	0.003415532935421159
121	0.004369208354471246	0.0043185924856133226	0.004386675655158074	0.004559977127724981	0.004691476858204806	0.004537936879218923	0.004270756606770432	0.003993009167802932	0.0036180947620273523	0.0035269426330743845	0.003576640353909013	0.003757147838152342
122	0.004776201895101666	0.004713600311354017	0.004822433602160002	0.005031539064999551	0.005032237397511963	0.00480116907053263	0.004456424750972347	0.004127711768684398	0.0038116423114239115	0.0037770102287723716	0.003927122374894423	0.004114901399771852
123	0.005198435369218044	0.005158854997684292	0.005327929863292106	0.005525483035665402	0.00533429837567568	0.00507351044132255	0.004603352568050405	0.004290647960710685	0.004060760260607118	0.004115407093056432	0.004324641472265053	0.0044736860309693505
124	0.0056486959309692735	0.005673940291510317	0.005898425589311775	0.006009804508596354	0.005627530108778941	0.005324592856738378	0.004734069695176901	0.004508351736835169	0.004382898491642254	0.004542437722526538	0.004736453066971991	0.004852796236270575
125	0.006157800182493393	0.006271516902095	0.006512090191402017	0.006449483510213331	0.0059382698334486264	0.0055300282841000735	0.004893358366641756	0.0048049087156586704	0.004802245459209907	0.005022889513713481	0.005147627432233172	0.005294620382076602
126	0.006756472547058646	0.006953894416386469	0.007138900994627736	0.0068360154745998655	0.006255468799102729	0.0056999908966936415	0.0051336329591803245	0.005204141083923642	0.005319151411523007	0.0055159440116898	0.005580338480962832	0.00580957771204865
127	0.00746137787649377	0.007707876457714533	0.0077469130424723635	0.007193935177310317	0.0065383181208978295	0.00588579965965501	0.005500434583312989	0.005728750204852453	0.005895559716745294	0.00600491449364111	0.006071813072186243	0.006364861572565649
128	0.00827306592243379	0.008504605625993485	0.008300396175935094	0.0075446338180880064	0.0067737569160041	0.006164275449739638	0.006026113151010068	0.006372398473405257	0.006491361028326807	0.006508864193949793	0.0066271078687284764	0.0069218443295397895
129	0.009183165850336527	0.009307556015296736	0.008783345085909298	0.00788324415865529	0.007015948314047303	0.006608055305189233	0.0067223737649704475	0.007086982836405027	0.00709164626073494	0.0070636278281494	0.007220708401375213	0.007464691200977169
130	0.010173066855067943	0.01007913037705571	0.009220086079784638	0.00820474087366613	0.007372750505658044	0.007265050144665602	0.007560688213437499	0.007818405620073538	0.007706514549057017	0.00770006966856653	0.007833166859311609	0.008003005577455556
131	0.011201061871993904	0.010778183442909626	0.009645535350901095	0.008554191701639473	0.007946343508810579	0.008138071903961566	0.008469789748548348	0.008533004613538992	0.008356274201243056	0.008423087146402337	0.008462936701102436	0.008545263825297798
132	0.012221096998798904	0.011389183731583524	0.010093095162466804	0.009047351627254974	0.008790876750116534	0.009174997849051278	0.009371838631025645	0.009237525107277116	0.009078365729306793	0.009208392398095504	0.009103146978519354	0.009083018474156808
133	0.01321126079973171	0.011957883779613989	0.01062298549214483	0.009813021188474958	0.009894923443233679	0.01028561260113586	0.010221719176106817	0.009990918112886497	0.009911467504011492	0.010026174113338181	0.009737431609226035	0.009629592349089396
134	0.014156744925919677	0.012582949857066806	0.011346437700438566	0.010906952737866965	0.011186425251313555	0.01137604230848356	0.011055319210634993	0.010887216918414155	0.010855752362074946	0.010839917679145841	0.010357925506585361	0.010264473820454542
135	0.015073780813373119	0.013374494093025775	0.012391703488180653	0.012300620535783196	0.012559460970956945	0.01240279450530567	0.011989006917849241	0.011971726840831854	0.011847596025001022	0.011607461983023133	0.011015628661677117	0.011060677232783098
136	0.016074451331125554	0.014439064522848957	0.013816137067630617	0.013913730973915074	0.013916220030337616	0.013428412385833262	0.013146132810290997	0.013185910501803327	0.012798969271117703	0.01233332710794653	0.011822491034117475	0.011976592395392581
137	0.01732616027829681	0.01587985212537011	0.015572368783504912	0.01563701856032582	0.01523288588702288	0.014608108892035407	0.014551071771844467	0.014391535786408541	0.013674676620996971	0.013135304981477063	0.01281537507574018	0.012917095414252441
138	0.01895686652365011	0.017746600476234244	0.017557519685229766	0.017361542942959045	0.016597317064092974	0.016074161229841632	0.016080393188400297	0.015480183429330779	0.014540689188912336	0.01414587877616766	0.013916276136329214	0.013843354395365427
139	0.021019771027709494	0.019999105200819316	0.0196750694635835	0.019061416812314155	0.018178722823555937	0.01780156781864176	0.017538381876207376	0.016458927936494765	0.015549390159930749	0.01536317104374396	0.01505572202482457	0.01477541201910763
140	0.023523828976668312	0.02252525069891108	0.021847802953477175	0.020869937332336014	0.02008328669759458	0.019612884842811006	0.0188176870657755	0.01747925125933812	0.016823036043620423	0.016717876639725383	0.016235800364839993	0.015688615627854348
141	0.0264247959318109	0.025215310525847967	0.02407744982558562	0.022992828556273697	0.022224523634611353	0.021329819607448387	0.02001002147403355	0.018804290092335987	0.01837619716214875	0.018179863679527807	0.017428201808660292	0.016495905656484403
142	0.02962917443633441	0.028059942365821315	0.026509271873309193	0.025514764675409328	0.024402555102137707	0.02294815891534807	0.021436338289406345	0.020597293697239456	0.020153062912120715	0.01968817428278741	0.018512314604555682	0.017192653922645146
143	0.03313164460895757	0.03115574477087859	0.029354362089065375	0.028319562511901316	0.026520054806840443	0.024711490592672684	0.023426706713364567	0.022787266658418855	0.022036113765447018	0.021096790350311596	0.019445544504612777	0.017853443520159364
144	0.037107796972903465	0.03468249271735358	0.03273080032200344	0.03122576091855384	0.028744967036452018	0.02698138842667041	0.02600970990393707	0.025150422442096938	0.023858305960240665	0.022334838164448347	0.02030546018814666	0.018452092981778107
145	0.041804223424735026	0.038851904259077044	0.03658119240318025	0.03424454333914342	0.03143152591058157	0.02993075379294126	0.028940312501952444	0.02745761322357104	0.025520706241728086	0.023437549932251906	0.02109603560463537	0.01893041976590694
146	0.04748287914803147	0.043842060443944696	0.040848719052230725	0.03764605854005365	0.03489960309106163	0.033439581904978526	0.031930335516559674	0.02959684412798653	0.027024748082919686	0.024421996103833738	0.02182477620926594	0.019487816535312605
147	0.05450127340588632	0.0498545200079583	0.04573533267854088	0.04190792955165699	0.03927485222203274	0.03728400387626199	0.03485528012323393	0.031665908351527876	0.028469192305277287	0.02540673684109363	0.022780259497400607	0.020599863871917368
148	0.06351600836314059	0.057355109830550456	0.05184859978830129	0.04760162459156792	0.04459852520287257	0.0414497650073368	0.03796214811835877	0.03399039749573828	0.030126166077568177	0.026849830268743977	0.02452516725051437	0.022776932576035885
149	0.07566177408999898	0.06735667104257857	0.06026890741480301	0.05533097681081001	0.05115175270549259	0.046419528356837374	0.0417885139066722	0.03700942561979762	0.032611920007186296	0.02955212138264878	0.02764372866603265	0.02631377816773895
150	0.09248506863869735	0.08138961322401705	0.0723726768016664	0.06585198630360048	0.05961065386836282	0.05297490395538909	0.04693146178803006	0.041423399573141936	0.03690183706265448	0.03422354052293549	0.03247095571121602	0.031149566861783957
151	0.11564906298525827	0.10115555602639288	0.0894521358609503	0.08004665627023894	0.07078238830406479	0.061857189638866446	0.054233155991656075	0.04823599300138073	0.04377672708963784	0.0410344104548813	0.038944150470869604	0.03697447272938246
152	0.1465593462429864	0.12806783200939978	0.11252464505646617	0.09871517617106934	0.08533103251924105	0.07392371740629153	0.06488679539751586	0.058333756066943604	0.05345064929050429	0.04979927799037305	0.04684177031004544	0.04370298551277156
153	0.18648310372386412	0.16323403058150715	0.14249469224643568	0.1228100242615685	0.10453222459087434	0.09078684176998279	0.08033011048484896	0.07256181534797031	0.06612792652304159	0.060801064944098024	0.05654296496748706	0.05208933116331209
154	0.23751960007725886	0.2085226248909803	0.18134582395820575	0.1551027935303917	0.13181595135009555	0.11561386681407154	0.10274336591116819	0.09250038616062775	0.08318969397533942	0.07561958302063963	0.06974928815352416	0.06409434640733146
155	0.3034326741010281	0.2681555307471134	0.23444849518344715	0.20243473479733382	0.1737962800559156	0.15387532435187082	0.1364900453520289	0.12191313588874793	0.10855104233218679	0.09813231620799362	0.09026637086543388	0.08330377040951636
156	0.3871965819837454	0.3476551123516175	0.3104525096366648	0.27458311734899243	0.2400310391420645	0.21448644247348173	0.19040836976067899	0.1694317963875452	0.1509039111575114	0.13654788784585692	0.12586873482409316	0.11677530643328374
157	0.4857956819839928	0.4480197263865185	0.41405052555763044	0.3782282844142436	0.34004633122053374	0.3091091958779226	0.2782977091008074	0.25004113146830753	0.22541056255801076	0.20572162006080927	0.19079173590010573	0.17765016095781505
158	0.5931289812050401	0.5636824325915514	0.5401213449414093	0.5109299290826019	0.4765847748582852	0.44556589702739213	0.412608802932712	0.37976671509684884	0.3499594712242058	0.32483548226791553	0.30464981475173847	0.2851787063264859
159	0.7080358605209036	0.6886519187039419	0.6775695774644094	0.660722150959264	0.6387871925343132	0.6161514683102195	0.5897950365173603	0.559971922465012	0.5302525447476333	0.5033779918730138	0.4798612194268979	0.4539715489988495
160	0.8294914783203288	0.8180909712918978	0.8151830479140802	0.8099393552026734	0.8023495433699137	0.7923515582436947	0.7790275927897077	0.7603721395563793	0.7387693583787448	0.7174723127211512	0.696655056229582	0.6689596637814291
161	0.9397619136359288	0.9346030193529883	0.9339507798642103	0.9339499709429794	0.9342153447382822	0.9327448256512529	0.930055153677839	0.9236001454347953	0.914145896475807	0.9040061766326631	0.892506981290368	0.8709823120835661
162	1.	1.	1.	1.	0.9999999999999999	1.	1.	1.	1.	0.9999999999999999	0.9992383515807004	0.9890964475069247
163	0.9774485993219171	0.982411344745648	0.9857848852068574	0.9860156450252119	0.9832155175799687	0.9824148233192537	0.9809426255132083	0.9833932047775326	0.9887981418861144	0.9939317016883109	1.	1.
164	0.8803860077303839	0.890281190641521	0.8995106954472132	0.9035579491149126	0.901560115811192	0.9034764056627801	0.9028621144674169	0.907091421169983	0.9141394600026408	0.9193981617632778	0.9275972496018471	0.9328232459333933
165	0.7525630797046684	0.7632692923658202	0.775390033569224	0.7843870891470985	0.7864205144492333	0.7934795533675588	0.7969021025605237	0.801181851873444	0.8058260913329578	0.8088944551100293	0.8162314342678859	0.820701489193846
166	0.6343992727978046	0.6400665714994456	0.6467427596294646	0.6558543739812762	0.6593734243637595	0.6679018402272987	0.6748028446780127	0.6761561374465045	0.6763080858751365	0.6785067207066491	0.6838700096364497	0.6837027971518158
167	0.5363195323502643	0.5336699851613593	0.5287388467010721	0.5318434750229287	0.5315377061070683	0.5354277502267848	0.5422214705634825	0.5396352622653714	0.5366218339781473	0.5406716942315644	0.5444025280694749	0.5402624388248025
168	0.4492137423644031	0.43949413323520153	0.4244440934996875	0.419401563037516	0.4126907088674745	0.40959348160823306	0.41304375367298246	0.40802589903791514	0.40420958942816076	0.41041749733583416	0.41325788971598015	0.4087760679798229
169	0.3672581498092184	0.3543506618862195	0.33567228126818516	0.32458323319030696	0.31251045816844425	0.3040895127751297	0.3030737627081465	0.29744388307015257	0.2943010852313851	0.30041111676314586	0.3028857768077418	0.3008029250532486
170	0.2922891780101637	0.27905581703279425	0.2621639158741602	0.24901852368450914	0.23469462510403022	0.2238729181093092	0.2188638506015898	0.21320775664621344	0.21128724460668513	0.2152858062403188	0.21781978349713824	0.21816977682422464
171	0.2275345997357133	0.21486734355036619	0.20146314049578107	0.1895316731138602	0.17626807910561915	0.1656552803290149	0.15799264469804383	0.15217064518698176	0.15086946943817817	0.1522342633706016	0.1552475483007628	0.15680776102466748
172	0.17573859001447745	0.1637063647795433	0.1530574669545917	0.14346807243895446	0.13309480396614487	0.1242460839147372	0.11571215330408124	0.10968183161420626	0.10780586093317401	0.10689316523896122	0.11004789909580946	0.11161511421794364
173	0.13770612434360177	0.12663309061607025	0.117634345566185	0.10984689573239488	0.10231611973379726	0.09567732933013035	0.08796117955791666	0.08198135778130251	0.0789291042889364	0.07632369799207872	0.07851595029356384	0.0791700856907342
174	0.11139983797963537	0.10148664073424826	0.09360447836996512	0.08675049079032568	0.08108973013324564	0.07640630701806196	0.0705153978479086	0.06516744947149702	0.06125986143864417	0.057710266205874376	0.05820954879871681	0.05747500491740593
175	0.09381564209590755	0.0845472267031582	0.0774917874812172	0.07113400525487756	0.06631224753592589	0.06298567650152098	0.058986934964886176	0.05492064952432596	0.050961383415317696	0.047259036203425454	0.046270910834909876	0.0443830281130733
176	0.0825101734941329	0.07303234565138655	0.06640568356260948	0.0605065811607633	0.05571387358123511	0.053010776071538424	0.050316069351072655	0.04765223946643598	0.044400826343659695	0.04116770537392673	0.03937783764734209	0.03699117891205034
177	0.07526614310839644	0.06544193951780866	0.05870761123895566	0.053316156142711936	0.04831970099649608	0.045439685832676775	0.04330306955132748	0.04157746198163587	0.03924790784966949	0.03680137308868469	0.034922546862741245	0.032558488434396626
178	0.06984647264120927	0.060609034761799005	0.05350633821974486	0.04840810734767951	0.043555634821795336	0.040080881599110475	0.03776801504041376	0.036395874411302716	0.0347214563097842	0.03298036702165774	0.031473046830327936	0.029389327167608982
179	0.06451063033614475	0.057106545433844455	0.05009545897734385	0.044921787358517	0.040542186980127695	0.03672837556053772	0.0338061121956165	0.03221589297007167	0.030854600906920097	0.02955412665680005	0.028499555660496823	0.026782614501461337
180	0.058352857597070915	0.05348059737435474	0.047533796709907	0.04238160712101862	0.03837431362821709	0.03471213096548644	0.03136519380960731	0.0291367240384925	0.02770737898379752	0.02664806414979902	0.025904470383754465	0.02454661084656184
181	0.051392497382117264	0.04884352665172762	0.04472361858240947	0.04029491655259619	0.03649472561199185	0.03324901224562237	0.029994689440343208	0.027197557839556477	0.025302328836060855	0.024260096596508778	0.023667669667331172	0.022585560508720626
182	0.044328629177993795	0.04324952347750391	0.04093262283353964	0.037903106636730265	0.03456077002011162	0.03181971637795599	0.02902358979801701	0.026169647880659702	0.02373654522383123	0.022390614674691122	0.02175541475015493	0.02082663056741297
183	0.037926024929570305	0.03741332862972928	0.03629508832891041	0.034611948673674765	0.032235158492203105	0.030097676099546642	0.027919650761981073	0.025519634044056324	0.022930779576729343	0.021147067677593986	0.020212088084349312	0.019287552556631546
184	0.03262808922368479	0.032091788343136064	0.031509096513644586	0.030602368116936753	0.029277645750547886	0.027850434877048778	0.026383665997609735	0.024698524098458907	0.02246956112656914	0.020493253698094255	0.01914983443808422	0.018063297246462596
185	0.02850959929215912	0.027720344342044404	0.027181860420062546	0.02658710758133981	0.025871023927012488	0.025042608660771442	0.024267263920335957	0.023371215375174944	0.021834843438247546	0.020106680073960815	0.018544826775707405	0.017218193179025783
186	0.025410487611768597	0.024362725439965725	0.023595764542987684	0.023125571185558892	0.022545430436819665	0.021988562385344627	0.021666820673760006	0.021407915225675107	0.020688559416892027	0.019573696600526207	0.018161008658028326	0.01669179111980088
187	0.023097525791868585	0.02180638403572038	0.0207999386618847	0.02034238781584952	0.01972885203906615	0.01916554227257165	0.018948186341288285	0.01896663537976554	0.018922283945891717	0.018611401681159007	0.01767664634930338	0.016313064834645428
188	0.02129766085463239	0.019777512862405106	0.018680307402413276	0.018134233201370573	0.0175236643954566	0.016887947646854994	0.016511265120659778	0.0164603024571919	0.016712134585201228	0.01710967408030969	0.016812031747346662	0.01585549636408934
189	0.019710744437339386	0.0181113144889832	0.017027022424994875	0.016367486535780774	0.01579845875541045	0.015188879423810182	0.014585295223560418	0.014271368284492337	0.014478978199892719	0.01518520482772092	0.015429417612510285	0.015079415274459596
190	0.018061028289386317	0.01670519265377014	0.01564506684688617	0.014938382463978927	0.01437888656294675	0.013901278022835566	0.013194010913826408	0.012585126891362779	0.01258536576960307	0.01318137456197253	0.013656611378964628	0.013854910670692111
191	0.016139873903311314	0.015430646147226853	0.01442355831099693	0.013745760233904608	0.01316110999655344	0.012809289776374527	0.012208029929253475	0.011414748495413376	0.011155552734190303	0.01143348022307959	0.011834748256580499	0.01230705366908172
192	0.013933139760375536	0.014129535742882803	0.013308053713685567	0.012693237807518779	0.012099184180957201	0.011798168292482394	0.011410845504383526	0.010646948101501071	0.010152184487205836	0.010084267197911757	0.010273850947442459	0.010737110549167173
193	0.011678435636161557	0.012645477543462024	0.01224137032213448	0.01170676450507671	0.011159353087391658	0.010860242602730958	0.010629027969002286	0.01008278620703931	0.009477127203045657	0.009129400714670409	0.009095078151368738	0.009396916621108841
194	0.009710468939639224	0.010956528347354312	0.0111450313381983	0.01075139961244629	0.01030428005173032	0.01002041655999741	0.00982024463940347	0.009541834839642736	0.008988865296707735	0.008507773786622782	0.008263034527330923	0.008376815082777687
195	0.00825429134327734	0.009232997514633506	0.009944537328078679	0.009826236679894258	0.009492453307897532	0.009278750902683507	0.009030579378796267	0.008938678399377807	0.008538016567181065	0.008108327898645198	0.007696221087331229	0.007637230687947158
196	0.007313379633630992	0.007716936995557769	0.008649595389933243	0.008908033920472215	0.008695677874404157	0.00859972777195717	0.008319829472838164	0.008276717050018787	0.008052703410494681	0.007780598606427212	0.007311031887683247	0.007101864833598582
197	0.006724656900405052	0.006578333200527576	0.0073748461081584605	0.007953821086108438	0.00791769419164018	0.007936286832039913	0.007701788838242442	0.007618219193264843	0.007521231370480034	0.00741830761004242	0.007006126096531392	0.0067102156807846485
198	0.0062959848413114364	0.005838497391113649	0.006260279055098542	0.006973863091959253	0.007152572803132991	0.007263640077029863	0.007136341970579445	0.007032489976261041	0.006958517021644637	0.007000751755450885	0.006690219791526576	0.006401682782886697
199	0.005899785078626924	0.005382929070763293	0.0053974562036485955	0.0060354756172245425	0.006390363863806629	0.006587459790288565	0.006578914015825957	0.006533091714724449	0.006412819909075175	0.006533669260608221	0.0063393523975178645	0.006111797171164052
200	0.005480859663615302	0.005057212141080934	0.004800996011958496	0.005216321549149699	0.00564992364487954	0.005916438651457163	0.006019126550560151	0.00606975733632893	0.005933526243351951	0.006036727403015761	0.0059692967526028505	0.0058028306371979334
201	0.005026246177364913	0.004758290688024528	0.004413371091120842	0.004565509216796841	0.004968425266870629	0.005268509117026002	0.005459986940958657	0.005596250657503322	0.005517875763149179	0.005558563660816643	0.005576952344618557	0.00548427210880642
202	0.004551267623446211	0.004445762271054467	0.0041422264767786605	0.004086272263401078	0.004374493436426786	0.0046772769806541084	0.004902441009723597	0.005114234679331563	0.005113314921107147	0.005141804565334336	0.005165192270111314	0.005175102315373817
203	0.004093003313551649	0.004109012486091958	0.003907386140995635	0.0037469797933825824	0.0038851555836352534	0.004165387066637398	0.004364979018108594	0.00463674100980099	0.00468810859634343	0.004777675715046909	0.0047708825814982364	0.004864035741002904
204	0.0036869949102999802	0.0037492384563834304	0.003664178856729516	0.003498353668267385	0.0034991186623816203	0.0037330591680463394	0.0038833539789410194	0.0041684408247471836	0.004261179885021839	0.004420174655732415	0.004427820866298733	0.004536661395734727
205	0.0033417313930147186	0.0033822578446029987	0.003400292116450433	0.0032940541551583304	0.003199475686040699	0.0033719442718542266	0.0034807497187593905	0.003724495096223934	0.0038557006567938603	0.004047523674821843	0.004123612495313258	0.004209994161749482
206	0.0030408676930439886	0.0030380271650662827	0.0031196838921040376	0.003102544169001115	0.002964256460801303	0.0030667239521698637	0.00315557082323797	0.0033336576062899816	0.003474592506072458	0.0036744667076767847	0.0038213050023158997	0.003906894004345082
207	0.0027691105834156656	0.0027433130765961884	0.002831083395983696	0.0029037401653813993	0.002773000998086991	0.0028050904063239837	0.002892159100984685	0.003013208961521543	0.0031202138277193563	0.003315770488864855	0.0035087063912012757	0.003618721572346504
208	0.002523262040245033	0.002503105082395043	0.0025496240992626327	0.002689258040607265	0.002610246544090451	0.0025826425869165896	0.002668894182838742	0.0027565730430533708	0.0028095220286435806	0.0029769452874323352	0.0031984590202758767	0.0033271949337205656
209	0.0023088212631008007	0.0023014275557676645	0.002295696022555378	0.0024624407735598037	0.0024606331201211516	0.002396395852303708	0.0024699700689743464	0.0025477673401999414	0.002556847010342424	0.0026669651968524687	0.0029008206448544655	0.0030360242225604427
210	0.0021311204359901713	0.0021213678786106576	0.0020833591298935706	0.002232959391075458	0.002307099796175107	0.002241126237754959	0.0022905851063093645	0.002366197857665966	0.0023604381641734017	0.002402706287905774	0.0026203359424475437	0.002757079705643595
211	0.001986594097897715	0.001954672032686263	0.0019105484788004663	0.0020128131542844394	0.002138507959940801	0.002109887146316826	0.0021330093637706945	0.002194399971697914	0.002209626938136633	0.002191812157246623	0.0023632799498830843	0.002495740907912766
212	0.0018607477446049322	0.0018031596269196864	0.0017641828258325011	0.0018134276357012504	0.0019566421637462333	0.0019920782503414737	0.00199846520296897	0.00203002058823754	0.0020845854012621957	0.002027426968683686	0.0021408293589486693	0.0022565304631803917
213	0.0017376441280578735	0.0016746656883464273	0.0016325112024736877	0.001642868039305733	0.0017735739111320698	0.001873298253867899	0.0018853389493235985	0.0018801548921271766	0.0019627167099903263	0.0019013442007781193	0.0019613066928308317	0.002044877591764468
214	0.0016106670362907324	0.0015732097668478902	0.001511394411056801	0.001502640809930744	0.0016031133812806728	0.001742391938024655	0.001787880053337532	0.0017496895722775192	0.0018340518906437206	0.001804343847397586	0.0018237654446249273	0.0018673643539785813
215	0.0014843225307925967	0.0014928150010186136	0.0014038445204673437	0.0013873655260043514	0.0014528416472690611	0.0015976532259651974	0.0016965091879681637	0.0016381255198569349	0.0017052639989365134	0.001720079638502753	0.0017221225510824613	0.0017262599960437568
216	0.0013664380689503738	0.0014195122943878654	0.0013141643307460816	0.0012897315959155972	0.0013234515662079774	0.0014493120487058403	0.0016001871487576163	0.001542755972208329	0.0015891341136453488	0.0016318746400562014	0.00164485559926107	0.0016152616007490703
217	0.0012610382538731752	0.0013403937629232596	0.0012423804497892002	0.001204402160174276	0.0012124598540202553	0.0013116585011961127	0.0014908829737206052	0.0014586967870076773	0.0014922266963264604	0.0015349124120527375	0.001574829712864524	0.0015286498008723116
218	0.001168021933009127	0.001252110054922612	0.0011861056798092996	0.0011308712393329715	0.0011184581451168009	0.0011922307984478734	0.0013676419139625042	0.0013791085103125658	0.0014134467091886452	0.001437936821472709	0.0014987129513357343	0.0014612498092573176
219	0.001086344182254094	0.0011607002850563348	0.0011406087916737083	0.0010704964927566996	0.0010398895470984095	0.0010910344515933507	0.0012404296055974998	0.0012976693778529852	0.0013475277885203717	0.0013523972921861064	0.001413893880634014	0.0014037112555076734
220	0.0010140914526098636	0.0010735727609244138	0.0010975591957118212	0.00102246947487851	0.0009737184614881603	0.0010043493561057097	0.0011240620216565183	0.0012099973581614356	0.0012872036368652246	0.0012825410658166055	0.0013275142507937678	0.0013459449435182737
221	0.0009479983745764264	0.0009943867099836679	0.0010489047856848887	0.0009833251434306016	0.0009173615337421643	0.0009297340720092826	0.0010255915461451553	0.001114838514129224	0.001225244693180092	0.0012255624216982062	0.0012484861369109926	0.001281526392008209
222	0.0008850115090677423	0.0009241542027068535	0.00099177242659982	0.0009504870702068678	0.0008708420830616868	0.0008677019435475939	0.0009419175503123955	0.0010170027129835166	0.0011571919508293644	0.0011750367785911763	0.0011810186992293756	0.0012117042187666197
223	0.0008245111202545771	0.0008628497091517185	0.0009300214133171544	0.0009223284870053714	0.000835012577242027	0.0008181717116915336	0.0008665239468548377	0.0009255531485935867	0.00108084168648749	0.001125151812679707	0.001124365611994498	0.0011445044940656592
224	0.0007682546225676691	0.0008092099246570676	0.0008699298057856494	0.0008953357624691145	0.0008081235698642496	0.0007786056040513881	0.0007966331229785494	0.0008465581410956165	0.000997545456598403	0.0010728351030926866	0.0010756188931346008	0.0010868823396995848
225	0.0007187657975415494	0.0007607159451366581	0.0008147376253481441	0.0008646405268158882	0.0007862708011983253	0.0007468409470376938	0.0007346451987480553	0.000779870809492804	0.0009141907223457681	0.0010176485360005399	0.0010307967558851373	0.0010408998086556234
226	0.0006777174315864963	0.0007148719853157389	0.000764348807878561	0.0008275161616128771	0.0007663030474492876	0.0007220669715829989	0.0006842863106250139	0.0007220551550184051	0.0008386592821415227	0.0009584488483255768	0.0009864721425944314	0.0010050226394096669
227	0.0006447081254712524	0.0006702739399212299	0.0007179301685598554	0.0007855800797541519	0.0007475781597373976	0.0007036596739091458	0.0006462782256022344	0.0006710168436280737	0.0007731229010723275	0.0008949044973941112	0.0009412253908975384	0.0009760188566861733
228	0.000617643282091378	0.0006279283519460389	0.0006753033031737655	0.0007426760169417259	0.0007298143438410312	0.0006897224871823253	0.0006186383103375753	0.0006269984257640184	0.0007149444800729491	0.0008295844055353811	0.0008949898909014105	0.0009491035039517427
229	0.000593943528344736	0.0005902277356454669	0.0006362415808033402	0.0007017720882949379	0.000710977968100249	0.0006773916952077949	0.0005991159029399016	0.000591743378562606	0.0006612815787646195	0.0007663362345790909	0.0008465036292834049	0.000919386375740601
230	0.0005715528140325828	0.0005589187051858294	0.0005999486835797546	0.0006635590130755835	0.0006881425056124217	0.0006648811845641551	0.0005855947949255136	0.0005659421502657541	0.0006114432003119537	0.0007083247870984856	0.0007948816300189302	0.0008851238149393313
231	0.0005499021936894612	0.0005346648003253443	0.0005653744607928148	0.0006272984729137301	0.0006607883812206443	0.0006522252963960659	0.0005759834291406358	0.0005485708503235996	0.0005666208346981991	0.0006564466655483326	0.0007417032254513286	0.0008465943119123569
232	0.0005290301096740959	0.0005171414663585972	0.0005316077459255352	0.0005920628965085504	0.0006311438851492255	0.0006386800992571936	0.0005684728699785387	0.0005378269322975304	0.0005289828425002701	0.0006094061978829028	0.0006899935314711946	0.0008030146216569659
233	0.0005086010313215185	0.0005044853082801049	0.0004990943493306878	0.0005576006504391893	0.0006019486814734492	0.0006221319328345945	0.0005614552567400354	0.0005316099075058965	0.0004996019894148064	0.0005660699789816226	0.0006420630637088396	0.0007553151300061459
234	0.00048792286257092404	0.0004934399922187619	0.0004698924444145738	0.0005242296114757538	0.0005743273675707813	0.000601254869397434	0.0005542546190359387	0.0005276780108809508	0.0004778597649761714	0.0005264773016163792	0.0005983742124274982	0.0007072814800194458
235	0.0004668221459792382	0.00048101242803203376	0.0004458900352571699	0.0004925196718578727	0.000547567496267167	0.0005771324359046415	0.0005471985690104142	0.000524521273408587	0.00046253984896668426	0.0004919640147419548	0.0005574186870020895	0.0006622605622242509
236	0.000446083722121	0.000466479400034169	0.00042762024549445785	0.00046316009248460684	0.0005207069617566502	0.0005522645758880913	0.0005403213833018444	0.0005216370020942755	0.0004522465262540218	0.0004637833560171137	0.000518046792809117	0.0006209390045146945
237	0.00042652866280810427	0.000450641316768572	0.00041476807313315685	0.00043619129525198535	0.0004934386049021691	0.0005284782443900316	0.0005324105817674714	0.000518272662243725	0.00044518996323734944	0.0004414414485688097	0.0004810276057954661	0.0005821054029880469
238	0.0004084386084120255	0.0004343492085736401	0.0004065073599364431	0.0004112480268774879	0.00046610523582668915	0.000506263194848076	0.0005221485255484588	0.0005136515055699984	0.0004394495306473101	0.00042335552522958334	0.00044857866411787835	0.0005441010036832923
239	0.0003919430679993466	0.00041786909410841146	0.00040114491969944305	0.00038862365783083353	0.000439029400256713	0.0004852176849966041	0.0005094943742617358	0.0005077814892975645	0.0004343137160642235	0.0004081552545372711	0.00042284069604440116	0.0005069393231732186
240	0.0003771568266445968	0.0004013242620135876	0.0003964794829423804	0.00036927230941640236	0.0004127864936371196	0.00046414805394059104	0.0004957188990634815	0.0005008490038430302	0.0004302392246669798	0.000395541984917649	0.00040368901563314017	0.00047195281083109425
241	0.00036373815958795196	0.00038496124487795284	0.00039069613894901706	0.00035426025394268476	0.0003884989051555854	0.00044206428495558743	0.0004816323544774741	0.0004924905108104087	0.00042720412391014737	0.00038561002584335024	0.0003895592638396255	0.00043999972896589676
242	0.0003505553652966788	0.00036909293743497904	0.0003832220712517367	0.0003440368698317885	0.00036708021362622016	0.0004186048453335239	0.0004670898185384702	0.0004818099829519172	0.00042462236588225536	0.0003781475254221326	0.0003795555826979469	0.0004116680098348533
243	0.0003367396817670273	0.00035374033907426813	0.0003743310374120306	0.00033797068389587926	0.00034862744094862403	0.00039440255563193534	0.000451505315180964	0.00046831943477208446	0.00042216477672071053	0.0003728428096462099	0.000372988243846622	0.00038778604570765076
244	0.00032235097376426253	0.0003388380262005407	0.0003647547668872313	0.00033462140966282483	0.00033258412940611004	0.0003706032734037496	0.0004346587484868983	0.0004524750382991291	0.00041965522982315384	0.0003695467512875342	0.000368881853676125	0.00036861427365765905
245	0.0003082185227080603	0.0003245033327224754	0.00035512902429143945	0.0003325377500676665	0.0003184158643477817	0.0003484197867528206	0.0004167378702080147	0.0004354330284895957	0.0004166469496421371	0.0003676368162976242	0.0003657677399696067	0.00035364740597885493
246	0.0002953921979657325	0.00031130050416286893	0.00034556788260069134	0.000330972780540661	0.00030627980573986135	0.00032893547597102093	0.00039790927272620544	0.0004179995882608854	0.0004122257901683312	0.00036595328681854013	0.0003624162099699329	0.0003422286539898851
247	0.00028466864518897366	0.0002998806283452769	0.0003355981734352114	0.00032947421164682025	0.00029683662873048605	0.00031264068655665873	0.0003779610515407672	0.00040066687387203045	0.0004057510459756925	0.00036412342334473714	0.0003585112418391819	0.00033299470292138145
248	0.0002762493566691045	0.00029030928649181594	0.00032479024683954824	0.0003272797468695897	0.0002907396258424449	0.00029922068942586215	0.00035714702865017385	0.0003835931531478854	0.0003976173102055031	0.0003626803514877547	0.0003546525086483424	0.0003244764655323954
249	0.00026950013625575564	0.0002818365007006138	0.00031318015261886853	0.0003236643934240883	0.00028776672992270427	0.0002882380467470766	0.00033609739704590195	0.0003667631429769415	0.000388806879666428	0.0003616470646562871	0.00035165403958905254	0.0003157965554418575
250	0.00026362683935801407	0.0002736100677438777	0.00030114122592902727	0.00031856983017394916	0.0002867829673495063	0.0002794267043229633	0.0003157397859920492	0.00035020317026994674	0.00037992375303296845	0.00036043148598275814	0.0003497187848814448	0.00030698390455299467
251	0.00025838637281209217	0.00026537899840430723	0.0002890902964339253	0.00031256213241066865	0.0002864580706874393	0.0002725237734193639	0.0002972735720332537	0.00033383822592390094	0.0003710541810468432	0.00035829343238770407	0.00034865112285251175	0.0002990805375196343
252	0.0002536854406657819	0.0002574278269008396	0.00027732300415708077	0.00030618823741159634	0.0002863168947974834	0.0002672626269291512	0.00028169700381332143	0.00031724618876145295	0.00036190557067276847	0.00035486493656889127	0.00034795532053201656	0.00029346532562995006
253	0.0002490759965265368	0.0002503465856811794	0.0002662338969740701	0.0002992813160399852	0.00028639882528534136	0.00026396658808728604	0.0002690492608743559	0.0003000161035529217	0.0003516984542628528	0.0003505337605904435	0.0003466426682717217	0.00029044709129284036
254	0.00024358221221966334	0.0002445046548927047	0.0002562442495050195	0.00029131598119249504	0.00028639926265259705	0.0002631759106932952	0.00025866894657003463	0.00028236529775346704	0.0003399380967743099	0.00034593484675575123	0.0003441047228286185	0.000288870002387663
255	0.00023614433156000017	0.00023982378083449882	0.0002476376699756341	0.00028223739448060244	0.0002856929882429084	0.0002646506707266572	0.00024993948128275645	0.000265243469336357	0.0003271519764200798	0.000341340356022424	0.00034041151910728986	0.00028770304789927525
256	0.00022632527646773904	0.00023569405488608867	0.0002402542953518794	0.00027243367409485127	0.0002838253857423226	0.00026713008225535164	0.0002424313153934643	0.00024987790652477275	0.0003141394439968964	0.0003367718325143645	0.0003355330909668185	0.00028696427993476483
257	0.00021463230400726484	0.00023139945633769544	0.00023358197743298108	0.00026232795531702755	0.0002806691343518557	0.00026935605471306096	0.00023589094876160833	0.00023767423424360588	0.0003009263707496819	0.00033212748076450144	0.00032928896361658925	0.00028715280641712686
258	0.0002023454465375739	0.00022667774169481006	0.000227132732122676	0.00025200981557883264	0.0002763651175893754	0.00027081737663108794	0.00023052559051054905	0.00022952821009358608	0.0002869781161387623	0.0003269504857379554	0.0003219811476277216	0.0002884491360598955
259	0.00019082025593862437	0.00022182668295398286	0.00022078527197769282	0.00024133169432102777	0.00027120179857134587	0.00027154707751919074	0.0002270985487558683	0.0002250887032085659	0.0002720623141173261	0.0003208512536165131	0.0003141656361981295	0.0002903315887560086
260	0.00018083625491371438	0.00021700969998304478	0.00021480612545938887	0.0002304403125897368	0.0002651856197514085	0.000271660019603315	0.0002261988008443103	0.00022317801350054686	0.0002568178738032567	0.00031403343082465684	0.00030621687194336527	0.00029173404065682614
261	0.0001724207073818089	0.00021190033868979466	0.00020960169692639066	0.00022006611955036688	0.0002582006245810258	0.0002708749445864854	0.0002275662185720665	0.00022257039668315738	0.0002424179108538067	0.0003064048833260996	0.00029836233904495876	0.00029193884230092616
262	0.00016516673219551468	0.00020592009516946812	0.00020552542254849394	0.0002112783258776043	0.0002505063738210468	0.00026851043557124185	0.00023026290134021366	0.00022239683905918528	0.00022990101812003465	0.0002974270534197452	0.00029072916077497644	0.0002909667982153454
263	0.00015888946735092535	0.00019869740675121288	0.00020251476859444985	0.00020441962755039474	0.0002425036016667166	0.00026414069460172813	0.00023336903197607097	0.00022249369633713044	0.00021978907643537189	0.0002870525990614993	0.0002829797932186459	0.00028923704956280674
264	0.0001538649078613941	0.00019040992110867496	0.00020007733917700013	0.0001987206510055265	0.00023438596077755903	0.0002580430139439924	0.00023630374699734605	0.00022318358508126678	0.00021194314167636137	0.0002755759742169552	0.0002748272889155206	0.00028707318632089886
265	0.00015041466530037425	0.00018166972198601616	0.00019770466659474646	0.0001931802216218755	0.0002258884213281253	0.00025085700299974157	0.00023902163100530548	0.0002247802271042841	0.0002059117943030201	0.0002633588221761857	0.00026664363251405773	0.0002846959128481592
266	0.0001485556433185043	0.00017309765536671572	0.00019520149455223748	0.00018759326605118716	0.00021659928312083148	0.00024311866761474461	0.0002417383742326659	0.00022718558182520507	0.00020137562167893378	0.0002509685746735594	0.00025864503183890933	0.0002825843195112016
267	0.0001478903055038439	0.0001650945715303034	0.00019261556436703838	0.0001826375530773364	0.00020662666096153172	0.00023526228592302627	0.00024418354448304484	0.00022980493597373616	0.0001980632564819581	0.0002390956211686082	0.0002504716446300762	0.00028111987106040163
268	0.00014789429774631779	0.00015786352130732462	0.00018993330208384748	0.00017896730267921363	0.00019684585808811528	0.0002275916529052008	0.00024557107725846664	0.00023177459308494606	0.00019564528676767294	0.00022814269668798318	0.0002418908682831103	0.00027976487472089245
269	0.00014827542586978994	0.000151502364085809	0.00018686476989371193	0.00017666102965575888	0.000188560694949788	0.00021997574622887773	0.00024527186301001033	0.00023256128201148434	0.00019384644470376905	0.00021810417975163155	0.00023298458001895663	0.00027763968503533005
270	0.00014875775752324965	0.00014607980748573414	0.00018303390594132454	0.000175426277298647	0.00018234854556708485	0.000212061030053794	0.00024308663023955455	0.00023201575801916542	0.00019285003743513778	0.0002089853456161835	0.000223836597796644	0.00027450703953252326
271	0.00014879307176299999	0.00014177064992600672	0.00017820006547854115	0.0001749050571955941	0.0001776562255532485	0.000203623955240509	0.00023925443845916182	0.0002305727514672294	0.0001931093815387011	0.00020093988682807186	0.0002144907741418479	0.00027025107268074087
272	0.0001478867936603894	0.00013881034305931214	0.00017243813222628192	0.00017475599402504648	0.00017348940972020964	0.000194559519086353	0.00023418915783708288	0.000229068245905527	0.0001945083855748525	0.0001939169106348859	0.00020520277491213615	0.0002647105279593718
273	0.00014602158940146348	0.00013725881795764575	0.00016607341352070065	0.00017471724850928283	0.00016920622933577471	0.00018496458608925886	0.00022830822344002414	0.0002277189096212681	0.00019635603262411306	0.0001877541790361757	0.0001965197297870507	0.00025796704397903353
274	0.00014346049747916787	0.00013682796889393208	0.00015946790535440242	0.0001747550700998727	0.00016495868579175063	0.0001755311829772863	0.00022209205648581124	0.000225946973602792	0.00019816839580160902	0.0001824458498121305	0.0001890064448087756	0.0002499538245923196
275	0.00014032043372103016	0.00013706293768640207	0.00015298064734320052	0.00017480631740781147	0.00016134920243320575	0.00016737730215631735	0.00021580003542478362	0.00022321319048815467	0.0001997378662018428	0.0001780118382174525	0.0001827838559376667	0.00024055952088891796
276	0.00013645965415469543	0.00013753578053744112	0.00014687427319811608	0.00017460508739494064	0.00015878882177530637	0.00016153229432208012	0.0002092039770272156	0.00021928780416802205	0.00020078130336626275	0.00017430327206771794	0.00017753025011780382	0.00023006049983912032
277	0.00013181647485920373	0.00013792411135439341	0.00014120789419968036	0.00017384099468049604	0.0001572536866601343	0.0001582539094186262	0.0002018610375296622	0.00021408265995304462	0.00020125825720362955	0.00017091062376717664	0.00017303245154797698	0.00021916091795542555
278	0.00012668885980134502	0.00013805279297161217	0.000136039790775053	0.00017228727161832578	0.00015643041768982708	0.00015690337820314533	0.00019352717467130762	0.00020768582185488744	0.00020148648798452062	0.00016736833116130255	0.00016925542384097324	0.00020870482897963641
279	0.00012154313469703513	0.0001377691019035067	0.000131562594029936	0.000169595222695411	0.00015612758603083038	0.00015644223888460862	0.00018438082220067516	0.00020046760171129937	0.00020167868383782496	0.00016382740621935559	0.0001661815900699908	0.00019929298432703967
280	0.00011677445320542991	0.00013695798390618596	0.00012794125738396957	0.0001654420316828503	0.00015641951423386473	0.00015594344569920808	0.00017500957165867453	0.00019309258842196538	0.00020163157043222126	0.00016082850711279778	0.00016389580473706984	0.00019118432280372944
281	0.00011272570811317061	0.00013551887072483953	0.00012525592284305564	0.000160060469602459	0.00015740643150086316	0.00015511579450872343	0.0001661407235353631	0.00018606779963197957	0.00020093198994814094	0.0001587925563928687	0.00016274665041498637	0.00018413809360022504
282	0.00010961088507493312	0.0001333240590618532	0.00012345682625825044	0.00015410121636400676	0.00015893389902820859	0.00015438881322978282	0.00015830327432376235	0.00017947530043764824	0.00019922884754054038	0.00015787705505000634	0.00016306159302166044	0.00017773700597047135
283	0.00010730527506906506	0.00013027925284990184	0.00012237689241446505	0.00014811274909282086	0.00016056163373806955	0.00015418501639525927	0.00015167774766362247	0.00017308944501342484	0.0001963338165694247	0.00015792817298853612	0.0001645541327813638	0.0001718615815590658
284	0.00010556129027887436	0.00012655554534657032	0.00012187154894690722	0.00014227881152684886	0.00016172889187277784	0.0001544116237397045	0.00014611702000067223	0.00016660420333979682	0.00019245204870499297	0.00015867687748759312	0.00016631010397694958	0.00016659240459688748
285	0.00010433775538187568	0.00012249909044372172	0.00012181458506556428	0.00013648800777352695	0.0001619221417696959	0.0001547605361974773	0.00014150644693996454	0.0001597604242935063	0.00018801668461283034	0.00015967416285648573	0.0001675533299332856	0.0001619015442912397
286	0.00010376242887101186	0.00011838424169071933	0.0001219937213085211	0.00013065617866541278	0.00016093912563051017	0.00015510747960850932	0.0001377435052284014	0.00015267321436653695	0.00018337556982530706	0.00016028584233312193	0.00016811645561369846	0.0001575325039962167
287	0.00010387549123787325	0.00011438783705182653	0.00012222221876824366	0.0001249020596634942	0.00015877894290321567	0.0001554896588366234	0.00013455351863184646	0.00014591447879269662	0.00017836233602739956	0.0001602646122977346	0.00016813840848426328	0.00015322305607337627
288	0.00010445545893241436	0.0001107054506260007	0.00012238847597559262	0.0001195352593156853	0.0001554610309078046	0.000155791654129408	0.00013164184525941614	0.00014014744866600742	0.00017264908600170872	0.0001600208327264823	0.000167732592967396	0.0001488032228077912
289	0.00010514452736146648	0.00010747127985906554	0.00012238859414426685	0.00011495222616943331	0.00015125826439589714	0.0001557649764192063	0.0001290741849868932	0.00013573111985738613	0.00016639819685104236	0.00016011496500902797	0.00016694047351408804	0.0001442552205916457
290	0.00010567590109378664	0.00010474326083770865	0.00012211398632912387	0.00011149913676325088	0.00014665872897310373	0.00015521148849077313	0.0001272208654167152	0.00013265954766906952	0.00016021236898572592	0.00016067148505654165	0.0001657080429817071	0.00014002017141031894
291	0.00010599993741937628	0.00010259985269179476	0.0001215182417792629	0.00010927330171183348	0.00014207761529070955	0.00015405150488807971	0.00012623590281802757	0.00013061681931028898	0.00015435490329599046	0.00016113576401122302	0.0001641277736765548	0.00013654589412234348
292	0.00010614135057004752	0.00010105712443077937	0.00012060802326959138	0.00010812347214243036	0.00013760314301938394	0.00015219090565326852	0.0001260063616633286	0.00012923314996392209	0.0001485225376152553	0.00016073985445657675	0.00016245035867286636	0.00013391726648155842
293	0.00010599435844190502	0.00009997486213957534	0.00011935817530628914	0.00010775316783098341	0.00013301108565744505	0.00014938998163080875	0.00012627329667408034	0.00012829685351701587	0.00014249290673417245	0.00015929654421208483	0.00016088360928137257	0.00013212405267647607
294	0.00010529082468028252	0.00009922932318571426	0.0001177160239084604	0.00010779930600584591	0.00012800095569802188	0.00014553903287883754	0.00012685656231756575	0.0001276440695473149	0.00013630233601223123	0.00015714460943858799	0.0001593092893336454	0.0001310833306678712
295	0.00010382355785804296	0.00009884421329738138	0.00011573574999320508	0.00010794372312678478	0.00012245240188077502	0.00014087864520635226	0.00012773548050012414	0.00012696005926378284	0.00013013968090618266	0.00015451918757487392	0.00015712988631533432	0.0001305223710637252
296	0.00010162736686380497	0.00009891529173692343	0.0001135525128039799	0.00010809415572208942	0.0001167162795734448	0.00013583983632196525	0.00012882747325879425	0.00012597297867520142	0.00012445202783479802	0.0001515324588865374	0.00015393411045850613	0.00013033091263705356
297	0.00009888735863760849	0.00009950634308239209	0.00011120672923724427	0.00010838693131248903	0.00011146308594144275	0.00013086348467108324	0.00012994716054714285	0.00012467179772430333	0.00011967419943257306	0.00014823280660665084	0.00014987314077196073	0.00013057760411030862
298	0.00009580600031720775	0.00010055301019846364	0.0001086316138991531	0.00010900998980211782	0.00010721862603279523	0.00012604780941396557	0.00013089184050319903	0.00012325947156366252	0.00011588434907305219	0.0001445785626217232	0.0001453360913565835	0.00013130216277989812
299	0.00009258133017311697	0.00010167597334257974	0.00010579893937022389	0.00010993323992910028	0.00010412454601801328	0.00012117886393907979	0.00013142055838874332	0.00012198905090948592	0.00011291582765729475	0.00014061186920605475	0.00014085858815562246	0.0001325494182803545
300	0.00008937562683465588	0.00010235199457689328	0.00010284277420383837	0.00011088979801860117	0.00010199989410598582	0.0001160157273398864	0.00013135076347782355	0.00012105396415912924	0.00011059561608142903	0.0001365704241960074	0.00013700619512470674	0.00013427920090191303
301	0.00008629557735174703	0.00010228877993507011	0.00010007021745391593	0.00011161248970933694	0.0001005524851446474	0.0001105257112551029	0.00013053254573918707	0.00012054715667765052	0.00010890049376370015	0.00013269279578132125	0.0001339626924338613	0.0001363236183469764
302	0.00008350610389358427	0.00010154051751615784	0.00009772694488846003	0.00011191126042707794	0.00009947348887949964	0.0001049444097748067	0.00012882893299123716	0.00012027899664876782	0.00010787181535434848	0.00012892248485830786	0.0001315638307146878	0.00013850416538469678
303	0.00008123718176813323	0.00010029943724860487	0.00009579152156305096	0.00011164852095284091	0.00009851551073210624	0.0000996741170467852	0.0001261988782828334	0.0001198425029407776	0.00010745091747506194	0.00012519145920866816	0.00012959795683700767	0.00014055356635011223
304	0.00007967868289428752	0.00009870215086556645	0.00009405408109365592	0.00011074741792490168	0.00009754591493711243	0.00009520430056082573	0.00012286220090719786	0.00011890804822987465	0.00010752169622087926	0.00012151919752833302	0.0001276397472890048	0.00014210775763774636
305	0.00007889961408083439	0.00009685495831710546	0.00009232523538126807	0.00010921761832568293	0.0000965877835170053	0.00009182870125856561	0.00011923115775377697	0.00011741473133545603	0.00010795699870200806	0.0001179490755505376	0.0001253131900340014	0.0001428673139719294
306	0.00007881587799997285	0.00009483779935308646	0.00009053956238234498	0.00010714906718736819	0.00009582011580232934	0.00008963780936954946	0.0001155553096799151	0.00011555858155861869	0.00010852247949127197	0.00011464737126280057	0.00012277469650550377	0.00014285677533017364
307	0.00007920874173423628	0.00009261084459881211	0.00008880517746075166	0.00010458693735555547	0.00009542429336839098	0.00008855962253972862	0.0001117637106871448	0.00011368165851887787	0.00010909071205341451	0.00011189330262365332	0.0001205238929979988	0.0001423538194989704
308	0.0000797667973798551	0.00009009820265286721	0.00008734027667590006	0.00010152428358442984	0.00009546759656105232	0.00008832852450638536	0.00010774285068718958	0.00011215188114046782	0.00010959682870411982	0.00010966679706727614	0.00011876764040057303	0.00014181183755214652
309	0.00008020558866699848	0.00008729161906415087	0.00008626405355458374	0.00009801216413784326	0.00009576207639053842	0.0000884864520560838	0.00010356401201012487	0.00011095805245893893	0.00010991375311279435	0.00010767034270329535	0.00011736290413717457	0.0001418272875739016
310	0.00008042657943928647	0.00008430994203826225	0.00008547352800824786	0.00009433389719357145	0.00009585804421089446	0.00008862707618211262	0.0000994010694738298	0.00010977434287539798	0.00011001219385867024	0.00010588049878373184	0.00011621518461964581	0.00014278921362455117
311	0.00008048988880608013	0.00008138488049890082	0.00008474195208126312	0.00009091052372728028	0.00009529562673714288	0.00008855515891751232	0.00009541581208734184	0.0001083769948480175	0.00011009178883048592	0.00010447112850189094	0.0001154026964757396	0.00014451879281723816
312	0.00008045854512762919	0.00007888590232104912	0.00008389856883037054	0.00008799852621513175	0.0000938621483191789	0.0000883384375896575	0.00009178812364540718	0.00010676555408194894	0.00011039549227506459	0.00010342183368793657	0.00011494382789875862	0.00014619947931298133
313	0.0000802158331085097	0.00007707047292635211	0.00008292848893137655	0.00008554022008107585	0.00009162906840720046	0.0000881588885520875	0.00008874335265911532	0.00010508172792845158	0.00011104673980991306	0.00010245941567082857	0.00011462725603094513	0.00014690995966873556
314	0.00007953224951057646	0.00007583401321481677	0.00008187392497234073	0.00008330906455382465	0.00008892064210193779	0.00008821914736291396	0.00008649285177842412	0.00010349610402931146	0.0001119604286374622	0.00010124995745219341	0.00011433794782530504	0.00014653163902752063
315	0.00007825226929383309	0.00007485243293230237	0.00008074673747097054	0.00008119298961779868	0.00008606828183578949	0.00008854693387528247	0.00008504199891482759	0.00010200643269509597	0.00011287077563200683	0.00009980723789728324	0.00011426190063123757	0.0001455285931964753
316	0.00007637915132265914	0.0000738574690617563	0.00007957248088962152	0.0000792191815598439	0.00008334115845844663	0.00008903685082092022	0.00008407229446613162	0.00010047308676994591	0.00011349559502164491	0.00009857819550101509	0.00011444901878131782	0.00014417917716653077
317	0.00007412957156290342	0.00007274855174314717	0.00007834769397606929	0.00007742382445131678	0.00008109409753734737	0.000089524707428712	0.00008320759835555753	0.00009883881265951125	0.0001135042700373071	0.00009815305597003734	0.00011472783661799553	0.0001424155749511129
318	0.00007187405127014222	0.00007158475260924078	0.0000769948565420746	0.00007580944342335907	0.00007955150254391582	0.0000897979804531184	0.0000822501443922729	0.00009723398753169457	0.0001127142721580372	0.00009880293273361207	0.00011502635189267898	0.0001400859231649857
319	0.00006993501396513914	0.00007057976937377903	0.00007540912845747095	0.00007433060140583187	0.00007857923837236562	0.0000896490301611131	0.00008123422462068853	0.00009574114194193317	0.00011130361997699214	0.00010041222621342928	0.00011561322305506257	0.00013739070230787915
320	0.00006840223332749727	0.00006991581284171814	0.00007352917775514309	0.0000729682743444182	0.00007786776995258366	0.00008899707023487698	0.00008033713651983073	0.00009429641285425873	0.00010969365547851886	0.00010272699255295022	0.00011674663734699417	0.00013505636737789957
321	0.00006727900768880856	0.00006956973415134202	0.00007136145475391913	0.00007185481171802749	0.00007716963671040942	0.00008793546422571995	0.00007975631037811468	0.0000928370880810937	0.0001081576814212793	0.00010532418690352961	0.00011843334824354478	0.0001337556574284515
