rel_pix,1150A,1200A,1250A,1300A,1350A,1400A,1450A
-50  1.0110e-04  9.4850E-05  9.1230E-05  8.8440E-05  8.7690E-05  8.7110E-05  8.7640E-05
-49  1.0590e-04  1.0030E-04  9.7030E-05  9.4900E-05  9.5260E-05  9.4790E-05  9.6960E-05
-48  1.1150e-04  1.0650E-04  1.0370E-04  1.0260E-04  1.0350E-04  1.0370E-04  1.0760E-04
-47  1.1790e-04  1.1360E-04  1.1170E-04  1.1160E-04  1.1260E-04  1.1410E-04  1.1850E-04
-46  1.2560e-04  1.2220E-04  1.2110E-04  1.2170E-04  1.2300E-04  1.2570E-04  1.2880E-04
-45  1.3480e-04  1.3240E-04  1.3190E-04  1.3300E-04  1.3520E-04  1.3770E-04  1.3860E-04
-44  1.4600e-04  1.4410E-04  1.4410E-04  1.4610E-04  1.4850E-04  1.4920E-04  1.4870E-04
-43  1.5930e-04  1.5730E-04  1.5820E-04  1.6090E-04  1.6200E-04  1.6030E-04  1.6070E-04
-42  1.7450e-04  1.7240E-04  1.7450E-04  1.7680E-04  1.7530E-04  1.7310E-04  1.7610E-04
-41  1.9200e-04  1.9020E-04  1.9270E-04  1.9280E-04  1.8940E-04  1.8950E-04  1.9480E-04
-40  2.1220e-04  2.1060E-04  2.1170E-04  2.0920E-04  2.0670E-04  2.1070E-04  2.1650E-04
-39  2.3540e-04  2.3280E-04  2.3090E-04  2.2770E-04  2.2890E-04  2.3590E-04  2.4140E-04
-38  2.6080e-04  2.5560E-04  2.5130E-04  2.5080E-04  2.5620E-04  2.6400E-04  2.7040E-04
-37  2.8790e-04  2.7930E-04  2.7580E-04  2.7980E-04  2.8750E-04  2.9540E-04  3.0430E-04
-36  3.1690e-04  3.0660E-04  3.0690E-04  3.1400E-04  3.2230E-04  3.3210E-04  3.4300E-04
-35  3.5020e-04  3.4090E-04  3.4480E-04  3.5250E-04  3.6210E-04  3.7530E-04  3.8650E-04
-34  3.9030e-04  3.8360E-04  3.8830E-04  3.9620E-04  4.0900E-04  4.2500E-04  4.3530E-04
-33  4.3920e-04  4.3410E-04  4.3760E-04  4.4730E-04  4.6410E-04  4.8100E-04  4.9270E-04
-32  4.9700e-04  4.9150E-04  4.9470E-04  5.0770E-04  5.2750E-04  5.4570E-04  5.6470E-04
-31  5.6370e-04  5.5690E-04  5.6230E-04  5.7810E-04  6.0110E-04  6.2520E-04  6.5760E-04
-30  6.3900e-04  6.3290E-04  6.4110E-04  6.5990E-04  6.9000E-04  7.2620E-04  7.7210E-04
-29  7.2430e-04  7.2100E-04  7.3210E-04  7.5780E-04  8.0040E-04  8.5190E-04  9.0160E-04
-28  8.2280e-04  8.2290E-04  8.4010E-04  8.7880E-04  9.3650E-04  9.9830E-04  1.0380E-03
-27  9.3900e-04  9.4310E-04  9.7350E-04  1.0290E-03  1.0970E-03  1.1580E-03  1.1840E-03
-26  1.0790e-03  1.0910E-03  1.1400E-03  1.2070E-03  1.2780E-03  1.3280E-03  1.3500E-03
-25  1.2500e-03  1.2770E-03  1.3400E-03  1.4100E-03  1.4740E-03  1.5160E-03  1.5470E-03
-24  1.4590e-03  1.5010E-03  1.5680E-03  1.6320E-03  1.6870E-03  1.7300E-03  1.7620E-03
-23  1.7070e-03  1.7570E-03  1.8170E-03  1.8730E-03  1.9240E-03  1.9640E-03  1.9630E-03
-22  1.9930e-03  2.0410E-03  2.0920E-03  2.1380E-03  2.1810E-03  2.1950E-03  2.1280E-03
-21  2.3200e-03  2.3570E-03  2.3970E-03  2.4270E-03  2.4420E-03  2.4020E-03  2.2760E-03
-20  2.6850e-03  2.7080E-03  2.7280E-03  2.7280E-03  2.6930E-03  2.5960E-03  2.4540E-03
-19  3.0700e-03  3.0750E-03  3.0640E-03  3.0240E-03  2.9360E-03  2.8130E-03  2.7020E-03
-18  3.4540e-03  3.4360E-03  3.3940E-03  3.3170E-03  3.2040E-03  3.0960E-03  3.0210E-03
-17  3.8400e-03  3.7970E-03  3.7320E-03  3.6430E-03  3.5420E-03  3.4670E-03  3.3960E-03
-16  4.2710e-03  4.2000E-03  4.1270E-03  4.0510E-03  3.9790E-03  3.9210E-03  3.8150E-03
-15  4.7930e-03  4.6950E-03  4.6270E-03  4.5670E-03  4.5020E-03  4.4260E-03  4.2780E-03
-14  5.4260e-03  5.3100E-03  5.2430E-03  5.1660E-03  5.0640E-03  4.9480E-03  4.7850E-03
-13  6.1720e-03  6.0470E-03  5.9480E-03  5.8090E-03  5.6390E-03  5.4840E-03  5.3420E-03
-12  7.0630e-03  6.9020E-03  6.7300E-03  6.5070E-03  6.2720E-03  6.0930E-03  5.9890E-03
-11  8.1650e-03  7.9110E-03  7.6490E-03  7.3620E-03  7.0880E-03  6.8970E-03  6.8130E-03
-10  9.5670e-03  9.1830E-03  8.8620E-03  8.5600E-03  8.2720E-03  8.0620E-03  7.9510E-03
-9  1.1410e-02  1.0920E-02  1.0610E-02  1.0330E-02  1.0030E-02  9.7730E-03  9.5910E-03
  -8  1.3920e-02  1.3410E-02  1.3170E-02  1.2930E-02  1.2560E-02  1.2240E-02  1.2010E-02
  -7  1.7530e-02  1.7070E-02  1.6940E-02  1.6710E-02  1.6220E-02  1.5830E-02  1.5650E-02
  -6  2.2980e-02  2.2580E-02  2.2580E-02  2.2370E-02  2.1760E-02  2.1320E-02  2.1370E-02
  -5  3.1330e-02  3.1030E-02  3.1210E-02  3.1080E-02  3.0470E-02  3.0120E-02  3.0440E-02
  -4  4.3640e-02  4.3570E-02  4.3990E-02  4.4120E-02  4.3790E-02  4.3720E-02  4.4090E-02
  -3  5.9910e-02  6.0320E-02  6.1050E-02  6.1600E-02  6.1930E-02  6.2300E-02  6.2380E-02
  -2  7.7820e-02  7.8920E-02  8.0020E-02  8.1100E-02  8.2330E-02  8.3250E-02  8.2840E-02
  -1  9.2580e-02  9.4410E-02  9.5800E-02  9.7330E-02  9.9400E-02  1.0090E-01  1.0010E-01
    0  9.8990e-02  1.0130E-01  1.0260E-01  1.0420E-01  1.0670E-01  1.0850E-01  1.0810E-01
    1  9.4540e-02  9.6640E-02  9.7600E-02  9.8800E-02  1.0090E-01  1.0280E-01  1.0300E-01
    2  8.0970e-02  8.2300E-02  8.2600E-02  8.3100E-02  8.4300E-02  8.5580E-02  8.6540E-02
    3  6.3060e-02  6.3330E-02  6.3090E-02  6.2970E-02  6.3070E-02  6.3460E-02  6.4790E-02
    4  4.5810e-02  4.5220E-02  4.4690E-02  4.4210E-02  4.3500E-02  4.3090E-02  4.4270E-02
    5  3.2290e-02  3.1260E-02  3.0620E-02  3.0000E-02  2.8980E-02  2.8130E-02  2.8830E-02
    6  2.3100e-02  2.2000E-02  2.1320E-02  2.0680E-02  1.9710E-02  1.8820E-02  1.9020E-02
    7  1.7290e-02  1.6310E-02  1.5640E-02  1.5040E-02  1.4270E-02  1.3540E-02  1.3420E-02
    8  1.3600e-02  1.2760E-02  1.2140E-02  1.1610E-02  1.1050E-02  1.0510E-02  1.0300E-02
    9  1.1120e-02  1.0420E-02  9.8660E-03  9.4040E-03  8.9710E-03  8.5910E-03  8.4130E-03
  10  9.3430e-03  8.7970E-03  8.3190E-03  7.9110E-03  7.5490E-03  7.2460E-03  7.1250E-03
  11  7.9640e-03  7.6050E-03  7.2240E-03  6.8760E-03  6.5620E-03  6.2870E-03  6.1720E-03
  12  6.7960e-03  6.6220E-03  6.3670E-03  6.1040E-03  5.8520E-03  5.6030E-03  5.4510E-03
  13  5.7680e-03  5.7200E-03  5.5940E-03  5.4320E-03  5.2620E-03  5.0690E-03  4.8910E-03
  14  4.8870e-03  4.8800E-03  4.8460E-03  4.7770E-03  4.6860E-03  4.5710E-03  4.4140E-03
  15  4.1750e-03  4.1540E-03  4.1510E-03  4.1360E-03  4.1000E-03  4.0530E-03  3.9530E-03
  16  3.6200e-03  3.5790E-03  3.5620E-03  3.5580E-03  3.5440E-03  3.5350E-03  3.4890E-03
  17  3.1760e-03  3.1440E-03  3.1080E-03  3.0890E-03  3.0710E-03  3.0680E-03  3.0520E-03
  18  2.7990e-03  2.8030E-03  2.7690E-03  2.7350E-03  2.7060E-03  2.6920E-03  2.6810E-03
  19  2.4640e-03  2.5100E-03  2.5010E-03  2.4700E-03  2.4330E-03  2.4060E-03  2.3860E-03
  20  2.1690e-03  2.2390E-03  2.2620E-03  2.2500E-03  2.2150E-03  2.1800E-03  2.1480E-03
  21  1.9190e-03  1.9860E-03  2.0310E-03  2.0420E-03  2.0180E-03  1.9790E-03  1.9340E-03
  22  1.7140e-03  1.7550E-03  1.8060E-03  1.8350E-03  1.8240E-03  1.7860E-03  1.7290E-03
  23  1.5510e-03  1.5560E-03  1.5940E-03  1.6300E-03  1.6330E-03  1.6000E-03  1.5350E-03
  24  1.4200e-03  1.3950E-03  1.4080E-03  1.4380E-03  1.4500E-03  1.4270E-03  1.3630E-03
  25  1.3100e-03  1.2690E-03  1.2560E-03  1.2690E-03  1.2830E-03  1.2720E-03  1.2160E-03
  26  1.2050e-03  1.1680E-03  1.1390E-03  1.1310E-03  1.1370E-03  1.1350E-03  1.0940E-03
  27  1.0940e-03  1.0800E-03  1.0460E-03  1.0250E-03  1.0180E-03  1.0180E-03  9.9130E-04
  28  9.7450e-04  9.9280E-04  9.6700E-04  9.4100E-04  9.2530E-04  9.1970E-04  9.0320E-04
  29  8.5240e-04  9.0000E-04  8.9360E-04  8.7000E-04  8.5020E-04  8.3900E-04  8.2440E-04
  30  7.4010e-04  8.0040E-04  8.1880E-04  8.0550E-04  7.8570E-04  7.7110E-04  7.5290E-04
  31  6.4600e-04  7.0090E-04  7.3800E-04  7.4190E-04  7.2690E-04  7.1150E-04  6.8900E-04
  32  5.7130e-04  6.1110E-04  6.5290E-04  6.7390E-04  6.6920E-04  6.5640E-04  6.3170E-04
  33  5.1170e-04  5.3700E-04  5.7100E-04  6.0060E-04  6.0770E-04  6.0150E-04  5.7780E-04
  34  4.6260e-04  4.7830E-04  5.0000E-04  5.2710E-04  5.4140E-04  5.4280E-04  5.2280E-04
  35  4.2050e-04  4.3110E-04  4.4270E-04  4.6100E-04  4.7490E-04  4.8040E-04  4.6470E-04
  36  3.8290e-04  3.9150E-04  3.9740E-04  4.0680E-04  4.1540E-04  4.1950E-04  4.0580E-04
  37  3.4810e-04  3.5700E-04  3.6020E-04  3.6390E-04  3.6660E-04  3.6600E-04  3.5170E-04
  38  3.1580e-04  3.2620E-04  3.2820E-04  3.2930E-04  3.2810E-04  3.2300E-04  3.0660E-04
  39  2.8650e-04  2.9800E-04  2.9980E-04  2.9980E-04  2.9700E-04  2.8950E-04  2.7120E-04
  40  2.6090e-04  2.7160E-04  2.7440E-04  2.7370E-04  2.7040E-04  2.6260E-04  2.4350E-04
  41  2.3830e-04  2.4720E-04  2.5120E-04  2.5040E-04  2.4670E-04  2.3960E-04  2.2100E-04
  42  2.1740e-04  2.2510E-04  2.2960E-04  2.2960E-04  2.2550E-04  2.1900E-04  2.0160E-04
  43  1.9730e-04  2.0550E-04  2.0930E-04  2.1050E-04  2.0670E-04  2.0050E-04  1.8430E-04
  44  1.7860e-04  1.8790E-04  1.9090E-04  1.9270E-04  1.8980E-04  1.8390E-04  1.6890E-04
  45  1.6180e-04  1.7150E-04  1.7480E-04  1.7610E-04  1.7430E-04  1.6890E-04  1.5540E-04
  46  1.4720e-04  1.5610E-04  1.6040E-04  1.6110E-04  1.5980E-04  1.5490E-04  1.4320E-04
  47  1.3440e-04  1.4210E-04  1.4700E-04  1.4800E-04  1.4640E-04  1.4200E-04  1.3170E-04
  48  1.2330e-04  1.2980E-04  1.3440E-04  1.3640E-04  1.3440E-04  1.3020E-04  1.2090E-04
  49  1.1430e-04  1.1900E-04  1.2270E-04  1.2540E-04  1.2400E-04  1.1990E-04  1.1130E-04
  50  1.0740e-04  1.0960E-04  1.1240E-04  1.1500E-04  1.1450E-04  1.1100E-04  1.0300E-04
