pixel,1400A,1450A,1500A,1550A,1600A,1650A,1700A,1750A
1	0.000065418252138613	0.00006182446256788819	0.00006127084480468949	0.0000663967370929807	0.00006922765440625523	0.00006670531394003604	0.00006659670152443031	0.00006594562576851813
2	0.00006623932321067707	0.0000632347402663849	0.00006143842697850804	0.00006718885377934343	0.00007012186095597012	0.00006828290369127023	0.00006738944014091916	0.00006623562920680017
3	0.00006672261749307214	0.00006491078734843309	0.00006190631408581901	0.00006794388896015622	0.00007071363086337586	0.0000697593916170359	0.00006826187590929258	0.00006660555437008142
4	0.00006688491521234672	0.00006649255963035265	0.00006276289233162155	0.00006851664518565931	0.00007089871615162063	0.00007112795345689524	0.00006922296586034202	0.00006718640421254899
5	0.0000668871505740239	0.0000676656032099285	0.00006397941032778468	0.00006894756653212287	0.00007083161907090711	0.00007251660167280103	0.00007038838848034889	0.00006810987284579065
6	0.00006693987741711679	0.00006838938960302595	0.00006548280966475426	0.0000694478333589929	0.00007070914084724045	0.00007403341046468798	0.00007186825116562897	0.00006954236674908551
7	0.00006714318229522524	0.00006882449533816338	0.00006726526154510866	0.00007013249531040494	0.00007068697984289253	0.00007569811002912499	0.00007369680045479448	0.0000715105644332419
8	0.00006755167481330763	0.00006916570968105243	0.00006926391022712392	0.00007093251405150865	0.00007091618526617279	0.00007737212763950337	0.00007581033140132184	0.0000738873440600831
9	0.00006819975488140993	0.00006955679251159613	0.00007134350339312562	0.00007173284489187273	0.00007150501275514133	0.0000788361608364699	0.00007807542844036446	0.0000765134529655352
10	0.0000689681421282868	0.00007007857001036007	0.0000733950046383399	0.0000725642139096244	0.00007251048905922441	0.00007989477806847742	0.00008039131272194748	0.0000793131991857369
11	0.00006960217010922093	0.00007071912611318717	0.00007544596521134583	0.00007364566364108628	0.00007390583171841435	0.00008055157540495336	0.00008273852985256716	0.00008232980616962202
12	0.00006993942655693105	0.00007138254871743091	0.00007756843190352682	0.00007514109470620205	0.0000755774888539306	0.00008102468047474646	0.00008511792952154828	0.00008564996963136127
13	0.00007003427895798269	0.00007202458440618321	0.00007974467301927182	0.0000770009273905578	0.0000772922802137683	0.0000815616784321319	0.00008750805101801759	0.00008932562200022883
14	0.00007010129478019351	0.00007272788515253494	0.00008191976951999513	0.000079082709479679	0.0000787861943783995	0.00008226409975905244	0.00008985187926355467	0.00009333659403544178
15	0.00007044410004493302	0.00007365351951969196	0.00008391336104672932	0.00008123897359436459	0.00007984928992944768	0.00008311362426342322	0.00009212718014123955	0.00009750710203768604
16	0.00007134802784439177	0.00007491678605412663	0.00008548902154931652	0.00008332586052365043	0.0000805043753675741	0.00008406341303689979	0.00009434654460458987	0.00010161098383394108
17	0.00007291490675824618	0.00007649430820264387	0.00008660890015639533	0.00008529291748820723	0.00008110533670355117	0.00008519154364836297	0.00009651356128427793	0.00010547624894564019
18	0.00007504481355024655	0.00007834877163049849	0.00008740056134895889	0.00008717642278267685	0.00008212147404435033	0.00008665313225485706	0.00009870686658775017	0.00010900117297436248
19	0.0000775783636484346	0.00008052471855776401	0.00008802834331052185	0.00008890017613417493	0.00008394585463071229	0.00008850929941047698	0.00010098670382246655	0.00011210995461311804
20	0.00008041711421376269	0.0000829678768669946	0.00008853713422538356	0.00009026690483451286	0.00008669501491001483	0.00009072470566582718	0.00010340414425271916	0.00011470500519630448
21	0.00008349803939715022	0.00008550068771701446	0.00008888572112025639	0.00009127884560570143	0.00009010094941985322	0.00009320945971208983	0.00010587497346138103	0.00011671516973505936
22	0.00008676810587250057	0.00008803951282843886	0.00008910084733859287	0.00009219335719389077	0.00009365605228061542	0.00009587194418820773	0.00010824773996767922	0.0001181081198349243
23	0.00009022607017140653	0.00009061099798809955	0.00008925233229808128	0.00009326460225388781	0.0000969332683172833	0.00009872046088907387	0.00011045371403821932	0.00011889003258801193
24	0.00009384367116101362	0.0000932875109307187	0.00008933050223111832	0.00009465106152672138	0.00009977931571637363	0.00010188092505139629	0.00011246852241120435	0.00011908356869222386
25	0.00009743207337506877	0.00009606100905386848	0.00008923732079874027	0.0000963492634219439	0.00010236430169324424	0.00010550172445008375	0.00011418844382125079	0.00011886470009914338
26	0.00010065082055564308	0.00009865035539613379	0.00008908484236864229	0.00009815958753014202	0.00010509098395769765	0.00010962530336400238	0.00011540635265437337	0.00011846751845456831
27	0.00010322663621305938	0.00010056392394088602	0.00008927246514258484	0.00009985109468685084	0.00010836723005512813	0.00011409523791883486	0.00011615600589059165	0.00011809729566354972
28	0.00010510865121322924	0.00010155966533386426	0.000090208743056808	0.00010145171823328094	0.00011226181882209399	0.00011857261747333334	0.00011674400232500537	0.00011788353283153518
29	0.00010635054744262965	0.00010181603930420651	0.00009211368511363415	0.00010321614723483126	0.00011655039192753372	0.00012254008810073033	0.0001175249382144096	0.00011785925010775795
30	0.00010689072837967515	0.00010174862565442409	0.00009495087285636334	0.00010539663721863335	0.00012086521537022238	0.0001255483537321349	0.00011866767449557279	0.00011796937855135405
31	0.00010667826891998234	0.00010176383724288457	0.00009844808653377233	0.00010818289683122632	0.0001248187857625213	0.00012749299187352672	0.00012017397394356657	0.00011812739529839778
32	0.00010586816386271848	0.00010212436456011396	0.00010212912232678516	0.00011150141289303008	0.00012817392392959733	0.00012870662271773027	0.00012198106560617503	0.00011823215823474599
33	0.00010475378110840812	0.0001029599476283121	0.00010549888574127496	0.00011500356898067065	0.00013070962591913213	0.0001297233465510657	0.00012399710607664845	0.00011842402762094335
34	0.00010355447447000432	0.00010427050228842693	0.0001084088266810692	0.00011840139033729003	0.00013217689163792933	0.00013100097952291803	0.00012613248536430847	0.00011910371616334453
35	0.00010246621534565935	0.00010587945937216399	0.00011129160844068697	0.00012169362498435564	0.0001326090057280702	0.00013279714963122685	0.00012833279097601642	0.00012063832741945765
36	0.00010173732176737553	0.0001075386017286693	0.00011485176887631448	0.00012489130109034208	0.00013245956920881807	0.00013501256384649134	0.00013056925088919904	0.00012306758656718545
37	0.00010157103968556817	0.00010920585405037851	0.0001193457085507365	0.0001277518983483137	0.00013237387155688596	0.00013722274980071468	0.00013292067237996908	0.00012617635150102976
38	0.00010211993067266948	0.00011110565559953091	0.00012438248516671017	0.00013001583233909466	0.00013292399546424414	0.0001389603191882102	0.00013551973680439442	0.00012968626213688696
39	0.00010344536393919379	0.00011348965028272633	0.00012925956979687803	0.00013174291454718162	0.00013437978325552016	0.00014000295925566464	0.0001383512818869227	0.00013329726297986455
40	0.00010546527915451234	0.00011648156408877021	0.0001335074792043659	0.00013337085825316754	0.00013648838094476855	0.00014039975643154087	0.00014133137866055825	0.00013692237571286237
41	0.00010812419135548346	0.00012008687194839683	0.00013709359511229971	0.0001353232159587375	0.00013865328783161645	0.00014054130150485862	0.00014450095862112946	0.00014087838296786908
42	0.0001114515466332169	0.00012415561712820133	0.00014006331436377498	0.00013777848506275263	0.00014035048034045328	0.0001410330614827922	0.0001479447860466895	0.00014553121291645689
43	0.000115522647175176	0.0001283734982161208	0.0001423786953696285	0.00014068246935007036	0.00014149198761066392	0.00014230175489243828	0.0001516730072792998	0.00015086283916669908
44	0.0001204834698749797	0.00013235209637613783	0.00014404625770331227	0.0001437530322808679	0.00014235294376501955	0.00014440700990801583	0.0001556125893861327	0.0001567645409549492
45	0.00012630927855575237	0.00013582785294768366	0.0001453133354986324	0.0001465805340559259	0.0001433964249219921	0.0001471870668306618	0.00015967998444203877	0.0001631584930717526
46	0.0001326132595296101	0.00013883423344151162	0.00014664392668512863	0.0001488977685934871	0.00014509108438953922	0.0001505184469775387	0.00016380838664970294	0.0001700063347793619
47	0.0001389382684221214	0.0001415895920826105	0.00014832779757071953	0.0001507592221796324	0.0001477540984895325	0.00015430428538915214	0.00016777957752990946	0.00017710770467569786
48	0.00014501962237133118	0.00014427660692589153	0.0001502373007945682	0.00015254692834117234	0.00015154589795892786	0.00015860289083044938	0.00017157228055796406	0.00018414679424734971
49	0.00015067563451088013	0.00014711969593686022	0.00015197732978566218	0.00015477373995494734	0.00015622432230278757	0.0001635145052614271	0.0001754230681368768	0.0001906951381532784
50	0.00015568863773401478	0.00015038700524649961	0.00015326285946518087	0.0001577717747322735	0.0001613405437610041	0.00016891766775012422	0.00017974954289244502	0.00019652264498104955
51	0.00015986599159458298	0.0001541472091642201	0.00015416156973484555	0.00016155103267670733	0.00016661204909849603	0.00017452992210758954	0.0001848099860238062	0.0002016659751226301
52	0.00016324514320702953	0.00015811880326034716	0.00015510170235733003	0.0001658744680044315	0.00017202480104517283	0.00018031075197481042	0.00019043188915499287	0.00020629286665515209
53	0.0001661239614051308	0.0001618200933745372	0.00015660149397597853	0.0001703022580922598	0.00017753099791200947	0.0001863095698069491	0.00019612764584946897	0.0002104152178327858
54	0.00016886033804837296	0.00016495221255766055	0.0001590230006786071	0.00017460619120330802	0.00018292789789605896	0.0001925756884028553	0.00020152060880472572	0.0002139424975683936
55	0.00017156659314494123	0.00016755142785672273	0.00016251478256053482	0.00017886914124217045	0.00018815987816203351	0.00019916574020127065	0.0002065097926464868	0.0002167482925551088
56	0.0001740014647440645	0.00016975069135365597	0.00016704249109278637	0.000183303332750512	0.00019346752012819988	0.00020593491144578992	0.00021101227481202983	0.00021855120575275415
57	0.0001758596294852142	0.0001719430356365305	0.00017229167794387704	0.00018808438947044172	0.00019919562509254727	0.00021273303482561797	0.00021481227532641725	0.00021903148539518386
58	0.00017726554366939953	0.00017476922004866456	0.00017794331818469605	0.0001932821145709793	0.0002055073398706018	0.00021926578869617237	0.00021767318133545356	0.00021825930738705274
59	0.00017869206231586123	0.00017864355670229012	0.00018388891775967885	0.00019882569405448445	0.00021227077600051498	0.0002252342652488572	0.00021949953897942447	0.0002166430584996365
60	0.0001804590819027972	0.00018342346058956645	0.0001900237567458919	0.00020453200017473411	0.00021914401103805833	0.00023050262084013188	0.00022043630798189957	0.00021483977895366964
61	0.00018280321783703367	0.00018853329196950866	0.0001961178153088154	0.00021053955983394655	0.00022572073813776223	0.00023495667979068994	0.00022084790659756425	0.00021349102827792601
62	0.000186053127036553	0.00019355711668307628	0.0002023378140600619	0.00021713871309394058	0.00023172210903728483	0.00023847397433619192	0.0002211236125552745	0.00021314059539249042
63	0.00019039148686844827	0.0001985502789215012	0.00020920457898027404	0.00022407779478680616	0.00023705859503062957	0.00024087960240034634	0.00022156595557055436	0.00021431388490531593
64	0.00019548054673344337	0.0002037667788681809	0.0002171303559358537	0.0002307035766769676	0.00024152103755925868	0.00024219173465254577	0.00022256990846904962	0.00021743762944930896
65	0.0002009325129325322	0.00020938501831908301	0.00022610926352513132	0.0002365737822992298	0.00024469032848701606	0.00024288113614435634	0.00022453638101740874	0.00022232020873615938
66	0.0002068617888051103	0.00021566140719132799	0.0002355193689769076	0.00024172806889107045	0.0002464766135788155	0.00024374541948497173	0.00022793725303217754	0.00022808704535943504
67	0.0002136226088907047	0.00022285052310234922	0.0002444540683368973	0.00024621530424912333	0.000247324594792431	0.00024553624051515356	0.00023305099528254155	0.00023346293668754625
68	0.00022148505292286943	0.00023103472775793537	0.00025202537764563434	0.0002499933622509397	0.0002477405727454145	0.0002485685676419297	0.00023964353676062474	0.00023749129216071543
69	0.00023046570346216483	0.00024004698825116466	0.00025778462084363464	0.0002531174254651688	0.0002480480512365393	0.00025281323094670854	0.00024694905660536655	0.00024012554793045692
70	0.00024030649175388642	0.00024926985578997	0.00026207654499628896	0.0002558719596220148	0.00024869552747843854	0.0002582525300033821	0.00025394915194903783	0.00024206411576483276
71	0.00025079932124378	0.0002577075974117267	0.0002656317358326415	0.00025886390896826575	0.00025059539217901105	0.00026476015880076063	0.0002597206882070053	0.0002444171467008018
72	0.00026192301386963423	0.00026463396632295136	0.0002688683811616343	0.0002627086828631615	0.00025488469300203286	0.00027178447011050067	0.00026410266980367075	0.00024892462481307864
73	0.0002734468561038843	0.0002701937233639313	0.00027177411544860577	0.0002677309506454959	0.0002618666669084559	0.0002782833208265384	0.0002676450666141229	0.00025722210241745986
74	0.0002844716226698487	0.00027509168485548226	0.00027435388975729304	0.0002739830245305584	0.00027066520005802273	0.00028315859164737165	0.00027157268146881045	0.0002698813364026288
75	0.0002937362517044522	0.00027990404484883356	0.000276733949845642	0.00028147707894019127	0.0002797057128039191	0.0002865045135778508	0.0002777502079868399	0.00028618432537062935
76	0.0003006916699781743	0.00028471986872217136	0.0002791787780424007	0.0002902544857696093	0.0002878062419272027	0.00028943950936223805	0.0002878752924304845	0.00030497784604497063
77	0.0003058648207053085	0.00028944793640275674	0.00028246458358999015	0.0002999408033933997	0.0002945648687700332	0.0002940495240498863	0.0003023659744846776	0.00032544148019046675
78	0.00031033265732820984	0.00029410109835449844	0.00028763023621643875	0.0003093789011758982	0.0003006658308052609	0.00030284869193299	0.0003203895470665549	0.0003471815044566877
79	0.00031497595283018254	0.0002990046060630005	0.0002954440638574201	0.00031755894310034463	0.00030749399614984983	0.00031741182907290205	0.0003408997761630395	0.0003700196790506384
80	0.0003201445091128475	0.0003051571697929498	0.0003060525112021835	0.00032474743869466774	0.00031698200912598794	0.0003373835409074972	0.00036324942954225225	0.00039348975549700443
81	0.00032551463587361467	0.00031372365319596874	0.00031841560998837704	0.00033227273287832107	0.00033127371878308474	0.00036109534392583814	0.0003869592822202989	0.0004165849687606954
82	0.00033076738977483826	0.00032507941827123534	0.0003307794059088341	0.0003420534021999005	0.00035126803315456027	0.0003872754268478323	0.00041131811408385	0.000438473680275006
83	0.0003361712023194379	0.00033836605561619274	0.0003422649363035047	0.00035634296005168615	0.000376215245593971	0.0004155224623477214	0.0004355835866525937	0.000459496659487093
84	0.0003429552821662389	0.0003523865240426042	0.0003538558081780631	0.00037673859236761736	0.0004048450776041838	0.00044525901742689824	0.0004594802277703633	0.00048121017142493375
85	0.0003530381052325337	0.00036649045009613703	0.00036786866608880703	0.00040296074217073254	0.00043616567553788087	0.00047544312473914445	0.0004836970629774437	0.0005047835675506914
86	0.00036752373270802796	0.0003806948068617754	0.00038685281216626743	0.0004334103887536915	0.0004690897779870313	0.0005054501985079674	0.0005096063792747139	0.0005299420981810859
87	0.0003859706343997617	0.0003959102493783896	0.0004121933544896099	0.0004671396476172785	0.0005024220164947408	0.0005354869775234523	0.0005379314443131937	0.0005553186463617577
88	0.0004069818693711323	0.0004139763174187753	0.00044367549613526594	0.0005040759199589957	0.0005354394810240501	0.0005668369749586595	0.000567772542288116	0.0005796923309988343
89	0.00042953084457707214	0.000437305946814145	0.0004803654122814866	0.0005433663258592922	0.0005687476884613131	0.0006006319141642341	0.000597402126027173	0.0006033094229837095
90	0.00045380461686965327	0.0004675475203663658	0.0005215301401252531	0.0005833695661267626	0.0006040504825132906	0.000636540462924145	0.0006262085203264028	0.0006281604623204734
91	0.00048099575114896644	0.0005043594801615711	0.0005664986822447326	0.0006235937250023117	0.0006428103795019181	0.000673233056285593	0.0006553872035320352	0.0006572089479028013
92	0.0005132952116870519	0.000546381554124967	0.0006139540857708228	0.0006650091489858729	0.0006847810837686762	0.0007101156767110723	0.0006878440438663508	0.0006929036316896675
93	0.0005527190672761904	0.0005928997757977444	0.0006622307506873421	0.0007090813966382391	0.000728298812399988	0.0007484558553952762	0.0007268736925110335	0.0007356753042540721
94	0.0005996211832280028	0.0006440203286950894	0.0007108308296607191	0.0007569182557214543	0.0007722909543279855	0.0007911483662837698	0.0007747575732672804	0.0007843082165737124
95	0.0006535747475715884	0.0006991291195951987	0.0007608237113392725	0.0008082523915572875	0.0008175156408484567	0.0008408803448378297	0.0008319814568430314	0.000837854022590817
96	0.0007143731270136154	0.0007566832928432522	0.0008141297179996454	0.0008616355015156785	0.0008670262513644402	0.0008994972484309995	0.0008973799578170825	0.0008966995502236129
97	0.000781057243539471	0.000816206070716755	0.0008717007180175587	0.0009165858845077758	0.000924584385553792	0.000967706688968243	0.0009690458638231545	0.0009623778253562557
98	0.0008513303893397894	0.0008789294996501319	0.0009330012471387895	0.0009750262267741237	0.000993088106350309	0.0010447882128353995	0.0010457201083218077	0.0010365440322875922
99	0.0009231263663332304	0.0009460767704005474	0.0009971968151436532	0.001041117650879328	0.0010736637982807372	0.0011287595145370905	0.0011282291361491685	0.0011206799773626488
100	0.0009963557813982042	0.0010181001864944098	0.0010647847499512706	0.0011193196847705642	0.001165760414729443	0.0012175831546492823	0.0012184850748599733	0.0012164127019792918
101	0.0010728036470313586	0.001094759856586179	0.0011390776789950282	0.0012121150385663974	0.0012674581259757177	0.001312328570047249	0.0013191790126145474	0.0013247712429381186
102	0.0011546094355742189	0.0011761015156886235	0.0012253214689861298	0.0013188314034513898	0.0013768273471239723	0.0014167733413080145	0.00143373725929665	0.001445895689718302
103	0.001243043615488412	0.0012642698951936078	0.0013285761495144715	0.0014360415102442038	0.0014949678199430128	0.0015355211331673183	0.0015641892941788344	0.0015787020563996998
104	0.0013376042328357705	0.0013635352693370964	0.0014502608863656093	0.001560167536099466	0.001625293362647461	0.0016727601135098026	0.0017088160384694858	0.0017209482217455815
105	0.0014392346062953936	0.001478486215982708	0.0015873270211532692	0.001692341630615562	0.001771592006622647	0.001829313465390633	0.0018631501725026281	0.0018706165568091813
106	0.001552429234719964	0.0016112879046464444	0.0017343746356035413	0.0018376680458479587	0.001936028263346708	0.002000340933863405	0.0020237720569623537	0.0020269979735645888
107	0.0016815596727580864	0.001760737700282763	0.0018891308187429386	0.002001266382644608	0.0021170069701549814	0.0021781895438785217	0.002189654879467653	0.002187359640718182
108	0.0018286216753184872	0.0019236900596796805	0.002054040071394006	0.002184559264969705	0.002309098669458008	0.0023576917466009563	0.002358380252080602	0.0023420050059186964
109	0.0019945211109970813	0.002098449643244718	0.0022354076730814114	0.002383966520203987	0.0025068026253497184	0.0025365416537944	0.0025214250436763675	0.0024793131988489615
110	0.002180085181820003	0.0022858893223571134	0.0024396651804049012	0.0025933324691394008	0.002706853353524736	0.0027116147044284485	0.0026688324795099507	0.0025987475341213164
111	0.002384640992197008	0.0024908991885405117	0.002666940123505856	0.0028070453903348645	0.0029034622603079756	0.002875142739165017	0.0028002009381765	0.002715194965459992
112	0.002606915827430836	0.002721163997621556	0.0029086497048142726	0.003021033786718341	0.0030878905711759375	0.0030216348370011793	0.0029292437405299254	0.002845726085858144
113	0.002848622130443625	0.0029793981749826337	0.0031524939709837627	0.0032290986264459664	0.0032532860142777207	0.003157019302196916	0.00307053089685228	0.002990913210597769
114	0.0031153871613144595	0.0032561848546887547	0.0033885655500176166	0.0034193573874104354	0.003404204012736456	0.0032962906979502695	0.0032225513808217827	0.0031398064624935697
115	0.003410002698712197	0.003533628791713019	0.0036092171877944957	0.003583098538192206	0.0035595685792338167	0.003448883065206526	0.0033769213152609018	0.0032886847326223513
116	0.0037237404295450394	0.0037959761665721254	0.0038061062060232576	0.003729237966545857	0.003734014012007659	0.0036142379292660085	0.003538449916015679	0.003453460193049724
117	0.004039027925985969	0.0040335700089616545	0.003979199319392811	0.0038823001794997905	0.003920174375594806	0.0037958315265213998	0.0037295249063955633	0.0036641928951762163
118	0.004338192922680739	0.0042398244673962	0.004147315322542889	0.004060223967553457	0.004107485753787209	0.004010642378958376	0.003976067184231075	0.003946010212933514
119	0.004611058471882322	0.004419407761765272	0.004334107107740552	0.004264514089884688	0.004311017057464386	0.004282808837971396	0.004292847905771605	0.004299927096529775
120	0.004855734714730758	0.004599654638661296	0.004545912351355329	0.004497058232741656	0.004570441429165584	0.00462572358984002	0.004679574507222446	0.004702188230753054
121	0.0050800992845843615	0.004814564603254965	0.004777741880700805	0.0047744659034443596	0.004919147616778112	0.005036522942440066	0.005122482610640721	0.0051185277088774605
122	0.005309874409778258	0.005074351690729739	0.005039613443898637	0.0051222534840369175	0.005361585093390083	0.005503427067592941	0.005593331459115483	0.0055241117002892475
123	0.005576461175073413	0.0053635982481906415	0.00536571075903122	0.005559988925589442	0.005879397598825394	0.006003980985323822	0.006057212002141721	0.005911454170202255
124	0.005883285295501369	0.005678153334811213	0.005790919739208023	0.0060891348049841075	0.006436878490535701	0.0065025576267763	0.006489322969838166	0.006282867358960118
125	0.006209284154677772	0.006052649684478651	0.00632097594187345	0.006681203066400539	0.006984831252398638	0.006967688695874304	0.006888835970448603	0.006655045951512049
126	0.006558075111445091	0.006534343325627436	0.006930243260578853	0.0072802205287260105	0.007485161683491567	0.0073971669210222074	0.007287979350918552	0.007066365820628882
127	0.006977487957392958	0.007131753237700811	0.007571204519607308	0.007833583664691031	0.007936924728025116	0.007833404631432426	0.007742618607851869	0.007567973549932177
128	0.007519287761080697	0.007811002513276539	0.008191505966810224	0.008331700280496273	0.008392699265346212	0.008341832108492325	0.008301124343886192	0.008183405398783393
129	0.008204389826459588	0.008527663959377658	0.008767485862814041	0.008827599488384404	0.008926272578145393	0.008960673938452311	0.008959091682473717	0.008866454381884879
130	0.009022254822102057	0.009246207614080033	0.009323913994449356	0.009401909126075537	0.00957373286712722	0.009660688311570022	0.009648272817287466	0.009521577567145964
131	0.009932087793398187	0.009942317209340246	0.009926433783002052	0.010101947017417102	0.010299269754416264	0.010362253377111877	0.010285801197511973	0.010076204608177642
132	0.010856038882978045	0.01062818002210483	0.010642179027506516	0.010905644551601226	0.011024404518447902	0.011000664726918769	0.01083588007987088	0.010531445794877022
133	0.011727576861309394	0.011378869160014599	0.01149113898693518	0.01173787259350883	0.011699429724921256	0.011570886404531272	0.011330362255135227	0.010959406231662963
134	0.012585417766932424	0.01228195228844899	0.012422143333226192	0.012538346196253578	0.012341007149203723	0.012130451715519639	0.011853126615335928	0.011465317847967808
135	0.013560938934264095	0.013348727850689437	0.013361416874154102	0.013314022617552835	0.01302766732612905	0.01278647289474212	0.012512185210870422	0.012143566803371461
136	0.014748464034753803	0.014497753144550646	0.0142840084804291	0.014151201883959325	0.01387718429422697	0.013658959791199951	0.013398839370826645	0.013027523777425772
137	0.01610156170201378	0.015644438524093144	0.015255575762483013	0.015184171262125104	0.014986116622034732	0.014807116193849262	0.014509253427298372	0.014066208789590334
138	0.017506691215085933	0.016801120189943612	0.016419048621101363	0.016517747981071126	0.016365541789087373	0.016175202136687192	0.015748353482422244	0.015162589259559978
139	0.01892533849771605	0.018125635081264864	0.017927624521126687	0.018172687148228905	0.017951878627773313	0.01766825581596228	0.01704822704862878	0.016293863454624736
140	0.020485741562348846	0.01985794007588914	0.019868716436205497	0.020089804347576234	0.019702033296473177	0.019294578819892525	0.018508055850190715	0.017609968397784406
141	0.022450386742509678	0.022165152021862145	0.022215742643580918	0.02222176169612067	0.021706328449712528	0.021209178548400976	0.020321176139946797	0.01932232941063595
142	0.025076020065682457	0.02500054546787931	0.02489225703215767	0.024677279429350343	0.024153927575747643	0.02354632346557436	0.022578992896703686	0.021490423974678517
143	0.028429597994713108	0.028238501962266696	0.02794050233359711	0.027616397878693646	0.027100378097803995	0.02628989217034705	0.025177135934392504	0.023989302966026513
144	0.03235205762580507	0.03189125006324235	0.03146555320819412	0.031010522598729814	0.030361341559351454	0.02929739370343602	0.027975785598155972	0.02670603384983462
145	0.03671564846251016	0.036004233919718756	0.03537300869194308	0.03461365541922813	0.03371740073983269	0.032437725985739775	0.030883393146094472	0.02952516586561539
146	0.04169469979290756	0.04045931172309445	0.03940986521982095	0.03824555064517508	0.03708120803416355	0.03559987088484831	0.03376204433696763	0.0322527457829471
147	0.04746079411984939	0.0450898479317752	0.04349367424990179	0.04190322980104135	0.04048934935800364	0.038822242829745925	0.03670759646194875	0.03500345610944533
148	0.05406252611262796	0.050076685655813094	0.04783081742323683	0.04591695873329793	0.04438185236471286	0.042623144533644894	0.04036593313797682	0.03845609196863958
149	0.06197038760936236	0.05616445922536625	0.05317779758109835	0.051265049517276014	0.04977539240421537	0.047962776666509624	0.04563284715798935	0.043556912272334714
150	0.07243604338363448	0.06477842777498061	0.06110301383915906	0.05950293517586877	0.05813106803088695	0.056250111089848835	0.053749834712512295	0.051576368710343566
151	0.08757355290116192	0.07826768251971175	0.07406166869133231	0.07298864920521496	0.07188613522248168	0.06997683496421438	0.06709123857381022	0.06467707987395308
152	0.11013811227711738	0.09987521481998723	0.09568974809941949	0.09540458592523295	0.09481385717917036	0.09286645641072143	0.08925067173860864	0.08586934287830991
153	0.1433002462538789	0.13345295359625095	0.13031681419367147	0.13104374054843224	0.13087008137769826	0.12854765262746828	0.12362312069308144	0.11802499954903688
154	0.19218924643475893	0.18314672125498524	0.18141056253749657	0.18269151332978661	0.18220696064306108	0.17883211047999892	0.1718767840204849	0.16310302304993757
155	0.2653534190943578	0.25424125313487345	0.2517662175187463	0.25182953326418533	0.2499298598521041	0.24478718129786292	0.23536944868017193	0.2237310492608181
156	0.37100212484980644	0.3537614380299769	0.34709380965955483	0.343613817592094	0.33902233377532	0.3313727027892625	0.3195625219550113	0.3066202053172045
157	0.5100150609187803	0.4881039672027919	0.4771293324241691	0.46949681101591184	0.4614329671301861	0.45082668787969254	0.43714496973984895	0.42463869152431216
158	0.6735320137973327	0.6562551250243598	0.6462962563283495	0.6369669387419672	0.6263940478170913	0.613761363680148	0.5996620321653724	0.5887532717828373
159	0.839823179487003	0.835568347316488	0.8323954144722423	0.825298963037254	0.8153727510744017	0.8038730090520803	0.7922432096803372	0.7837438068406996
160	0.96570043017594	0.9712395776557441	0.9738165658087188	0.9711424066172814	0.9657232572929859	0.9593933030716862	0.9532633498824888	0.948151958289298
161	1.	1.	1.	1.	1.	1.	1.	0.9999999999999999
162	0.9245319835290027	0.9059217490675865	0.8968563258967901	0.896052068097427	0.8982799859150836	0.9010484912548641	0.9038069640524454	0.9088292000473679
163	0.7719838873765605	0.7395146967640066	0.7249759852349126	0.72281838698371	0.7242951132417318	0.7257418213692851	0.7266087545111017	0.7318816992277475
164	0.597225704034799	0.5665926594021108	0.5550887078661298	0.5538114247889113	0.5544621047972322	0.5534854565892602	0.5501312704229867	0.5500239365531666
165	0.4410392692200927	0.422322123538666	0.41887549628750015	0.42059147636713995	0.4217930990078716	0.4193204190337135	0.41195747399140037	0.4044245879642446
166	0.3177244411084422	0.3107987861588955	0.314735963930452	0.31967866569561687	0.321980566958558	0.3189140442694275	0.3091396795977088	0.29624303218502374
167	0.22612948765987792	0.2263560617824833	0.2335724171333699	0.23986798801428968	0.24239026781746537	0.23911251538491848	0.22931285935809997	0.2153793979084611
168	0.1607360311020089	0.16397056019398046	0.1708930093066627	0.17643206757843302	0.17817514884776886	0.17493350857298645	0.16693703590465853	0.15533693044010707
169	0.11606997069577948	0.11955827072936466	0.12474534916242938	0.12867155727196317	0.12940209234793115	0.12650142159311514	0.12069407531676545	0.11221241858306945
170	0.08702367043585571	0.08933147091226512	0.09275200306530748	0.09516954428772827	0.09503983402156625	0.09266580389660203	0.08860469163597726	0.08256462105466594
171	0.06915470316694933	0.069835432165423	0.07187849010234061	0.07311115926241257	0.07230821206250916	0.07036418909199998	0.06740301943479558	0.0630079665242447
172	0.05896283385118545	0.058054777878024086	0.058983750722569	0.05930354123039473	0.05812098551057953	0.05635975296457703	0.05380569256839756	0.050433832672200724
173	0.05336285524916836	0.051110976061307524	0.05101547003949806	0.050677993029431934	0.049471276099569396	0.04785830230012245	0.045290780634766825	0.04242560945988786
174	0.0494743514905051	0.04633371673908495	0.04531233301877814	0.044603263910746815	0.043607372102352805	0.04235446666170937	0.03992524251334705	0.037345396581661396
175	0.045203869134619164	0.04187950555097723	0.0402320071724099	0.03934169740831024	0.038587986651347043	0.037909550104168986	0.03611483188615282	0.034011508259283625
176	0.039885692702975144	0.03713477437562332	0.035407408713950615	0.0344167737907633	0.033759394487152226	0.03354002408973182	0.03262362498420658	0.03138665829324652
177	0.03404796365311652	0.03225290795012163	0.031031495383625613	0.030067923946416643	0.029419822796637567	0.029302189619873027	0.02897970444043017	0.028683063634428137
178	0.028689926300067312	0.027656106911012418	0.027195512696584493	0.0264703433390297	0.025919247230949696	0.02563488175117753	0.02547667823600966	0.025709642099192572
179	0.02469694051155032	0.023860956274830616	0.02388022739264985	0.023542322117930486	0.02323923169795764	0.02273602491566191	0.022520355354425984	0.022766681589207517
180	0.022337394212672675	0.02123212124416125	0.021160786004190246	0.021099032078021163	0.02109228407915841	0.02048725273905932	0.020192257510411152	0.020181529093688456
181	0.021181035299259656	0.01970325924488902	0.019176037143659286	0.019073431243087195	0.019212783261540835	0.01862275497899122	0.018287792444464577	0.018024229460175508
182	0.02043354616542859	0.01881191391696586	0.01786597294459042	0.017489362469945043	0.017534445235733585	0.016977460631668016	0.016592129901048754	0.01618659011947191
183	0.019455907580203255	0.018042111431149425	0.016945107681693824	0.01627968138959093	0.01609868056742519	0.015545216462876231	0.015076065646623601	0.014588965355206679
184	0.01806324555619996	0.017097199952401564	0.01613799905231352	0.015313083699936182	0.014915459511294776	0.014355878170581845	0.01382657602121761	0.01327012130511204
185	0.01638379828646472	0.01588029571995874	0.015274793106219178	0.014500115993792018	0.013977296365514758	0.013396570147705811	0.01287017724035211	0.012298711345053712
186	0.01460892504769363	0.014436783519652864	0.014244754453271558	0.013735894948280817	0.013236519012056998	0.01263762917176816	0.012135981030050452	0.01163098652381876
187	0.012846926842760875	0.01290308610429234	0.013018850715771538	0.012878430637218273	0.012560965557781462	0.012008316883662272	0.011533885490915923	0.011115906404479651
188	0.011146193561053749	0.011378320715074391	0.011672104235826677	0.01183743892766639	0.011789034079878595	0.011386929263579615	0.010983373062492372	0.01063158106072884
189	0.009579439131064193	0.009902033151487952	0.010302649413011537	0.010651565655192723	0.010833150421863318	0.010653387527167869	0.010389222111520713	0.010120074099360653
190	0.008230754936365142	0.008537274723507585	0.008984496909520698	0.009430391559723961	0.009738678193862165	0.009760649405631925	0.009670407476214693	0.009516954612831512
191	0.007143240922933673	0.007374987020275886	0.00778657089782466	0.008268527818642912	0.008621954000781107	0.008765986083177768	0.008817728593218605	0.008777395731745541
192	0.006283332620539734	0.006447829386877661	0.006778692225996817	0.007225685264971442	0.007577885336893354	0.007768464671199301	0.007903237719814583	0.007939654998827294
193	0.005574672541889692	0.0057113613284159636	0.005971125437679578	0.00634196021328614	0.0066571012055796595	0.006840469384135394	0.007007789858329514	0.0070950345151744865
194	0.004963825960997464	0.005094263709962411	0.005313166733022718	0.005614432375710944	0.005883481628048272	0.006021918667049848	0.006181158427420211	0.006299935262160411
195	0.004440718229685285	0.00455239028434859	0.0047513097196618575	0.0050007186686477825	0.005246053164743177	0.00533575795608282	0.005454791450202788	0.005571516012005298
196	0.004013321352075236	0.004074446564086308	0.004257204016095365	0.004462105068410707	0.004703201542920716	0.004773957172826248	0.004851077426128761	0.004927018740215914
197	0.003673489050422462	0.0036660737416510576	0.003821625815675565	0.003983178604596423	0.0042158194781968346	0.004298410519090411	0.004359879025900769	0.004389537168808906
198	0.0033926265442749256	0.003330449239856657	0.003441576371229895	0.0035652082088981707	0.0037720150466032964	0.003868614718941775	0.003942095585712888	0.0039573826356606705
199	0.0031359053625166088	0.0030547009175387213	0.0031164372479126957	0.0032087544723960735	0.0033822615297701055	0.0034708224683069632	0.003559429331903373	0.0035965734623284815
200	0.0028800832216140273	0.00281481293602866	0.0028415946853505795	0.002907994070645757	0.0030511294843304057	0.0031170441789931443	0.0032008788693404853	0.0032677692651265126
201	0.0026217137164866373	0.002589383365312596	0.002603902753384517	0.0026522148626675975	0.0027694215530311346	0.002818759365213891	0.0028795438137024895	0.002952332675431443
202	0.002369038357363627	0.0023675883322929765	0.002389610570317406	0.0024274924171009717	0.0025256851330694025	0.0025697691970806204	0.002609507513090662	0.0026585330913330768
203	0.0021346775015219713	0.0021522823901824065	0.002190589318753755	0.002222763554448681	0.0023114962897857194	0.00235739969474439	0.0023875459606046727	0.002403414859510652
204	0.0019273140583076808	0.0019527474925647701	0.002002680132489699	0.002034355023964965	0.00212019886797226	0.002169119534866188	0.0022001511975704687	0.002193771821289481
205	0.0017443153987344335	0.0017754090421645428	0.0018263798301670926	0.0018625783744742883	0.0019474067942750692	0.001995808697219484	0.002034264821642438	0.002023148572582527
206	0.001577963489615888	0.0016187135237974912	0.001665438128157456	0.0017076024949874927	0.001790316375794543	0.0018323329904206518	0.0018808484526740173	0.0018795444296411392
207	0.0014261148501677802	0.001475656843054725	0.0015213773421043821	0.0015681994297664596	0.0016467533676851687	0.001678811612179045	0.0017352536987286268	0.0017523461828018677
208	0.0012937768878625627	0.001342599713443926	0.0013907718923245975	0.001442128173392942	0.0015147469107731984	0.0015381981763183876	0.0015979934975599366	0.0016345902481654233
209	0.00118633263513506	0.0012238433444387508	0.001269339294176362	0.0013257942467759176	0.0013932218978223707	0.0014116800270519622	0.001471658666727296	0.001521038290429785
210	0.001104194633225362	0.0011253495810623682	0.0011580627904298447	0.0012165119067589912	0.0012818736951919593	0.0012988619184941428	0.001357141509547813	0.0014095763962518454
211	0.0010429331386964452	0.001047683726898351	0.001062019835210949	0.001114832231925411	0.0011801313351708944	0.001199125299201713	0.001253416583898142	0.0013025911249912152
212	0.000995975624996916	0.0009866427706928332	0.0009842380222154256	0.0010246115162963268	0.0010868728920548586	0.0011094490361217796	0.001159602720405611	0.0012034869418407256
213	0.0009569102016927789	0.0009369637410659793	0.000923211414626078	0.0009490137324299745	0.0010018198216811202	0.0010259258247749953	0.0010744021164613505	0.0011133130026743712
214	0.0009205767807954958	0.0008947614969489817	0.0008749417321653372	0.0008878896233099999	0.0009263211035356924	0.0009463775727740504	0.0009958405155631284	0.0010311141257715235
215	0.0008841255542529837	0.0008573919834312456	0.0008349869271226861	0.0008392575705903383	0.0008621363096713093	0.0008721360854669123	0.0009219674830468205	0.0009556730169239116
216	0.0008477179833576929	0.0008231689684048328	0.0007994788903970158	0.0008005930269757828	0.000809730996528951	0.0008066054092642902	0.0008524383593166598	0.0008859049083283185
217	0.0008123481609023358	0.0007910226396630487	0.0007668265933827998	0.0007683004534086125	0.0007680860761518297	0.000751949594000118	0.000789419843758301	0.000820651646821744
218	0.0007777126052934797	0.0007608461700580456	0.0007372225412107133	0.000738012924186177	0.0007351186016749546	0.0007084385004425837	0.0007352242020178756	0.0007596006853577687
219	0.0007431449502029483	0.0007321264697470203	0.0007108541633499014	0.0007078144916793274	0.0007076304829465401	0.0006751258449623664	0.0006903608127279531	0.0007044584604210765
220	0.0007087842236543007	0.0007031666789863183	0.0006870992577229838	0.0006785644445246456	0.0006820296523980239	0.000650144087730483	0.0006542001633170403	0.0006566363000180918
221	0.000675390307351474	0.0006731650413941665	0.000664788694324281	0.0006520219026169443	0.0006567652155708153	0.0006305309718683728	0.0006259843868316757	0.0006164924351055966
222	0.0006434941293208567	0.0006429711795199025	0.0006425608834082693	0.000628952484415325	0.0006323372392295622	0.0006126825018126378	0.0006050888791271167	0.0005840606096405435
223	0.0006128306228422357	0.0006138653711307705	0.0006194511197012121	0.0006089663830695067	0.0006100370339705926	0.0005945403808949712	0.0005896229705219588	0.0005590494221582993
224	0.0005824353454355976	0.0005862808143860463	0.0005952763099566334	0.000590940318482461	0.0005907763012041268	0.0005761965352155301	0.0005759911351578856	0.0005406300461378483
225	0.0005515085212322274	0.0005596262065847706	0.000570747143730269	0.0005735186556701988	0.0005744314285922351	0.0005593203651469814	0.0005613626870132895	0.0005271352262176604
226	0.0005203311789661448	0.0005334614315569948	0.0005466021109845923	0.0005555379541668235	0.0005593906456331833	0.0005454221203064312	0.0005450168252079849	0.0005160334607235342
227	0.0004899026935279606	0.000507691366619211	0.0005227786479017646	0.0005364341559639923	0.0005436890769925111	0.0005344870243955138	0.0005284373316858375	0.0005050966900303343
228	0.000461622529020114	0.00048217797479990147	0.0004989179922361694	0.0005161756223672134	0.0005263440726949209	0.0005248734656369073	0.0005137414609260973	0.0004931454401948975
229	0.0004360070285608678	0.000457062997301681	0.0004749270839849864	0.0004947415344272772	0.0005074653507865589	0.0005144938906026526	0.0005018340251849803	0.00048073906122116143
230	0.00041237211440925756	0.0004329996567648175	0.00045100498299148755	0.00047228018170262603	0.00048812883076995766	0.0005022028366378394	0.0004915228851405771	0.0004694523655756571
231	0.0003905012548365407	0.00041056057640231756	0.0004275781589539693	0.0004496011322864966	0.00046938565967954954	0.00048795993072471875	0.0004808388058631427	0.0004602790859811457
232	0.0003712679716672176	0.00039002598364070416	0.0004054771957430808	0.0004284497580142613	0.00045129425693800476	0.0004719883077980475	0.0004685589287279308	0.00045233843619672695
233	0.0003553443299232318	0.0003714389749883052	0.0003853059360828552	0.00041003601495927423	0.00043331206578949943	0.00045446336885948587	0.000454765820431409	0.00044404042549723606
234	0.00034242689894109973	0.0003548398215180956	0.00036734581821473	0.00039369908439680965	0.0004154116998151661	0.00043573962003120936	0.0004402662783529599	0.0004345111500205154
235	0.00033153423236111963	0.0003405416179275091	0.00035157790625750486	0.00037783622663378503	0.00039804242741975306	0.0004163383997843908	0.00042549917141502126	0.0004237078553278641
236	0.00032133430593001987	0.0003284991708903997	0.0003372830702073086	0.0003616279000698227	0.00038140341902117886	0.00039702115991495937	0.0004101759518021115	0.00041206535633190954
237	0.0003111629881241361	0.0003180597064462051	0.00032382876865125524	0.0003456864427782982	0.000365365569735722	0.00037895165838788006	0.00039393629226463464	0.0004000042987389987
238	0.0003013513571449226	0.000308211304857654	0.00031095035340679764	0.00033050883839384575	0.00034968645515149374	0.0003629298565616248	0.00037699805606235785	0.0003875996124363121
239	0.0002926703412224696	0.0002985274470301521	0.0002986195685721711	0.0003158681521817439	0.0003346874029713736	0.00034850779094833777	0.00036041369326264403	0.00037458467748942325
240	0.00028579968885119944	0.0002892810446257697	0.00028723481681747047	0.0003018504066927942	0.00032091087657213876	0.00033451034327940365	0.00034513528429053886	0.000360809548981894
241	0.0002810603512148317	0.00028094976678694027	0.0002773368874271235	0.0002890707692220554	0.0003080691434181664	0.00032019882641593146	0.00033127646747828875	0.00034672213561248163
242	0.00027828045716330477	0.00027374923823400224	0.0002690226149752938	0.00027808334012477344	0.00029557030207619	0.00030605837874439436	0.0003185812787394153	0.00033336829821954016
243	0.00027623270263561696	0.0002677457446325728	0.0002620328470229761	0.00026895575320375856	0.00028318287725043856	0.00029265274181101937	0.0003066209705119284	0.0003213018581851849
244	0.00027319480096830745	0.00026300586580748725	0.000256038758893109	0.00026152927174246494	0.0002711175000666322	0.00027994813098880793	0.00029516752272271146	0.00031000658707413885
245	0.00026830048422156857	0.0002593617980501747	0.00025090631737283153	0.0002554754341367265	0.0002600640555317531	0.0002677349961335566	0.00028405933467282783	0.00029868741751368563
246	0.0002619291610941143	0.00025621950968285714	0.0002468751052258303	0.0002502089582767507	0.00025076434458255205	0.00025602240685319947	0.00027284819967694275	0.00028695285407196163
247	0.0002550894722995486	0.0002526489521557076	0.000244214360579484	0.0002451659471155518	0.00024347038954428685	0.00024524224627191037	0.000261323886637418	0.0002749390480390994
248	0.000248628792833906	0.0002479707186148236	0.00024266756228177934	0.00024021740547691117	0.0002379358701413224	0.00023607142624705046	0.00024995742590431814	0.00026272543080456406
249	0.00024268406576773358	0.00024221042890400026	0.00024150996407653296	0.000235715634684021	0.000233460465645138	0.00022901946570515414	0.0002394613633571302	0.0002504826418273006
250	0.00023679838911156762	0.0002355958049474125	0.00023989982152305893	0.00023199809537610892	0.00022932909713754902	0.00022408298711072285	0.0002303922140732133	0.0002389202213190595
251	0.00023041892260292876	0.00022860655359395704	0.0002373515042594205	0.00022909157640174478	0.00022534920292767034	0.00022090099132652876	0.0002229196798981981	0.00022879293000906538
252	0.00022329763531280425	0.00022195218857807615	0.0002338771549047406	0.00022670354839524043	0.00022206207352852374	0.00021893148656288586	0.00021699071974629535	0.00022035403210940072
253	0.0002156484026601085	0.0002159804504909085	0.00022939357656115124	0.00022434762060782702	0.00021988400004289066	0.00021755205104933236	0.00021262341159034145	0.00021355030496881942
254	0.00020769040720029484	0.00021047269034908612	0.00022385451441235996	0.00022158165939478497	0.00021862655734974926	0.00021634828449700727	0.00020968966179099713	0.00020816512732356533
255	0.0001994903526935935	0.00020502140400109807	0.00021782991357586608	0.00021823265913571582	0.0002178411022554177	0.00021544740925501097	0.00020767691034127858	0.0002037691522082677
256	0.0001911692389100095	0.00019932120614571868	0.00021198249014854642	0.00021418136643573324	0.00021712608311304351	0.00021504745580906893	0.00020603320685208946	0.0002000951855247461
257	0.00018292320858779313	0.00019333730857747227	0.00020645893071245702	0.00020936254635397315	0.0002160755604711239	0.00021482686494238548	0.00020451963884790186	0.00019702340650895622
258	0.00017521546631962378	0.00018713544467388593	0.00020087201611914437	0.0002040916706262877	0.00021440230783381918	0.00021418550026260986	0.00020321765122868104	0.00019443810471182996
259	0.00016871051727037131	0.00018089864867636143	0.00019481378540181493	0.0001990040543810565	0.00021183030618000806	0.00021298552765371622	0.00020213474061741833	0.00019242048543428555
260	0.00016360525339917362	0.00017506397383551926	0.00018831874908351658	0.00019450556295882022	0.00020801776366695954	0.0002114761970989143	0.00020108113228426978	0.0001911774580238881
261	0.00015943905882487863	0.00017013136873318682	0.0001815380359658598	0.00019051074766317276	0.00020299261070849927	0.0002097279521947549	0.00019984195224791024	0.00019075416588838954
262	0.00015558998585027314	0.00016630647494587092	0.00017462127818317793	0.00018662353647156443	0.0001973214158167444	0.00020736497758563771	0.00019829654812085262	0.00019103708577144116
263	0.00015184972346203373	0.00016348370097124616	0.00016789089900377818	0.0001825820204231514	0.00019170230732781562	0.00020371996249866466	0.00019636429761872186	0.00019170348198017551
264	0.00014871340977207554	0.0001612237104208179	0.0001617133606560521	0.00017817545486762917	0.00018659739322191249	0.00019864956139225228	0.00019417607433608214	0.00019228266723437477
265	0.00014670849092518378	0.00015877046109110556	0.0001564137099410658	0.00017324297621865763	0.00018204216574418806	0.0001927867794083974	0.00019182597206081678	0.00019251869734021783
266	0.00014581805656953416	0.00015534420889155084	0.00015215955437691272	0.00016793701361832113	0.00017766021838764665	0.00018691950348873908	0.00018912551193627354	0.00019244096694124506
267	0.00014553594686514065	0.00015092629447688836	0.00014888519223572234	0.00016262764436040367	0.0001731335624753233	0.00018149086042266432	0.0001857332173484256	0.00019216089563488996
268	0.0001453004012842755	0.0001463452301710143	0.00014624014575524377	0.0001577589960344379	0.00016831925800022925	0.00017644421575401645	0.00018157365767491993	0.00019162870939213643
269	0.0001447729307789586	0.00014252176612866666	0.00014371342956474956	0.0001536151315709139	0.00016317177558601773	0.0001713606825016759	0.00017709710105897846	0.00019058840454566894
270	0.0001438156229002528	0.00013982447921844212	0.0001409209495750648	0.00015019190393906416	0.00015777654974212442	0.00016608850104564722	0.00017289977457970144	0.00018872147672843208
271	0.00014232706676499878	0.00013804731665945745	0.0001379852356246106	0.0001472746673959263	0.00015228235849458626	0.00016069156213503868	0.00016917856778924626	0.00018574113863191328
272	0.00014022359265251742	0.00013670975188144	0.0001354588974796819	0.00014464789024636515	0.00014699543340127773	0.00015521254762236052	0.00016572699326760265	0.00018161045955900607
273	0.00013739893244268597	0.00013520231282142158	0.00013384644154945343	0.00014193829507473226	0.00014230026000313392	0.00014977431288250837	0.00016216391442377685	0.00017655560355741876
274	0.00013374847140599008	0.00013310961651749595	0.0001331997793889367	0.0001388397185451538	0.0001385149869971956	0.00014467148937137944	0.00015820653958328407	0.00017090016595406015
275	0.0001292320235223429	0.0001304318805010048	0.00013312142335336106	0.00013553876543108686	0.00013565734825744964	0.00014024045532448309	0.00015373600259406425	0.00016502340619844688
276	0.00012399368170819055	0.00012744801942853425	0.00013310631122659522	0.00013249999625883019	0.00013347965519790425	0.00013664229751816402	0.00014893577197436266	0.0001591775983007232
277	0.00011836565928713818	0.0001244552622505101	0.00013276041913844072	0.00013015178831367834	0.00013146576041018685	0.00013387641708788471	0.0001441622924046551	0.00015348163039734637
278	0.00011276412843441284	0.00012145370349841714	0.00013187531123431688	0.00012866423629448136	0.0001291872667103906	0.00013185844828671013	0.00013971106769759275	0.00014789913386209003
279	0.00010757198518820695	0.00011821875264785269	0.0001303947825915619	0.00012776365215447807	0.0001267423394309652	0.00013051226201219316	0.00013570641948344156	0.00014237764574950027
280	0.00010291020088727057	0.00011457408362054647	0.00012843727071052132	0.0001269235351645477	0.00012455972452078925	0.00012972341554191847	0.0001320683771203985	0.00013703478001321988
281	0.00009867292410462266	0.00011056920908649607	0.00012614949132245455	0.00012567112477912163	0.00012306267250711213	0.00012922143105834668	0.00012875392291228295	0.00013199995820509933
282	0.00009484461735576487	0.0001065289620389565	0.00012349442829505346	0.00012380514499229863	0.00012232461780762108	0.0001287022889215822	0.0001259072935638658	0.00012728770182894976
283	0.0000916312780673827	0.00010285029796966052	0.00012030825795611727	0.0001214773377074568	0.00012203031963464325	0.00012810316862511524	0.00012379685489234503	0.00012297741191367512
284	0.00008936238410152544	0.00009976280496484968	0.00011636154270937648	0.00011894462982116071	0.00012174644744621498	0.00012750591305571836	0.0001223444407206996	0.00011916441485930597
285	0.00008829838567849917	0.00009726882859886371	0.00011158651081318598	0.0001163454243841765	0.00012115637960826594	0.00012704938747781685	0.00012111347570964486	0.0001159363838123651
286	0.00008847839209078199	0.00009530487258868129	0.00010631570742214445	0.000113677248528078	0.0001201682763501796	0.00012678746722054706	0.0001197353565374178	0.0001133161857471538
287	0.0000896995869204595	0.00009386063681995347	0.00010114946831079244	0.00011088713615186	0.00011894170887266296	0.00012651461516038497	0.00011827485714894248	0.00011138524289924967
288	0.00009156822569538435	0.00009291345481419174	0.00009661325568354335	0.00010788765786746014	0.00011773115067889021	0.00012591861229255692	0.00011695376371047494	0.00011011456157769396
289	0.00009361434284523606	0.00009235906040493411	0.00009284084869083769	0.00010460706100071049	0.00011661613284746791	0.00012471781978950317	0.00011590770527076398	0.0001092748033671372
290	0.00009543505702904714	0.00009204476319117039	0.00008966800604852164	0.00010109051392199195	0.00011538970499420021	0.00012280232497588562	0.00011511960471168163	0.00010863767847336902
291	0.00009681816124850264	0.00009189751079272994	0.00008701903784095152	0.00009750517304834803	0.00011374416305422773	0.00012035173048986292	0.00011435778263198624	0.0001081963055708187
292	0.00009775958263529912	0.0000920025115270752	0.00008496598791113682	0.00009411442070538925	0.00011147701625991826	0.00011767503060444221	0.00011329299238397305	0.00010795941155085538
293	0.00009843226426748342	0.00009234384963983125	0.0000835096298674529	0.00009121910041568442	0.0001085630204191931	0.00011494417976543431	0.00011170012417900388	0.00010794778375857608
294	0.00009902118236629839	0.00009257305718178745	0.00008259906511296748	0.00008897719840781393	0.00010515902456999404	0.00011201679038273863	0.00010964982767950673	0.00010815895372392437
295	0.00009938709431265381	0.00009223550652778577	0.00008225733114611198	0.00008743750945310532	0.0001014647510783963	0.00010864920326386269	0.00010747382629199765	0.00010854316202548229
296	0.00009910047620254099	0.00009116302235336453	0.00008258114432217842	0.00008660373176239333	0.00009766344583502209	0.00010477576643624518	0.00010544527006448594	0.00010899573001546393
297	0.00009787434333565489	0.00008956828914962973	0.00008351339082705678	0.00008631716208161754	0.00009393705175373215	0.00010046556454265494	0.00010357919755143217	0.00010936401092715692
298	0.00009572823800606167	0.00008775911632112558	0.00008466838327033573	0.00008627383229809034	0.00009044456943117595	0.00009588978559254099	0.00010171491346017017	0.00010945703554409827
299	0.00009283646262390794	0.00008592795251775859	0.00008556243668613916	0.00008615825525244702	0.0000873271051889043	0.00009134866810980567	0.0000998380980959908	0.00010922529627865184
300	0.0000895065774077776	0.00008412048959973649	0.00008599921561157552	0.00008587640938321545	0.00008469803255922494	0.0000871727099876065	0.00009798917972957394	0.00010881802109117042
301	0.0000860601175663037	0.00008219146914550982	0.0000861342994773783	0.00008551824188233631	0.00008260336098116959	0.00008367075617704697	0.00009604993896789586	0.0001083771625554592
302	0.00008266815037651154	0.00008003373025650045	0.00008617097446248208	0.00008509339281341761	0.00008095690435065288	0.0000809966284797695	0.00009383117316577739	0.00010781426459863278
303	0.00007934567573855721	0.00007777000075994177	0.00008606815930362182	0.00008452377852288592	0.00007957797225862058	0.0000790973354696328	0.0000913260465669718	0.00010684059137414292
304	0.00007609083479493862	0.00007567535012176235	0.00008565815725254311	0.00008369600328290553	0.00007829513269174935	0.0000777895303765189	0.00008874347690701425	0.000105187531681408
305	0.00007305147251827725	0.00007394909759198571	0.00008482468559395688	0.00008256219552880578	0.00007706589128052021	0.00007690598658977194	0.00008633690554634976	0.00010271678625738069
306	0.00007048772516545289	0.00007262803895925521	0.00008349690442253842	0.00008120072701260006	0.00007596276228264363	0.00007638330866403906	0.00008422119894408312	0.0000994850684273438
307	0.00006852746891537954	0.0000716984205926804	0.0000816755318020682	0.00007978615334526983	0.0000751024248142986	0.00007621139494978008	0.00008243415339596266	0.00009572547866645705
308	0.00006705785567835247	0.00007115031344327475	0.00007950257576335558	0.00007836234370859238	0.0000744554804098859	0.00007628211077003065	0.0000809932695821684	0.00009171614191795231
309	0.0000658123530737264	0.00007089076916270057	0.00007716857966410346	0.00007676915631105204	0.00007387998645074908	0.00007641384266382735	0.00007989141690723983	0.00008767926421640024
310	0.00006462929039993676	0.00007075037038379884	0.00007486311731342428	0.00007486453588013346	0.00007334164846510983	0.00007653803178915858	0.00007894382378802298	0.00008381533291111954
311	0.00006360019152611428	0.00007052401419820186	0.00007276173830001881	0.00007277217816211417	0.0000728578004182801	0.00007664828912747737	0.00007784607086481448	0.00008026373754519668
312	0.00006290183378911445	0.00007003333226752704	0.00007099460445282231	0.00007079264551032744	0.00007243013287153511	0.00007666236128465927	0.00007644336828404038	0.00007712864202485076
313	0.00006266267191793281	0.0000692655482730719	0.00006952613236230017	0.00006912233308319543	0.00007212290909770978	0.00007646750486626769	0.00007483154080419799	0.00007438754255859356
314	0.00006288301379625968	0.00006831926744862552	0.0000681725413991085	0.0000678021159191331	0.00007205178798775876	0.00007597622395143539	0.0000732184996819042	0.00007194371647661622
315	0.00006333475896400015	0.00006727165432973502	0.00006673493865949439	0.00006683838609271943	0.00007228411552268066	0.00007521183181449482	0.00007174811917099614	0.00006978824727172201
316	0.00006370665162834624	0.00006613918609822227	0.00006513787211633733	0.00006623305834037993	0.00007276651235275842	0.00007431190677334342	0.00007043626713175488	0.00006800497100600188
317	0.00006388092736563759	0.00006501645873185444	0.00006350138602166285	0.00006592662422708886	0.00007323366174747558	0.00007338368574708112	0.00006923163629962187	0.00006663480678170451
318	0.00006389363494179548	0.00006403814100395629	0.00006200044488566515	0.00006585549668764914	0.0000733209984513579	0.00007243056461736311	0.00006811595116172292	0.00006560885690512657
319	0.00006375102504452416	0.00006322458550563149	0.00006076547841080232	0.00006598931424247542	0.0000728816722595667	0.00007143687387660816	0.0000670623551706977	0.0000647763422885164
320	0.0000633659263695132	0.00006244001748912303	0.00005989258603144585	0.00006628907195372193	0.00007198510390370768	0.00007044758726253424	0.00006603303068011334	0.00006402029993023232
321	0.00006274156583439053	0.00006150802103891887	0.00005943142537279592	0.00006666263686306559	0.00007081262990488856	0.00006951345578464182	0.00006504932305989487	0.00006329756624487354
