pixel,950A,1000A,1050A,1100A,1150A,1200A,1250A
1	0.00008679740769857442	0.00008136884546828147	0.00009465367239225487	0.00014213560671579302	0.00022170558385471706	0.0002842072332816362	0.0003283439994289869
2	0.00008738666296451532	0.00008145322133694562	0.0000954632348721439	0.0001411860197505351	0.00022750275489389813	0.0002774591251826764	0.00032520802022496917
3	0.00008796360346197603	0.00008151797292961354	0.00009564859897606417	0.0001406025307195321	0.00023176312744590464	0.0002713559679548888	0.0003230057422952654
4	0.00008850250926325456	0.00008155601372710485	0.00009526596385460067	0.0001404978992244798	0.0002342334865560752	0.00026623327044799597	0.0003217217753839681
5	0.00008903776717952545	0.00008156239585180982	0.00009463456078217543	0.00014109853673632738	0.00023468921742864524	0.0002621258280427657	0.0003213052123276197
6	0.00008962925349612952	0.0000815857063097257	0.00009419708929047885	0.00014294538139805022	0.00023343352394289519	0.0002592744418763081	0.00032125100258358834
7	0.00009001146734565836	0.00008170275169369828	0.00009393015498163594	0.000146112497185422	0.00023121432450591423	0.00025823455537877496	0.00032114379263105874
8	0.0000899814676923204	0.00008199805778408677	0.00009366168274231742	0.00015041545640046567	0.00022860811257407042	0.00025971559807661757	0.0003204440833873936
9	0.00008960851235881235	0.00008266523067237559	0.00009323434801601987	0.00015506715805637482	0.00022564464681750545	0.00026330618211229046	0.0003196149955398844
10	0.0000891980662970058	0.00008373978757619693	0.00009297091397875069	0.00015906791132872523	0.0002221760770960483	0.0002681354839794069	0.0003190248037319698
11	0.00008886416738691995	0.00008508340734539958	0.0000932164709055051	0.00016145497796815717	0.00021870728946554998	0.00027281008656375065	0.0003190494698803302
12	0.00008842636233063544	0.00008646725469412993	0.00009406311529615168	0.0001618589586030824	0.00021619389482824207	0.00027690323868391855	0.00031968812351944906
13	0.00008788292756896163	0.00008776620779082258	0.00009517273232183105	0.00016085850667933924	0.00021481040358430696	0.0002806322626752125	0.00032102739354103026
14	0.00008769666073869654	0.00008903324487764889	0.00009610719952479472	0.00015927267599208093	0.00021401836435672603	0.00028414713724126626	0.0003224684088164191
15	0.00008827199468443394	0.0000901420027337421	0.00009677574960909259	0.00015779220265648848	0.0002133484914019562	0.0002876170938162902	0.00032317322166310357
16	0.00008954670552991941	0.00009087422207862521	0.00009736225505912296	0.00015650013868988432	0.0002128309322157897	0.00029055684840810237	0.00032304727817842005
17	0.00009111014180665119	0.00009123608304610833	0.00009803757496338934	0.00015524791880955948	0.00021258357924416638	0.0002925880714588481	0.0003232004242150322
18	0.00009276043521022826	0.0000914958236150796	0.00009874335995661151	0.00015412129667065499	0.0002127147984246024	0.0002935726192230499	0.00032512642602323326
19	0.00009451705654948264	0.00009176667721890108	0.00009918186477568785	0.00015301889351693223	0.00021353064505122402	0.00029389563409352044	0.0003291594838673848
20	0.00009645033421930009	0.0000920059730430944	0.0000993037359405325	0.00015212948488151082	0.0002157237538419459	0.00029397308855263945	0.0003343720427784143
21	0.00009854019515490705	0.00009222410245285398	0.00009915213891072316	0.00015159496386495233	0.00021941291063799052	0.00029331345271048343	0.00033932791498758917
22	0.00010062950724117407	0.00009260315064615425	0.00009886065660605827	0.00015164978508727518	0.0002240760572483832	0.0002916607603227241	0.000343259427783547
23	0.00010251047996532822	0.00009328640850954256	0.00009863374016119663	0.00015233362827753917	0.00022898144372856142	0.0002892540011322405	0.00034662204894326794
24	0.00010416663063456927	0.0000941186117648565	0.00009856956923752615	0.00015305908213581818	0.0002337729825982177	0.00028667729572971604	0.0003496779150532922
25	0.00010573187801154259	0.00009483474149994578	0.00009878623434192533	0.00015344575220780342	0.00023810976740138887	0.0002844417204714116	0.0003527276592373337
26	0.00010720578626057619	0.00009528439001983681	0.00009905166150814347	0.00015361069540075365	0.0002413330526556007	0.00028269476215370056	0.00035581848413021946
27	0.0001083878942214355	0.00009546621469270523	0.00009935411992544338	0.00015410422965078687	0.00024266428448519483	0.00028214564642048206	0.0003590712052374691
28	0.00010911148860619766	0.00009549322399016165	0.00009977659006097858	0.0001555557117889115	0.00024178335888050455	0.000283257005183149	0.0003628751885868706
29	0.00010951883212282247	0.00009565905267091844	0.00010058282658655609	0.00015788026534800689	0.00023891432311684498	0.0002867721324458345	0.00036697984857523235
30	0.00010965575493102302	0.00009622497098060056	0.00010167893178190639	0.0001608800632708205	0.00023492230891824812	0.00029260687316345554	0.000371633533418722
31	0.00010946338151723828	0.00009711507951693711	0.00010275713581949074	0.00016387590678765737	0.00023066848429512306	0.0002998430391103299	0.0003765190112634054
32	0.0001089350746052915	0.00009810945454426789	0.00010360648047510286	0.00016628494911282723	0.0002268581039078053	0.0003069849239803528	0.0003818442364925433
33	0.00010815958903744118	0.0000991089040474295	0.00010415618412295455	0.00016784139663469854	0.00022419537117261568	0.00031349750029342917	0.0003881989141918613
34	0.00010727495817610072	0.00010014537962225389	0.00010442055204525336	0.00016865669624632803	0.00022346763532010786	0.000319911972529062	0.00039592043588057785
35	0.0001064595714657035	0.00010134216098093604	0.00010452046619245291	0.00016913220208319762	0.00022518688072998633	0.00032711142591601713	0.0004053116430647877
36	0.0001060445887021831	0.00010259408144964671	0.00010452245933365721	0.00016914250631345267	0.00022902739936128498	0.00033563462963729496	0.0004152880083289745
37	0.00010625233416425172	0.00010365579209884429	0.00010451001096745454	0.00016845294607257635	0.00023421273737114125	0.00034562124488823697	0.000424625464224777
38	0.00010698354732753094	0.00010432037244282551	0.0001045319960710802	0.00016712285372761583	0.00024022522884278128	0.00035639644580793823	0.00043234819809983963
39	0.0001082205778230114	0.00010446236066172366	0.00010481045360467792	0.00016557718638301642	0.0002470236109700415	0.00036653375983166823	0.000438577645976995
40	0.00010995283145203517	0.00010417366537632128	0.00010549072260291275	0.00016462133154906074	0.00025481301966507176	0.0003744564399234334	0.0004446372349679496
41	0.00011205952920108851	0.00010357127992437621	0.00010662006205123475	0.00016487798524969334	0.00026366583608147896	0.00037986752647413055	0.00045098338842717114
42	0.00011395827326119554	0.0001028642562275303	0.000108234546659211	0.00016692475616018526	0.00027338198406960044	0.00038290194252799597	0.000457393363157555
43	0.0001151191371765332	0.00010226493505995612	0.00011034303123463684	0.0001706975335028201	0.0002835288032354676	0.00038436546117066975	0.00046278091953111194
44	0.00011552010194338535	0.00010202142810241866	0.00011292545307000519	0.00017574390287433233	0.0002934702688435393	0.0003850388013370084	0.0004675866487424541
45	0.00011553647394343703	0.00010238317300767932	0.00011579101062674925	0.00018145483541639356	0.00030269962730158	0.0003856226000283852	0.0004728711663750636
46	0.00011545826340104166	0.00010341526469312802	0.00011876657809579589	0.00018733478911414417	0.0003106058392327871	0.00038627752313103136	0.00047912205828985613
47	0.00011529379625657952	0.00010524681935736347	0.00012151713783746305	0.00019310088185488803	0.0003166082302684604	0.0003869952673885569	0.0004863967968145508
48	0.00011515778797031113	0.0001079040005373529	0.00012381196077906737	0.00019855710527923252	0.0003204855598080704	0.00038795685254924643	0.000494852175496028
49	0.0001154521805490103	0.00011114954834587225	0.00012559159803501968	0.0002041424627475653	0.00032233130801759323	0.00038940668057786	0.0005058819171587086
50	0.00011662701289150505	0.00011456551309234407	0.0001271330929758071	0.00020998907348325252	0.0003227658486362228	0.00039183207240523307	0.0005197747244888901
51	0.00011884090438785872	0.0001177106691681255	0.00012869501660289537	0.00021581024333418902	0.0003223513140540685	0.00039657222251182243	0.0005365569811223986
52	0.00012189264328251399	0.00012044531835047423	0.00013049171791073178	0.0002211944934974108	0.0003216314098933765	0.00040495968322482674	0.0005554349577893983
53	0.0001255537143341674	0.00012280692151550945	0.0001326890413863125	0.00022574694902841545	0.00032122270581898005	0.0004175232856020281	0.0005754368300377267
54	0.00012948085946403582	0.0001249133014737794	0.00013537830855985374	0.0002295776021327756	0.00032154036570646185	0.0004335955761579438	0.0005953555056893568
55	0.0001334170379954758	0.00012674288768383237	0.00013834687774542134	0.00023272060630486187	0.0003235519395964039	0.000452481931414526	0.0006137597884719797
56	0.00013717712800276983	0.00012821277690123372	0.0001412209379726077	0.000235437437556222	0.0003279039483970409	0.00047384848557389416	0.0006300835770421744
57	0.00014076147841031277	0.00012931512220492732	0.0001438325361871931	0.00023812443218103346	0.00033524843215377057	0.0004971599483423242	0.0006438574332537224
58	0.0001441147818941903	0.00013023696553187355	0.00014649913791048852	0.0002411491375813542	0.0003454949678696504	0.0005219616763617433	0.0006560182546160248
59	0.00014703310279289347	0.00013140951635518805	0.00014969717200158448	0.0002447803550292876	0.0003582861747415495	0.0005474171790336984	0.0006681272175628641
60	0.00014937113515114134	0.0001331801642160455	0.00015338859776074728	0.00024869844576739765	0.0003735342835676033	0.0005723082972157852	0.0006813108453702149
61	0.00015107230777464142	0.0001356684563015947	0.00015711128316516648	0.00025274755858020336	0.0003912176920577145	0.0005948545537254879	0.0006967450527568021
62	0.00015216029025485363	0.00013898453318791592	0.00016034406448375472	0.00025688098364469035	0.00041112915755783753	0.0006134383115177956	0.0007134893010946015
63	0.00015283500492439014	0.0001434000623328003	0.00016312870078260964	0.00026163754940794427	0.0004326668796845754	0.0006262376737346582	0.0007310269739236415
64	0.00015359935779198173	0.0001489042495682127	0.00016591651292020897	0.0002677359063224572	0.00045499932791833955	0.0006325051910809252	0.0007483077379720096
65	0.00015520860237105158	0.00015517719281269107	0.00016922902543315167	0.0002754683311261277	0.0004775714995734155	0.0006331748726921309	0.0007652079835027903
66	0.000158130708591228	0.00016156532602347923	0.00017322362545802098	0.00028510167968578943	0.0004993862903330789	0.0006320481391209872	0.0007814056117948998
67	0.0001622967241332915	0.00016761558246638548	0.00017759579593040794	0.00029607779740797077	0.0005188014692712357	0.0006332936266095769	0.0007966894507661911
68	0.00016730326380647576	0.0001733185936108528	0.00018194256512420634	0.00030799305924581014	0.000533746821751165	0.0006393224946758389	0.0008128348507384563
69	0.00017287480755522533	0.00017860613936421002	0.00018604936299074565	0.00032062311817795074	0.000542952064597776	0.00065004801813535	0.0008315149885450742
70	0.00017930202593011908	0.000183180200674108	0.00019008925529882402	0.0003342115577367312	0.000546790068817645	0.0006655620332339387	0.0008535937800195142
71	0.0001871420557954479	0.00018688638919297745	0.00019422467779081368	0.0003494582613595617	0.0005477624375435569	0.0006847638979593111	0.0008779912169766472
72	0.00019646690840280942	0.00018964742849841455	0.00019886808682634708	0.0003662753224286632	0.000548873984764961	0.0007070817388894743	0.000904340806654984
73	0.0002063572926675638	0.00019185213408127864	0.00020434670550319167	0.00038394036719801466	0.0005523942969482236	0.0007301735092165647	0.000934440634213241
74	0.00021531290733965805	0.00019385416709675858	0.0002109281389884832	0.00040043040020500316	0.0005590898576913815	0.0007537501713926788	0.0009717306353809416
75	0.00022252715054062232	0.0001959585602682257	0.00021850856034114752	0.00041321757840736287	0.0005701596535302781	0.0007788629599885813	0.0010193447628742043
76	0.00022829830479956397	0.000198458570822823	0.00022724137252419567	0.000421506239614808	0.0005864217387113002	0.0008089282504659164	0.0010785657279667753
77	0.00023331093643126773	0.00020182053687381647	0.00023769190204016085	0.0004266265658071249	0.0006072158470396187	0.0008453798849987903	0.0011481374812295818
78	0.0002374105503791326	0.00020655721855116535	0.00025024416668094584	0.0004318965877577887	0.0006312326478539997	0.0008874978880846463	0.0012254270065605746
79	0.00024023729686164578	0.00021275726140250416	0.00026478419982537316	0.00043906936174740665	0.0006582791114766224	0.000932376532852948	0.0013081282067309075
80	0.0002425151448481427	0.00022036375493691645	0.00028042513006795223	0.00044786165696613175	0.000689446055698582	0.000978462254103484	0.0013955273015980258
81	0.0002457748081341786	0.0002293965788745244	0.00029578911942003085	0.0004576962917781287	0.0007252401679249398	0.0010266480750319095	0.0014858898161705938
82	0.0002511409345667787	0.00024035829965827837	0.00030916497710176176	0.0004688992931905933	0.0007648926764977038	0.0010812942191803453	0.001579956718767334
83	0.00025828512813377114	0.0002536888329448262	0.0003198851568194746	0.00048384486845270654	0.0008071468553961788	0.0011443368316259713	0.0016767529657228
84	0.0002668713924860619	0.00026885066932850717	0.00032848193673494784	0.0005043164194620964	0.0008504046303562555	0.001217172307559512	0.0017804991104159347
85	0.0002775889678850844	0.00028550209239478234	0.00033659347358740854	0.0005312882926071009	0.0008936822923939271	0.0012969818993428172	0.0018990381013415355
86	0.00029148081202466083	0.0003037947239661807	0.0003457236378675969	0.0005649435339682579	0.0009373400311921487	0.0013850238138458989	0.0020428348916712285
87	0.00030837018886138473	0.00032359635970703	0.00035628176441194294	0.0006030827548894256	0.0009824563952751174	0.0014829812375648293	0.0022191582156913586
88	0.00032671736643281505	0.0003441102019828929	0.00036799303408718696	0.000641156377233738	0.0010315704774255692	0.0015900772391494492	0.002426048120285796
89	0.0003452416362488762	0.0003634986594499307	0.00038163322650249404	0.000674243237766296	0.0010877561143027572	0.0017043876925993036	0.0026556160662020993
90	0.0003640709156065908	0.00038052792666477147	0.00039891137553441	0.0007021219436447018	0.0011543100211356804	0.0018257480019380126	0.002902179239411918
91	0.0003845487167015637	0.0003954446697231239	0.0004204671820686925	0.0007286478185122795	0.0012320835068003505	0.0019615547268732837	0.0031636980610822174
92	0.0004073456563642623	0.0004096322154921969	0.0004436214332784725	0.0007582156041394534	0.0013197947182231257	0.0021217585602454916	0.0034419264109847034
93	0.0004317780050183481	0.00042454900556918257	0.00046552877093190354	0.0007923661255669569	0.0014173039639385286	0.0023156430880315634	0.0037381408309043692
94	0.0004563836518909615	0.000439943819604843	0.00048488540240121305	0.0008308302407133616	0.0015262910231947458	0.002545675064927543	0.004056470210510485
95	0.0004810674916425815	0.00045408502054899215	0.000502704621446306	0.000876517925212996	0.0016489892274128863	0.002805667784472321	0.004404619982305498
96	0.0005063286805540208	0.00046576630329434764	0.0005209503200691835	0.0009343212606194387	0.0017888838741449995	0.0030886818499047826	0.004797166916910374
97	0.0005326667478204925	0.00047580943111630736	0.0005421260682685308	0.001007249134415354	0.0019482016430535198	0.003388894206208295	0.005234774219653839
98	0.0005589416288268439	0.0004876222967162344	0.00056941293834972	0.0010939605174506502	0.0021338865410583203	0.003706182176734479	0.005706373192277843
99	0.0005826369733832957	0.0005050772915857607	0.0006043194158275041	0.0011924261639536678	0.002350537888222616	0.0040416145932060865	0.0061992672314405495
100	0.0006020698213982458	0.0005315449180001728	0.0006468336303920175	0.001304811842536963	0.0025980217890690404	0.004398361340334029	0.00672542484897855
101	0.000618242949128837	0.0005679263769799754	0.0006955347178865087	0.0014332259484884035	0.0028692957342702353	0.004787237696531381	0.007319255742691612
102	0.0006346822169337496	0.0006111516388560488	0.0007510211029499399	0.0015792805706904096	0.0031549872907632925	0.005210628122807096	0.008006157012420117
103	0.0006544989434321705	0.0006577710665072802	0.0008142595504789062	0.0017415438314108025	0.0034524921790601687	0.00566226757780662	0.008785639253669989
104	0.0006793074895589904	0.000705091943498406	0.0008862748917079054	0.0019206580859683763	0.0037623595178998843	0.006138905727084106	0.009623133956395137
105	0.000711319276535933	0.0007538881398410788	0.0009672629478066609	0.0021172565457158736	0.004083941710081433	0.006651576144541106	0.010493209784227674
106	0.0007530191919945609	0.0008080933438336502	0.0010596892718155425	0.002329579712224392	0.004418666085701436	0.007226416344481157	0.011395579128542098
107	0.000804836515350099	0.0008697822667122496	0.0011653279515406374	0.0025558283823248523	0.004768389421743973	0.007887924861698585	0.012331192688063592
108	0.0008631896396719182	0.0009380182239335084	0.0012866804121548696	0.002795384272641663	0.005139825143782499	0.008631855241081829	0.013247587623643002
109	0.0009233448755905405	0.0010105773927177755	0.0014236461561021535	0.003046185858889539	0.005544475779126335	0.009434660992211335	0.014031621146508157
110	0.0009858125651860871	0.0010886031230443632	0.0015751294751491201	0.0033074114623759545	0.005993008746534329	0.010274215239682414	0.014573767431288832
111	0.0010536986249826674	0.0011767526509850682	0.0017396290762871076	0.0035783798638970364	0.006497930459920245	0.011137717141032767	0.014842684183490665
112	0.001131482321177191	0.0012800377064808661	0.0019152345539618077	0.003862368377615239	0.007067484173541953	0.011998835640091715	0.014926892120888907
113	0.0012220624921460818	0.0014035639188188043	0.0020985905663268027	0.00416230032755191	0.007705393168034047	0.012803794799969294	0.014984182014124313
114	0.001325346260638994	0.0015501194342155873	0.0022859950644171802	0.004490244390465667	0.008405680162067365	0.013464739034506075	0.015191599669079073
115	0.0014418280144541462	0.001721589727540947	0.002477115122513035	0.0048532852593089065	0.009143557866199033	0.013916438573185627	0.015690767899369195
116	0.001573622621133132	0.0019160685562255005	0.0026759838372577838	0.0052529577633406675	0.009896080315124659	0.014164366578444484	0.01653290759801519
117	0.0017260014717939724	0.0021297426794934524	0.002888105946296434	0.005693851634920935	0.010632990753944416	0.014287030133782463	0.017672074896972565
118	0.0019092895765430073	0.0023583774354517966	0.0031178436097529434	0.006182672442270348	0.011323178835645197	0.014409851425105646	0.019019460209599756
119	0.0021311145125826533	0.00259865745206234	0.003372809706358454	0.006726024046321998	0.011916688565561087	0.014691000519566256	0.020544009926233536
120	0.0023950053709303467	0.0028469218076362054	0.0036546968308116792	0.007307276478819413	0.01235384263306453	0.015273149578068034	0.02221338541972829
121	0.002698578266027527	0.00310762666122402	0.003964383846261239	0.00789562485619355	0.012624546563745629	0.01618084316243705	0.023932938500464265
122	0.00304370566893867	0.0033877915111187153	0.00429439710226679	0.00847768175570426	0.0127843638468309	0.01735067979115615	0.02554301129367558
123	0.0034273144969712275	0.003691308604355823	0.004643790106299691	0.00904395837121093	0.012945724660905088	0.01870155710011907	0.026884649232629444
124	0.0038403618680585847	0.004017372314104125	0.005019284188126756	0.009574844451205529	0.01323783033403093	0.020183935678224678	0.02780251146646662
125	0.00427637349025952	0.004362113658030994	0.00542656576276117	0.01002099803815651	0.013748087604435568	0.021743514646116974	0.02833677134335823
126	0.004738288774202228	0.004727444123186853	0.00586774131816501	0.01035229492617289	0.01451147379873936	0.023259460100049572	0.028807399143144702
127	0.005232258342151653	0.00511179177997593	0.006337538647642058	0.010571237551017371	0.015491348117102252	0.024647983857567595	0.02976164859140268
128	0.005744670123942396	0.0055107492241341285	0.00682854692618249	0.010725608062632766	0.016645062456945425	0.025793913035525983	0.03147419203662517
129	0.006256299313083742	0.005935498566237829	0.00731727331346742	0.01090839774178228	0.01793361262362922	0.026629007540038066	0.03376393616694996
130	0.00678290080125772	0.006412643966854669	0.0077615499505044065	0.01123271140513728	0.01931477263702635	0.027383643933324674	0.03610005444640959
131	0.007359071822798041	0.0069743823439988055	0.008119290552399766	0.011773485217328362	0.020751371546346074	0.028498301822259646	0.038209756488093
132	0.008003848342450416	0.007607489996042566	0.008375984522560456	0.012532459737560162	0.02217521695800764	0.030301983039207316	0.04045434631386335
133	0.00871049722822677	0.00828194632598452	0.008554012150130541	0.013503831426706994	0.0234288131134648	0.0325932289477426	0.043690012914104424
134	0.009488302241071438	0.0089646783591847	0.008718945221348333	0.014668448348063579	0.024546969629327953	0.03495085749190546	0.04877056229432477
135	0.010397137517155194	0.009630898718077558	0.008950917805250742	0.016018188801233145	0.025727792016677905	0.03724390363792509	0.055806560650870744
136	0.011489746316232372	0.010276223761886109	0.0093437619595441	0.017497262516807756	0.027311825894833115	0.039901424250087164	0.06465755100439532
137	0.012834454306955418	0.010889280923821286	0.00996675105643458	0.018960739804713946	0.02942056628644862	0.044126319171010744	0.07541858787148506
138	0.01442417111036767	0.011463362222158881	0.010867138689848368	0.020296841760320934	0.03188552439135478	0.05063881779093162	0.08698245314825358
139	0.01623810198353629	0.012018103954630273	0.012079109291804968	0.021576055610146343	0.03455968010670501	0.059621432903744304	0.09670777130670243
140	0.018250907299364023	0.01260690668448841	0.013575325718495962	0.023016833089258653	0.03782937195443861	0.07081938234263173	0.10233899676129445
141	0.020410984996092448	0.013387530129711918	0.01522500508662811	0.024847402985486766	0.04273139323975453	0.0832319415616493	0.10475788644663263
142	0.022777479900633123	0.01453332375952259	0.01683469167190143	0.027171627163039495	0.05022118170307657	0.09450558016490748	0.10787859291422244
143	0.025310585996967314	0.016190189970301326	0.018341780364072933	0.03005440848278179	0.06030533633010843	0.10230892715345376	0.11467925647636869
144	0.027902303639605892	0.01847065370893371	0.019857364675129354	0.03358440222184419	0.07233807288887519	0.10691011175477722	0.12689133111035308
145	0.03052646080749075	0.021311452499774647	0.021628548433781286	0.03864895771391331	0.08434500068880245	0.11174101769512729	0.1479055691161907
146	0.03336252881726407	0.024646855025078306	0.023982856871248463	0.04595953844859997	0.09461751049277098	0.11977094349234625	0.18302792794379102
147	0.03684222812316238	0.028294969007887735	0.027264827606472263	0.05595207484153584	0.10228331399165143	0.13259185987677272	0.24127740534977138
148	0.041657094804311595	0.032237813309425184	0.031580101689188	0.06765334426588021	0.10912546507788581	0.1533669031121881	0.3281941103685783
149	0.047930432595718414	0.036478409952671875	0.03733633706718159	0.07962458928412557	0.11785577339919255	0.1888197564100586	0.4457454498607311
150	0.056255236295057326	0.041195309776727626	0.044936771722047186	0.09045575201391298	0.13084855890156907	0.24703106026182228	0.5802141957353949
151	0.06738487088701249	0.0468228532330055	0.05461415996930443	0.0997221171443878	0.15078118884514932	0.33311679152429746	0.7037887535471197
152	0.08272918887747994	0.05400044885236336	0.06582379719683236	0.10887257971142728	0.1836926160901705	0.44845322167351875	0.7913075815885232
153	0.10278384365051359	0.06320901166512484	0.07737957318601735	0.12062640903758633	0.2362018559973942	0.5810309865483577	0.841770425118082
154	0.12841895616426968	0.0751731291066169	0.08826404944082752	0.13901361002829726	0.3141655913951175	0.7097677123049141	0.877658473883636
155	0.15954994452940727	0.09161618013919087	0.09875670912798684	0.16844460289028798	0.41870819382136687	0.8164740814336467	0.9179420112254811
156	0.19572688850401587	0.11371470880009213	0.11184567074704774	0.21441279778683453	0.544971867026326	0.8944309465289152	0.9593981023143233
157	0.2369207275407876	0.14190520394921016	0.13136617383396712	0.282810732871105	0.6795543668985484	0.9485201663292061	0.9860842004962143
158	0.28580753209902854	0.17771937138321456	0.16282577879309387	0.3736648128644069	0.801146200240803	0.9817735982411437	0.9841636198424302
159	0.3448153328611432	0.22396726444414466	0.21118711176248126	0.4845925180233116	0.8926904001640452	0.992048410791956	0.9541352037556311
160	0.4150239779847358	0.2865885689542055	0.2809776179762221	0.6064717853178333	0.9451670488861652	0.9759258181901421	0.9070257435027053
161	0.4988078354044336	0.3762721611628343	0.37754368918694614	0.7284826746105312	0.9616482010217486	0.9420632734137915	0.8661915285349162
162	0.5939280232147884	0.49803066592963385	0.497252555779194	0.8338579938234365	0.9541824554696011	0.9127647564247472	0.8495672614522685
163	0.7024758950826946	0.6495072893069049	0.639279991203207	0.9093683283464669	0.9442719445594446	0.9104355705682065	0.8632733504340135
164	0.8203368995737214	0.8078005887200136	0.795333137280172	0.9572218586574027	0.9519398484274053	0.939157762927081	0.8954526331415503
165	0.931067534029129	0.9356759727124543	0.933677410886803	0.9869594491033274	0.9777317643349785	0.978841997547668	0.9261464957659803
166	1.	1.	1.	1.	1.	1.	0.9380655809409577
167	0.9910317294907093	0.9883590951844916	0.9612906502552093	0.9890913421763663	0.9946463081810629	0.9877776510916864	0.9247478803157246
168	0.902118297269203	0.9124014415528677	0.84256536292924	0.9504283405547825	0.9565915114392646	0.9442339404576086	0.8931789310725113
169	0.7693613181730882	0.7909171268676912	0.7025779991202219	0.8951494792916296	0.9087827291027756	0.8825385317125775	0.8538741500582908
170	0.6403168066087002	0.6440548737956	0.5818217512282724	0.8338421763964401	0.8771529117432276	0.8230234395409607	0.8108360641135228
171	0.5367975774966968	0.49403598582913444	0.48646615420715833	0.7691192202996955	0.873948092531114	0.7870547154119197	0.7644231237398676
172	0.4510784112397797	0.36052519765608765	0.40574272756159346	0.6991948208803197	0.8875506203004834	0.7912974917642874	0.7249943474882299
173	0.3742943084913598	0.25845749370140586	0.33444174845474867	0.6246038983058468	0.893738879791041	0.8363063062325161	0.7131008071982866
174	0.3031947241450762	0.1876453826460687	0.2685107259052726	0.548171451794197	0.8689962565398253	0.9033726442586735	0.7403215136356808
175	0.24335196543165213	0.14314235865724773	0.20928149307451713	0.47033661348326394	0.80735150661958	0.9628829455196245	0.8031743355362023
176	0.19499437405579575	0.11664256821570326	0.15999205381709808	0.3908212791360708	0.7213995581613762	0.9818390791207786	0.8855533608600618
177	0.15691201186022008	0.0997486203797211	0.12268551223358923	0.3137051846072521	0.6321521332986806	0.9420291510531401	0.9617532342870764
178	0.1285421909252292	0.08793132905473013	0.0953621505131096	0.24338745646552357	0.5487281503402999	0.852830068757416	1.
179	0.10819849408201244	0.07841462907430834	0.07687446001053372	0.18626732910088456	0.4687461270908573	0.7466981467877707	0.9776310893505852
180	0.09310764318295386	0.06977159825346245	0.06425911658683205	0.14401561105785488	0.3865699721923479	0.6536817100491984	0.8999058462312165
181	0.08123616873923002	0.061624579628977834	0.05580433518855117	0.11386605758586144	0.3055083826860383	0.5796302888358377	0.7973474973873086
182	0.07208263752805498	0.054204896311954846	0.04959679763496169	0.09285172752889777	0.23312020123998567	0.5143984214204534	0.702279364890964
183	0.06423081706229877	0.04775644058748899	0.04450922018361506	0.0768319355948793	0.17569340800914363	0.4444284486397371	0.6311433998676361
184	0.056515627010730415	0.04232678702780459	0.040191346651100954	0.06492055710135528	0.13495993414224336	0.3660812519059258	0.5819120120182331
185	0.04873117299500019	0.0377029113793951	0.03644523054611089	0.056086519149289325	0.108298626160856	0.2854603087930704	0.5386247366593085
186	0.04145013336182194	0.03356427477573545	0.03305824477868723	0.04910481331168947	0.09064905197184156	0.2136490867433223	0.48311019611285855
187	0.03542767547409526	0.02961975670016364	0.02982744577811471	0.04342225125185846	0.07838103981976782	0.1584338700782298	0.408344557095752
188	0.030989552058678434	0.025761293077593148	0.026712709382239422	0.038941690082627656	0.06888560912802327	0.12202918470195318	0.32257778586727315
189	0.02787203587446545	0.02199056581772	0.02376102737819758	0.03571309025546805	0.0609093991654854	0.10017715006261725	0.2402160945533716
190	0.025558309643839743	0.01843423040760364	0.021012396275511352	0.03349667257855494	0.05384576242444258	0.08730308278133625	0.17383606388090989
191	0.023316051535679398	0.01536093061924822	0.01848676401524163	0.03176092869962636	0.047502831822610704	0.07785552836190794	0.12903714098700014
192	0.020704492914478827	0.01304058417785449	0.01620737095469339	0.029969761428959598	0.04209147998319136	0.06937117293420912	0.10341352596729278
193	0.017691875110557448	0.011482479405655078	0.014209211276884924	0.027746207415471884	0.038081280288103404	0.06141691805246808	0.09038637355333526
194	0.014713039656987545	0.010441473372697718	0.012430354029041557	0.025029948942603936	0.035490864675490494	0.05423123678881313	0.08208454857590126
195	0.012270708612050039	0.009598685188308285	0.010849020511510783	0.022093646088159412	0.03391394574989185	0.047930120237209516	0.0745905149428035
196	0.010568204705650178	0.008836305747086043	0.009415939372176453	0.019256197216301046	0.03263069075224443	0.04265895263468249	0.06670058062798256
197	0.009525358303663137	0.008042595463484565	0.008153203612448014	0.016699116069690205	0.03103207575521037	0.03867657357674959	0.05891996454967719
198	0.008854553136156362	0.007202968858319327	0.007078543271993065	0.014471752265970032	0.028794895990396974	0.03613033892763674	0.051974442369762175
199	0.00830887419047679	0.006345286258729456	0.006188012885867855	0.012575272514992472	0.02599754792966854	0.03481173361112618	0.046088732118808096
200	0.007691220419378434	0.005528733425014422	0.005439859093814307	0.01096188805434454	0.02305188902661372	0.034048554200126306	0.041179063225371355
201	0.00696949217424783	0.004799716006032907	0.0048294314627689485	0.00952694546337812	0.020329150892375403	0.03306309541390337	0.03739741250154017
202	0.0061959508058621	0.004171936709038604	0.004341300900822423	0.008246015534557161	0.01792394737139439	0.03120379923138879	0.03498774874785667
203	0.005457301936438542	0.003652347733344989	0.003945882195323301	0.007168470732230287	0.01576523970014237	0.028513151594221183	0.03383019828434285
204	0.004801917597643089	0.0032469303933753044	0.0035951780320242167	0.006291889238060781	0.013806181805629592	0.025505581007992575	0.033426123259008414
205	0.0042508657239908485	0.002944220211400082	0.0032592222124747027	0.005600030138607956	0.0119738327223081	0.022699104124998495	0.03287064590705648
206	0.0037943931515808326	0.00271451898520965	0.0029328439681803615	0.005040204376847662	0.010306039661342456	0.02023114854491049	0.03147225736120468
207	0.003427773530871172	0.002523251982414476	0.0026216393180089844	0.0045848675724777	0.008869657685154785	0.017988606759913078	0.029163678886557073
208	0.0031336937789938303	0.002343557972908752	0.0023392873405700455	0.004192687695290547	0.0076927200727753406	0.01590078202067973	0.026375406080692478
209	0.002890648452567103	0.0021630764016366297	0.00209844816574409	0.00382878528905839	0.006750318972032842	0.013911326316728674	0.023618018582894425
210	0.0026683946633075852	0.0019843872609175963	0.0019020446660443894	0.0034740708934724225	0.005992246298141147	0.012052028424006602	0.021083162197626727
211	0.0024438937529489744	0.0018176761291821037	0.0017459261011378833	0.0031305412149210178	0.00536981178149351	0.010353257186267999	0.018757376210870015
212	0.002217359303017949	0.0016713933071030357	0.001617908767497188	0.0028072738577707055	0.004847478470850374	0.008864258268062948	0.016575859520349512
213	0.0020026452892088933	0.0015434361351009307	0.001506871596523092	0.0025148062560451	0.004394624536291616	0.007608903141132901	0.014542976720686794
214	0.00181510237489853	0.0014306431638667256	0.0014071578408398498	0.002257386233036776	0.004001010704611511	0.006592444053850746	0.012700259936148314
215	0.001660549634475854	0.0013255856290549347	0.0013151607124446568	0.002038783988207723	0.003644926407978013	0.005786095903039638	0.011027109473244848
216	0.001533057597727038	0.001224707833125363	0.001227982687123442	0.0018615535660790406	0.003320914548202354	0.005150965600906597	0.009505097217714484
217	0.0014231155036006674	0.0011275159214474066	0.0011453929510570505	0.0017240937565826896	0.0030192818560872683	0.004653283693188089	0.00811935071122582
218	0.001322057442702849	0.001036574767783997	0.0010678097793615116	0.0016226060365553444	0.0027386215644085647	0.004259803476561411	0.006919278910890434
219	0.0012261782522449657	0.0009569272155108155	0.0009967032721131378	0.0015481208692878865	0.002484561572156779	0.003929108532908689	0.005948465430601614
220	0.0011377287282750218	0.0008905550920610676	0.0009310795623086516	0.0014881477779185056	0.00226770585191415	0.00363611816405516	0.005205567749562848
221	0.0010581142798673881	0.0008364902572421682	0.0008710851985226368	0.0014284193865288287	0.0020937829462262273	0.0033603136132439354	0.004662204944197936
222	0.0009862270445929022	0.0007909583641794732	0.000819526422498839	0.0013597973673381942	0.0019667578395880605	0.0030914572329618258	0.004274011823384021
223	0.0009207699211292244	0.0007492987570560453	0.0007763333605836926	0.0012843554531796779	0.0018813079566808693	0.002822463503197498	0.0039815947352141055
224	0.000860775119550684	0.000710487043157689	0.0007391119000205234	0.0012113705034813161	0.0018196001043450257	0.00257289081374642	0.003724892618929928
225	0.0008074541575364369	0.0006747011054433129	0.0007033332578951494	0.0011462307339805136	0.0017588665157945932	0.0023639407038908737	0.0034692045261043355
226	0.0007606157432093887	0.000642365023016188	0.0006681914825877703	0.0010871375662821147	0.001689804226975717	0.0022115697782207977	0.0032085484619985864
227	0.0007187014860126032	0.0006127847022989126	0.0006362407243881324	0.0010304629158281303	0.0016175676543017893	0.002107933188407771	0.002954285781639275
228	0.0006813558152956528	0.0005849515922246022	0.0006091579691304947	0.0009753615849117627	0.0015495740310917567	0.002034126888847403	0.0027224979147417437
229	0.000650171630184595	0.0005588728332091642	0.000586366028133645	0.0009245922461064961	0.0014848156874572361	0.00196789446292898	0.002528407605907599
230	0.0006263743687914867	0.0005347597226988969	0.000565102593093234	0.0008807218194816618	0.0014181020027544268	0.0018965325776013993	0.0023781604842912207
231	0.0006079366156476415	0.0005137247377342947	0.0005435546787206694	0.0008435714648605158	0.0013489828569275331	0.0018205499769035805	0.0022668973063559947
232	0.0005903792452518286	0.0004963207169325396	0.000522444674238388	0.0008131121283015332	0.001279160185964768	0.0017500897409608428	0.002176931094304542
233	0.0005688610363460081	0.0004823276638367813	0.0005037119214731714	0.0007893571310554416	0.0012121832258651342	0.0016886859760769789	0.002091673496068434
234	0.0005410963235483755	0.0004713544248282477	0.0004896812469750338	0.000772373649021781	0.001150781854877361	0.0016298405631083655	0.0020030779687243887
235	0.0005074994411755106	0.00046191652606054076	0.00047929512427760706	0.000757877243206498	0.0010991986258686573	0.001563539580359787	0.0019157674305045522
236	0.0004714514629347623	0.0004512719308760746	0.0004699353092607167	0.0007417296271087784	0.0010581185358947529	0.001489786425587168	0.0018381102413342135
237	0.0004369954805916276	0.00043608123288910134	0.0004586012950230859	0.0007216138617761383	0.0010269650046277686	0.0014153055485428057	0.0017733915314380917
238	0.0004073948700153621	0.000415083789523766	0.00044460505810864137	0.0006986509310629797	0.0010019181865138357	0.0013476992112435747	0.0017155393712267478
239	0.0003840059329767888	0.00038995495232802295	0.0004291224351746845	0.0006751602802447414	0.000978334128698088	0.0012886221178467006	0.0016552915664151916
240	0.00036622302802501107	0.0003644429114306294	0.0004125197695898779	0.0006523062914828082	0.0009526830560981742	0.0012351771925571417	0.0015854482208720261
241	0.00035285664441813406	0.00034127961380382	0.00039481959976908534	0.0006307531556740424	0.0009242063838704282	0.0011854861738893393	0.0015066146210121608
242	0.0003421470173183151	0.0003216614765358439	0.0003762724556946488	0.0006104818248103717	0.0008955983032865195	0.0011416384709611014	0.0014271401317988617
243	0.0003324319049009586	0.0003050991763513432	0.0003577416012817306	0.0005901754672322167	0.0008695536090439595	0.001106210702335593	0.0013573169538978892
244	0.00032211944143213395	0.00029062218197325963	0.0003398353699349597	0.0005687087942894342	0.0008466668235447765	0.0010777303146828994	0.0013012424434405343
245	0.0003099975879294509	0.0002774326999539002	0.0003223450012630243	0.0005445137283807989	0.0008252967970664421	0.0010517795346942159	0.0012541029472536225
246	0.0002957609077026532	0.0002654546804402093	0.0003056720477885623	0.0005176562510723166	0.0008025322539204536	0.0010275447197719402	0.0012112877022613527
247	0.00028031568675607573	0.00025480826618084275	0.00029026151780185667	0.0004894927900702744	0.0007771957103453657	0.0010063881122113095	0.0011729605701549174
248	0.00026519956710506476	0.00024576106719433624	0.00027654932638664656	0.0004632401756633265	0.0007494306864705122	0.0009882007844720176	0.0011412751556582133
249	0.00025140412968414986	0.0002380559275680794	0.00026408252815816294	0.00044109250355295397	0.000720597073628734	0.0009709550301489365	0.0011163553275982344
250	0.00023939281685565023	0.00023116224948346064	0.00025225421453617944	0.0004231763030173355	0.0006911098014982359	0.0009503571431996234	0.0010951950564314769
251	0.00022918329527499428	0.00022408964490372592	0.00024100083185470697	0.0004082648218377393	0.0006604410306417699	0.0009240233893053074	0.0010771435113829122
252	0.0002207341924867417	0.00021648106801686073	0.0002307697905629703	0.00039501410797189825	0.0006286948542699915	0.0008911539212314189	0.0010616713849328611
253	0.00021407639257209406	0.0002085389324090085	0.0002224324046149544	0.0003829597289482694	0.0005972141030781386	0.000854764821483346	0.001046685423586403
254	0.00020895876891885025	0.00020083437792875925	0.00021624692724254212	0.0003714856808822516	0.0005679229499937703	0.0008184894123228623	0.0010290234353550292
255	0.0002047605952736814	0.00019372245882189707	0.00021131058484380954	0.0003596408274918153	0.0005429390614103188	0.0007844679357082774	0.0010061564994987386
256	0.00020070608762003995	0.00018724228431814185	0.00020695859026912414	0.0003469379988083866	0.0005223743127770716	0.0007526064487885607	0.0009772049962400156
257	0.0001963360801626893	0.00018125043562991798	0.0002029865815438427	0.0003338036597195563	0.0005059001522956982	0.0007214115479883525	0.0009424154472275401
258	0.00019177092941002674	0.00017588252356856926	0.00019941933004579397	0.00032175131634078994	0.0004930446310720705	0.0006900224447319408	0.0009038006948395217
259	0.00018717129672694404	0.00017120163058994544	0.000195625553760447	0.0003119879949853963	0.00048277135737257815	0.0006585898750558098	0.0008648072485040139
260	0.00018237640714945122	0.00016715328069683778	0.00019121603205148695	0.0003043888255066319	0.00047331446738033367	0.0006294050610933956	0.0008265755676184004
261	0.00017696325108475922	0.00016375596313448538	0.00018646714723791942	0.00029828067469958044	0.0004624895585189185	0.0006047092837486773	0.0007894335249577211
262	0.00017094664743222515	0.00016083267649253608	0.00018184606327470616	0.00029316867714180347	0.00044989544812478995	0.000584346776420549	0.0007531376091695302
263	0.00016492960283391673	0.00015800953729897246	0.00017762820969943264	0.00028864405925147006	0.0004366223746844675	0.0005679126567652216	0.0007187685671309144
264	0.00015937797368761406	0.0001547518531535192	0.00017358719632568005	0.00028418400882433253	0.0004244919786348375	0.000554394184135835	0.0006877778986791491
265	0.00015447279643417906	0.0001508540572866413	0.00016955699729838942	0.0002791265792351624	0.0004149559143715321	0.0005431115497294797	0.0006612484493318005
266	0.00015003450503820227	0.0001467188408149548	0.0001654833735139437	0.00027333568154020755	0.00040784771243681665	0.0005327639387785753	0.0006400845231124052
267	0.00014601473800382212	0.000142634575405472	0.00016124708391258738	0.0002667114084272299	0.0004021051034356242	0.0005233267421419925	0.0006243324945635772
268	0.00014262671247854567	0.00013875599391987607	0.00015680457803824005	0.0002596939681108216	0.0003961402584091804	0.00051479838301382	0.0006126214944846973
269	0.00014006216924020571	0.00013503577020868246	0.0001522425810435107	0.00025285917249778784	0.00038911313980027955	0.0005065081062404929	0.0006041778856560378
270	0.00013839272606685975	0.0001315845352875822	0.00014792105206734083	0.00024654747326893593	0.0003807454700790999	0.0004977364939920168	0.0005978651334197791
271	0.00013728608429104655	0.00012830037116066766	0.00014414137444344438	0.0002407475629478053	0.00037072614539062623	0.000488653160231537	0.0005927346779134945
272	0.00013631441501778344	0.00012508843628811244	0.00014075983510521977	0.00023537519820535582	0.00035920672855082003	0.00048010307677734274	0.0005875988516216504
273	0.0001353142653310971	0.00012199401421708024	0.000137487765738413	0.00023064713676516235	0.00034687294953626615	0.00047273946877359526	0.0005817897878778144
274	0.00013426603886300734	0.0001192258738818727	0.00013425769673046457	0.00022635739634485437	0.0003347771428215773	0.00046593003381827856	0.0005744701052535063
275	0.00013316538276063246	0.00011699514785090451	0.00013141356215233565	0.00022201489404188274	0.0003236530244375595	0.00045853097693834485	0.0005648316946039567
276	0.0001315849103909363	0.00011533919319009245	0.00012920667384198775	0.00021722144186203427	0.00031392031332446054	0.0004490459130925283	0.0005523672427005391
277	0.0001292994922921536	0.00011412563669612194	0.0001275075819261264	0.0002120912027963356	0.00030575626663049136	0.0004372262551140821	0.0005374817393380178
278	0.00012633526931421748	0.00011308038785453882	0.0001259956676192601	0.00020708069775112188	0.00029881060160584044	0.00042368647357507916	0.0005216506043495145
279	0.0001229520365871982	0.00011190869401394321	0.0001244328425058517	0.0002024734113421277	0.00029281737095298953	0.00040926472553963353	0.000507086827276573
280	0.00011945890666839608	0.00011050470140213166	0.00012272586524728378	0.0001983864674891865	0.00028811582650991625	0.0003950727770244714	0.0004947398627370592
281	0.0001160263221347941	0.00010896362762899131	0.00012101755004626445	0.0001947672285770468	0.0002851539560995244	0.00038233620728382524	0.00048457718076015465
282	0.00011291768342596342	0.00010738482283120164	0.00011941778142255668	0.00019144812147420305	0.0002835324441943323	0.00037203850260401943	0.00047469299499833674
283	0.00011044604088539752	0.0001057024987824742	0.00011786378775736682	0.00018813258716111157	0.00028204086273462127	0.000364207225983762	0.0004634859921624011
284	0.00010883849201327828	0.00010397809132126308	0.00011606038097330177	0.0001843955457542424	0.0002798268134948379	0.0003576373319367331	0.00045059392721602456
285	0.00010824747499007579	0.00010230051045925052	0.00011381429002637415	0.0001801455285194897	0.00027680816559436344	0.00035147911122998234	0.0004375051929727095
286	0.00010841454025158919	0.0001007372549897919	0.00011114290332718145	0.0001756971113742647	0.0002730802105257244	0.00034559260298597076	0.0004259778773769261
287	0.00010889908817394844	0.00009928439819624386	0.00010822004840720655	0.0001716837762161882	0.0002685423777797463	0.0003411938296265621	0.00041673238443402103
288	0.00010926702442714963	0.00009799084592128243	0.0001053368822794931	0.00016840521757809283	0.0002632511311366721	0.000339113049597169	0.0004095470891685742
289	0.00010942674908804561	0.00009690547840208305	0.00010295185202187849	0.0001657599960675927	0.0002575441179748472	0.0003390160203936414	0.0004035287859188724
290	0.00010948051132501332	0.00009612964875933632	0.00010126357904504037	0.00016353454181530322	0.0002515984264131164	0.00033965800795715664	0.00039805887858521116
291	0.00010947353663490437	0.00009581218282472912	0.00010022847156470217	0.0001617532590889051	0.0002453321072442191	0.00033968362886759945	0.00039287557783042754
292	0.00010936711851173924	0.00009594773340666439	0.00009963353289521582	0.00016044668786251536	0.0002387663699135356	0.00033807159513730067	0.00038843003546221026
293	0.00010920056676415404	0.00009636401317425421	0.0000993472075569732	0.00015941129087848252	0.00023230636885789287	0.00033429945538464284	0.00038564690854872124
294	0.00010903090233000751	0.00009682995885456494	0.00009918065395939545	0.00015832429814746247	0.0002265248239344594	0.00032872956353430824	0.00038480957556185995
295	0.0001089564921872549	0.00009729271676747315	0.000098943847241676	0.00015696122884892186	0.0002217484965565319	0.00032231051317222056	0.00038530158755603703
296	0.00010878145159640421	0.00009776239604467419	0.00009855046834898498	0.00015536664488084178	0.00021807405121008613	0.0003156301374354083	0.00038535907866888515
297	0.00010839322811160642	0.0000979305876998883	0.00009818911466927824	0.0001536001917665783	0.00021543628110012563	0.00030830783525137107	0.00038385870999916433
298	0.00010781974433186611	0.000097506754866531	0.00009798936354219837	0.00015177911067347665	0.00021374196995223066	0.00030015920142500123	0.0003806048204547578
299	0.00010744393440671076	0.00009659211501500426	0.00009785143835898794	0.00015020420059858996	0.00021297626566180012	0.000291345659475554	0.0003755719573635989
300	0.00010738425671416014	0.00009556408670798065	0.00009744358846816943	0.00014899223998815562	0.00021305955566635278	0.00028294379339490605	0.000368711869049455
301	0.00010727660947223464	0.0000947547139900353	0.00009662550657952601	0.00014824552022960609	0.00021373550277189635	0.00027571021996335653	0.00036004016027196573
302	0.00010686461961551599	0.00009424822395173718	0.00009555736224912811	0.0001477705060682767	0.0002146690309384963	0.0002700944257223748	0.0003506537765235275
303	0.00010626186522059315	0.00009409395427529164	0.00009460568711339928	0.00014749023566444617	0.00021579308095585892	0.0002658225727114811	0.00034168899901041165
304	0.00010573915891361088	0.00009418976440438861	0.00009398098286083922	0.0001472401619037006	0.00021700012309241608	0.0002623522250699938	0.00033363960849744893
305	0.00010517282795332287	0.00009445091535691955	0.00009369050222890418	0.00014685918041773246	0.00021798818256322326	0.0002597053775953964	0.000326384374228674
306	0.00010416590007943151	0.00009486525065881286	0.00009364736026141829	0.00014641341227003454	0.00021847129185791295	0.00025828723387275103	0.00031958852889842705
307	0.00010257866198758979	0.00009521539664916123	0.00009372968018110551	0.00014604341864065922	0.00021858884851038167	0.00025826575675252933	0.0003134174486708922
308	0.00010051811384436962	0.00009516240710791706	0.00009383024719738728	0.00014578574065959206	0.00021860958433248486	0.0002594645620318729	0.0003083187776210495
309	0.00009824376220928679	0.00009431564755346508	0.00009392537673442465	0.00014543479768692563	0.00021821175262718023	0.00026181022835007227	0.00030482506245428523
310	0.00009596324863112701	0.00009282830237470198	0.0000942894954935219	0.00014485665530942403	0.00021698227552043115	0.0002658909759519128	0.00030331699765897034
311	0.00009405233771411234	0.00009128134670800728	0.00009523687208964484	0.00014439467883654554	0.0002147432300459542	0.0002716276905589311	0.00030345887605204655
312	0.00009274982351157935	0.00009002928978345201	0.00009671923591679045	0.00014428118058445487	0.0002118320710514349	0.00027819251655032776	0.00030436199471204365
313	0.00009193252914826626	0.0000891467947153472	0.00009824126703176193	0.00014476224532595703	0.00020850901561721418	0.0002836829967651091	0.0003049688829855466
314	0.00009134093072948375	0.00008853686657327602	0.00009925455914790132	0.00014567499151811077	0.00020490620267809114	0.0002864730741629741	0.00030485676425135295
315	0.00009086604977105298	0.00008803059609529106	0.00009952695290548113	0.00014709844444083566	0.0002015028088064898	0.00028586809272785447	0.0003043508379936616
316	0.00009053152677090282	0.0000873796391146249	0.00009898006752585534	0.00014917328527909072	0.00019880876378563936	0.00028291533542415146	0.0003041405146583027
317	0.00009025075512252268	0.00008653156159629073	0.00009761174157187453	0.00015166247640077533	0.0001976032829128828	0.0002790759970767533	0.0003049509478984745
318	0.00008984573745448947	0.00008566346874444534	0.00009585803606332563	0.00015403356182474494	0.00019848183368191585	0.00027502969449173255	0.0003077980118611322
319	0.00008934514832670715	0.00008499934874325196	0.00009415757006076346	0.00015568866071233585	0.00020154623591428134	0.00027068760358380347	0.0003126751213771212
320	0.00008895921651277682	0.00008457703990803013	0.00009287619030241916	0.00015651156919677377	0.00020613495593795446	0.00026591622108432564	0.0003187768421007901
321	0.00008871036666590915	0.00008423989147830775	0.00009195797637944476	0.0001563592096393357	0.00021138362244361831	0.00026151272303243637	0.0003242691644285197
322	0.00008833897284778269	0.00008386123461202989	0.00009133472109806555	0.00015498869420113088	0.00021677709581863469	0.0002582708846306203	0.0003274088076029055
323	0.00008770084922021603	0.00008339005472474839	0.00009092120399797915	0.00015259564805797954	0.0002216567864026414	0.00025645356846138156	0.0003270969140963495
324	0.00008698759779684753	0.00008281272128741688	0.00009055500449490395	0.00014963776981680776	0.0002254559412105681	0.00025581457035454537	0.00032365747439540293
325	0.0000866005685964103	0.00008220667346201095	0.00009025798423467404	0.0001468072681375193	0.0002278359979586949	0.00025585141450476886	0.00031880450497952576
326	0.00008666922890389492	0.00008161639822346051	0.00009008094411400563	0.00014422871011278367	0.0002292585015313013	0.00025649726657823356	0.0003142557611220616
327	0.00008692792823621855	0.00008116250329495646	0.00008997112998986251	0.000141957872664816	0.00023031547105470003	0.00025766695702599424	0.00031079660163943034
328	0.00008693497900995917	0.00008089264958134272	0.00008969304773375312	0.00014027794668546278	0.00023058973218388504	0.0002590695676646138	0.00030823835249621116
329	0.00008656594009381097	0.00008092062174054325	0.00008907001815039987	0.0001394981827559961	0.00022937717059068335	0.0002606480354900666	0.0003064556396023677
330	0.00008610314342362138	0.00008114820231396693	0.0000882888625410731	0.00013993653913986514	0.00022627574284136905	0.0002628168240901272	0.00030541729856930436
331	0.00008590144730321117	0.00008137983295113207	0.00008757683152505018	0.00014159676698545504	0.00022192804286431524	0.00026589633910345024	0.00030470160807269663
