pixel,1450A,1500A,1550A,1600A,1650A,1700A,1750A,1800A
1	0.00006906834560862772	0.0000679060551947221	0.00006957547325994315	0.00007402485683202701	0.0000718579837860028	0.00006834041550011343	0.00006462273527519642	0.00007393823399160613
2	0.00006981143139301677	0.00006862212983780943	0.00007001710101672201	0.00007371407178405245	0.0000730705687036592	0.00006914691595829179	0.00006486220588107153	0.0000745021340451953
3	0.00007071374732132692	0.00006935409567277298	0.00007049191667875692	0.00007324368477709702	0.00007424812939172808	0.00007007633883445103	0.0000654988430672468	0.0000751403896061232
4	0.00007187772373354085	0.00007028507126308801	0.00007100859284676457	0.00007283468981669088	0.00007544650048273274	0.00007119101834922251	0.00006668754913200321	0.00007572868772121077
5	0.00007317199505446068	0.00007158291881324002	0.0000716555397199747	0.00007262684150722116	0.00007677616909944083	0.0000724514472057137	0.00006840531254013587	0.0000761955728785784
6	0.00007441914428103413	0.00007328070275959145	0.00007251316899163492	0.00007264303901546018	0.0000781721229639446	0.00007376031712233838	0.00007050822217511518	0.00007666772738570582
7	0.0000754992494660174	0.0000753373457511821	0.00007359477195211489	0.00007277521414036545	0.00007943284848886704	0.00007507643201786609	0.00007283549816341993	0.00007741114521970026
8	0.00007637513367130482	0.00007774487033857997	0.00007489304117877159	0.00007296650788315723	0.00008042531561509203	0.00007649934462991849	0.0000752269147006139	0.00007871273161498688
9	0.00007707994862652599	0.00008046119977818048	0.00007636389370145503	0.00007327350194198295	0.00008111402577340592	0.0000781954638562605	0.00007764416202341318	0.0000807582780334334
10	0.0000777321092860511	0.00008323251657866452	0.00007797362618605755	0.00007383513911661112	0.00008152886096541723	0.00008026114483701031	0.00008019312704815618	0.00008341425673883512
11	0.00007847582169182592	0.00008563367209139226	0.00007969868735863616	0.00007481482699611373	0.00008167024507547293	0.00008261660385186635	0.00008309082666089197	0.00008623209421609761
12	0.00007937574172951867	0.00008737465595441461	0.0000815016921058612	0.0000762071905225722	0.00008159889690162121	0.00008499540238005894	0.00008638366929343554	0.00008878109263855804
13	0.000080435881462041	0.00008853992810835044	0.00008339610037915285	0.00007785627567325111	0.00008151441168848545	0.00008707360233599462	0.00008988541410350126	0.00009093404295970027
14	0.00008173934648989938	0.0000894778803933027	0.00008535237290217415	0.00007959580681109196	0.0000817047009417811	0.00008862233170986745	0.00009331966199791579	0.00009282501851398193
15	0.00008330462129422905	0.00009048709109361831	0.00008731379676178713	0.00008140317715117359	0.00008243662382393489	0.00008971696625327319	0.00009657395189226554	0.00009471573303010714
16	0.00008500722732395406	0.00009161095449147526	0.00008926422141724614	0.00008332897305770654	0.00008387020880402304	0.00009067237980892008	0.00009966067355773963	0.00009673191527647094
17	0.00008677967440723999	0.00009266621788724756	0.00009127302047670947	0.0000854172795186388	0.00008594274636847774	0.0000918472703435492	0.0001025962297441192	0.00009884343930079285
18	0.0000886815868434712	0.00009349725815102033	0.00009333412508470582	0.00008767038714256797	0.00008838717941106411	0.00009344795406899787	0.00010529430405137064	0.00010097441710380789
19	0.00009076420336939512	0.00009411562045401731	0.000095273125087902	0.0000901007826308054	0.00009087892162051403	0.00009553353448653565	0.00010765690027639059	0.00010302661054477819
20	0.00009294587084592941	0.00009456389825350198	0.00009680993612013981	0.00009276159724760253	0.00009325646057444855	0.00009809357353116148	0.00010963967439962088	0.00010492928944449548
21	0.00009509300498894134	0.00009486909613589988	0.00009775976821054929	0.00009569730970908123	0.00009567059751270777	0.00010103282579735998	0.00011122550199591387	0.00010666896456040077
22	0.00009716239018632631	0.00009510287002075683	0.00009831314748645933	0.00009886155082138838	0.00009849436358196859	0.00010420399223311282	0.000112378644747519	0.00010829290305096787
23	0.00009912416756120698	0.00009541945064822409	0.0000988600164227707	0.00010207374737245807	0.0001019986915567306	0.00010751602727404858	0.00011306975294289098	0.00010987433568156478
24	0.0001009147597399795	0.00009586145155633059	0.00009969099631403097	0.00010518223824278646	0.0001061339658222386	0.00011095053353719813	0.0001133896814198346	0.00011133971962956815
25	0.00010260274080806905	0.0000962493431178656	0.00010095377641560848	0.00010821704826159472	0.00011062228965333414	0.00011428015023213891	0.00011359186962523202	0.00011249961253522619
26	0.00010434079276564543	0.00009649974558369808	0.00010270631914236262	0.00011124148581914749	0.0001152381339320104	0.00011710843448997738	0.00011392138580766774	0.00011326523382994544
27	0.00010603449452909551	0.00009683029093174565	0.0001048917717384508	0.00011429779094975082	0.00011980214316749365	0.00011918437662537709	0.00011450765077465551	0.00011366000044406145
28	0.00010735486644158404	0.0000976811185720406	0.00010745672809324182	0.0001174247265424703	0.00012405593525840718	0.00012063204637717381	0.00011525940695701263	0.00011380974134116271
29	0.00010803589220314997	0.00009944193751928664	0.0001104226050845552	0.00012070275344674137	0.00012762391606919196	0.00012184562533739555	0.00011589069270063258	0.00011398370964023971
30	0.00010811986198064756	0.00010212072129886717	0.0001137283275701618	0.00012419077974816	0.00013026756455930097	0.00012326751980319602	0.00011633369480066976	0.00011447136757038531
31	0.00010794609370438556	0.00010540219868543555	0.00011713088819050083	0.0001277341058872143	0.00013224045073572047	0.00012509681536470094	0.00011678011695186795	0.00011554272852889158
32	0.0001079366619498676	0.00010895470242161958	0.00012038867194422583	0.00013102044697123693	0.00013395830398844221	0.00012722185776296854	0.00011741921103228837	0.00011750517039441953
33	0.00010846281725865916	0.00011261082640604355	0.0001236312025262046	0.00013376291220326637	0.0001356562842967749	0.00012937687907678587	0.00011838956531324346	0.00012049605055291462
34	0.00010977598229665828	0.0001164135512197583	0.00012722015453803275	0.00013585425006276287	0.00013742443246622947	0.00013129196641026866	0.00011971374304122688	0.00012423581074999987
35	0.00011181110699394082	0.00012048964112701841	0.00013126806667006005	0.00013744827513226783	0.0001393948325446132	0.00013276786772258654	0.00012137937308650962	0.00012796938838452134
36	0.00011419488485887367	0.0001248282068440339	0.0001354851277542145	0.00013876214862917717	0.00014154595873042865	0.00013379731327766852	0.00012347895598061067	0.0001309970124347562
37	0.00011659928106338705	0.0001292911041455558	0.0001393859115517257	0.00014000524741581333	0.00014362837132188852	0.0001346377543341623	0.00012619302037687502	0.0001332805909413677
38	0.00011895625600592301	0.0001338289019714119	0.0001426631487052736	0.00014138864753331613	0.00014521563867192153	0.0001357127230084098	0.00012954199969507084	0.00013559557474864445
39	0.00012140435868544746	0.00013844207824165137	0.00014527235906436806	0.0001432008839593302	0.00014606634441346515	0.00013740245987568702	0.00013328997929086843	0.00013873173513553574
40	0.00012418070139013333	0.00014280837118191546	0.00014735536655098623	0.00014557022854501278	0.00014630403927272194	0.00013988056957641345	0.00013714415907684356	0.0001428728043315729
41	0.0001274749787379209	0.00014632433905360464	0.00014919559325005032	0.00014826502514651748	0.00014632524362312137	0.00014316414648000265	0.00014124102622281297	0.00014770887670724004
42	0.0001313593208011863	0.00014868784224743086	0.00015113206022627186	0.0001509247970853972	0.00014663560083425184	0.0001470179784165672	0.00014603625193516085	0.00015288507693873152
43	0.00013577471410225296	0.0001502452050599996	0.00015340420020149711	0.00015333129419890985	0.0001476005434087524	0.00015111559300763289	0.00015161790754608114	0.00015827951142566686
44	0.00014047166192553777	0.00015159457756018066	0.00015596641874421322	0.00015540877657295175	0.00014947205371945854	0.0001551816417742314	0.0001575361437485855	0.00016397137245844853
45	0.00014501616337745692	0.00015305065864584151	0.00015864665676815546	0.00015721742139597028	0.0001522674500259045	0.00015933890101836804	0.00016351042332275222	0.00016995920558436614
46	0.0001489936967297826	0.00015468537045892908	0.00016122927141462557	0.00015901883185829162	0.00015573228190013437	0.00016381710985652188	0.00016956921225171352	0.00017613883183940817
47	0.0001523042188666273	0.00015664883554563884	0.00016354075847742352	0.00016108114547995999	0.00015972442227259195	0.00016844643836328466	0.00017590308459269167	0.00018236681246434555
48	0.00015523529838086305	0.00015911532644274906	0.00016566106778493413	0.00016370641564120543	0.00016423895007255276	0.00017304216982410764	0.00018247330401619395	0.00018830769144282574
49	0.0001583023641791155	0.00016192217602703233	0.00016787039790248294	0.00016713766158372743	0.00016917652600576756	0.00017766827945864762	0.0001889153588654419	0.00019384724966460578
50	0.00016189811186630891	0.00016457831226050166	0.00017034192635803638	0.00017143494989592585	0.00017447035842469837	0.00018247866316650817	0.0001947153804099297	0.0001989808335382368
51	0.0001660115384537991	0.00016670431402827208	0.00017321007011672767	0.00017650170102843408	0.00018015382620250944	0.00018752961127673656	0.0001996026766615761	0.00020359581188832175
52	0.0001702640129768537	0.00016855271079328256	0.00017691468013865288	0.0001819830916114599	0.00018642198577778558	0.00019290847344158833	0.0002035967006178153	0.00020751999740398233
53	0.00017420759746015918	0.00017091230890529883	0.00018187262810402593	0.00018733472355729594	0.00019341920485531046	0.00019847572300880827	0.00020693005414089874	0.0002105697467223806
54	0.0001776594533327045	0.0001744406863993786	0.0001878220523853933	0.00019218910885229605	0.00020087087876672033	0.00020406676783287585	0.0002096486865294187	0.00021244804326175012
55	0.0001807411552797106	0.00017937461756607458	0.00019390902593668022	0.0001967396962342943	0.0002082641745324242	0.00020956741793040786	0.00021164218442512928	0.00021307970311531968
56	0.00018381866692091415	0.00018551590054407518	0.0001994361412491726	0.00020164468530704848	0.00021519031418925795	0.00021481164294563952	0.00021285128394387317	0.00021263825567986036
57	0.0001872518639763352	0.0001924714708296937	0.00020426922490848008	0.00020727360068233046	0.00022144796908392156	0.00021951294130794196	0.00021322954686390746	0.00021162727560210205
58	0.00019118484507577718	0.0001997299078313264	0.00020875536787189942	0.00021350344127973934	0.00022708921007479215	0.00022332061109805903	0.00021269809578622706	0.00021052545810937398
59	0.00019590539587388355	0.00020650806576697544	0.00021343322218531907	0.0002200483236646907	0.00023229512754354927	0.00022621166181858318	0.00021140784124853686	0.00020969748857549637
60	0.00020173143716839813	0.00021213809791499667	0.00021857633755641923	0.0002264674434365304	0.00023714065663155853	0.0002283834014519747	0.0002099153644467695	0.00020958056795456658
61	0.00020855521352864493	0.000216595234239086	0.00022417561302257917	0.00023249506442382222	0.00024149037524909018	0.00023007469889793183	0.00020890587131490725	0.00021080146519282108
62	0.00021569438801998726	0.00022070079870651892	0.00023019719227090774	0.00023820573927557325	0.0002450544464969676	0.00023157399782558724	0.00020886944779723824	0.00021351377116536513
63	0.00022223961240367868	0.00022560402512547645	0.0002367942321514804	0.00024390304619873444	0.00024773157035878397	0.000232982703897506	0.00021010965233657066	0.00021708354441293863
64	0.00022769654612376668	0.00023172096856929582	0.0002441038743759598	0.00024952106324792377	0.00024967100944048483	0.0002344388364748408	0.000212753759199438	0.00022045788698438665
65	0.00023214205974134332	0.00023867414805553834	0.0002516093419805086	0.0002545138677380989	0.0002512417375327115	0.00023634029221360084	0.00021662696747238192	0.00022302491008404732
66	0.00023602355563014728	0.00024598774153169605	0.0002585493243914673	0.0002584782799315151	0.0002528046615363323	0.00023917776077762178	0.00022113724084917485	0.00022465193577982047
67	0.00024011097940214362	0.00025353631306817003	0.0002645949142524259	0.0002614769582901682	0.00025469117741624807	0.00024327065400113381	0.00022554255245559631	0.00022540176850807127
68	0.0002452773211218027	0.0002612012157058496	0.0002697081710769766	0.00026417080699268946	0.00025745339681260186	0.00024861128732386135	0.00022942389284434924	0.0002258522941291835
69	0.00025174773996864135	0.000268586340881957	0.0002740337903706498	0.0002672068308506295	0.0002616657964396221	0.0002545789531792	0.00023293335160103027	0.00022737010983819788
70	0.00025892045775720556	0.00027517536473568096	0.0002779817536004514	0.00027091121494090214	0.0002672800440224752	0.0002600109747004035	0.00023658967586491673	0.00023160815323221862
71	0.00026631967258315513	0.00028063989554003265	0.0002823183138756789	0.0002756601673694582	0.00027372525630660897	0.00026381158543120094	0.0002410562541524499	0.0002394647160917672
72	0.0002739197864250738	0.0002852592438137492	0.00028771388182456556	0.00028183723362214887	0.0002802915002162025	0.00026584273427772084	0.00024710603639971015	0.0002508407770575364
73	0.0002816191720918698	0.0002896761692256289	0.00029441221097337974	0.0002892462549159727	0.00028625658519600204	0.0002670805466355746	0.00025578476121557295	0.00026494096790771916
74	0.000288967944467288	0.00029449724206479053	0.000302425301479062	0.00029710793283138864	0.00029133424618716855	0.00026924643923651966	0.0002676876219132897	0.000280876070319885
75	0.0002957749361753914	0.0002999082651138338	0.00031155380369782146	0.00030452413648052683	0.00029577431667263365	0.00027462451643160305	0.00028250679684543195	0.0002980008769694455
76	0.00030235959967454785	0.00030591699706700246	0.0003211447508580124	0.00031079160140771745	0.00030032279988011245	0.0002850907710532718	0.0002996019057634103	0.0003164332040068462
77	0.00030916146304993186	0.0003128983073920531	0.0003304083153493054	0.00031600325697922065	0.0003063989788785724	0.0003007951470275963	0.0003184717204719204	0.00033651793443180693
78	0.00031635047533837025	0.00032134769428480964	0.0003391858207103482	0.0003212355174087847	0.00031595081008079607	0.00032031537556956324	0.0003388262367553111	0.00035777389584607883
79	0.0003243239236993798	0.0003312104406858761	0.000347789815210813	0.000328037155377357	0.00033067815245304253	0.00034205276241663717	0.0003603397131655241	0.0003790132401087864
80	0.00033386599063185273	0.00034165381351223927	0.0003565656439945726	0.0003382633098367398	0.0003508333049134279	0.0003652742900806809	0.00038232811162863687	0.00039943774050727355
81	0.0003454998718115217	0.00035212452566478545	0.00036621085094317796	0.00035380163930124334	0.0003752541692051703	0.00038966349641919964	0.00040393235365996695	0.0004191486805509925
82	0.00035918318767759136	0.0003630230898107636	0.0003783531057379655	0.00037577741677522305	0.0004028094721217086	0.00041465988398237667	0.00042490107141065743	0.0004387459656906187
83	0.00037446512322178774	0.0003751829599886677	0.00039491048910899826	0.0004039719642790129	0.00043269465552192246	0.00043962495716976544	0.00044603273889822946	0.00045866108697076015
84	0.00039070941735633427	0.0003896522052032036	0.0004173612126619662	0.0004371405168822643	0.00046377989688664	0.0004643812715772716	0.0004686717129025787	0.0004793056156445363
85	0.00040743952873851293	0.00040801384568209346	0.00044633066210592466	0.00047325928094411895	0.0004947739805287041	0.0004895870799910131	0.000493210687935217	0.0005005128077045931
86	0.0004248997519721936	0.0004322276614130155	0.00048140799862052676	0.0005100064591523479	0.0005253362295655855	0.0005167239193979098	0.0005186035350626496	0.0005208212538807314
87	0.0004443761703010986	0.0004636401347204808	0.0005213052550030981	0.0005458057454305366	0.0005563019152852504	0.0005469279199928614	0.0005433656642678409	0.0005387095415871744
88	0.0004679881207808133	0.0005022741259512438	0.0005640676485406287	0.0005809845043659401	0.0005893098954317992	0.0005795620471676387	0.000566511798520052	0.0005548755909779388
89	0.0004979908894364206	0.0005469474601947062	0.0006073473900717524	0.000617553274301037	0.0006257994534191788	0.0006126525768647993	0.0005878580368456478	0.0005727073030259694
90	0.0005359637909229392	0.0005959097471220566	0.0006497821989078381	0.0006577377508685977	0.000665520534371611	0.0006448931351253043	0.000609121682308602	0.0005958163149087173
91	0.0005820246950508845	0.000647117588262356	0.0006926594789981845	0.0007023587951293658	0.0007064758750915656	0.0006769456149681868	0.0006339340641609383	0.0006255194960990755
92	0.0006345682765776294	0.000698886964847422	0.0007389019559542921	0.0007503356188550206	0.0007472231997004507	0.0007115235346314152	0.0006660967262519307	0.0006615857718874951
93	0.0006908270968430637	0.0007513858463429711	0.000790431593206818	0.0007995860252560893	0.0007887904260849686	0.0007515915301758544	0.0007074174368904828	0.0007039205141050421
94	0.0007482679925856674	0.0008064623239874881	0.0008469184372210373	0.0008492905090491823	0.0008342418761519543	0.0007993652342693883	0.0007570536693734064	0.0007524418709938418
95	0.0008063561019250971	0.0008658721080393796	0.0009062595950152858	0.0009014100370492949	0.0008869234247281432	0.0008558036356225866	0.0008130263178188911	0.0008070290678702062
96	0.000867466988645918	0.0009303776509682543	0.0009668209295354104	0.0009601982837259855	0.0009492843474705813	0.0009204763699415975	0.0008740122794278525	0.0008684045304116225
97	0.00093499550813538	0.0009995937364471632	0.0010304154419019727	0.0010295975890211055	0.0010220281194301293	0.0009921211116150229	0.0009406217816719208	0.0009369927792951956
98	0.0010105239347637323	0.0010725346074174312	0.0011026411975370784	0.0011111504688738239	0.0011046969580252594	0.001069553695992245	0.0010150469763248546	0.0010127284604750776
99	0.0010933601016168079	0.0011495762022031186	0.0011884137945046436	0.0012040913564541384	0.0011959419739617267	0.0011534843549586143	0.0010992407485560206	0.0010969898967798822
100	0.0011815369333724888	0.0012340839004927355	0.00128851168076465	0.0013068305821420136	0.0012941891780384155	0.0012461648384638842	0.0011942715085655974	0.0011927904760982253
101	0.001274628513838641	0.001331093189344114	0.0014007827008598328	0.0014173152916929627	0.0013999920156046134	0.0013506572004091883	0.0013011328864107566	0.001302676678862657
102	0.001375472155293886	0.0014444208715899396	0.001523531264862613	0.0015343874243117165	0.0015164397858294708	0.0014702457980085902	0.0014208103226116635	0.001426651579136668
103	0.001488980029226907	0.0015746975884459548	0.0016558023149309236	0.0016601904155360452	0.00164734698585207	0.0016061172359294435	0.0015530261823943682	0.001561295195031116
104	0.00161979611081209	0.001720233517759739	0.0017973442697938765	0.0018003096295166646	0.0017955225312576814	0.0017550620719273362	0.0016956660846363313	0.0017021434972821618
105	0.0017694411394302183	0.0018780516955772355	0.0019500259800879435	0.001959939864174541	0.001959995613362372	0.0019121897418305888	0.001846382803808693	0.001847378425817064
106	0.0019363021800820487	0.00204539473536225	0.0021184780911974272	0.002138902573894379	0.002135744891077682	0.002075121566803511	0.002004237266555939	0.0019970788479311283
107	0.0021163473147409215	0.0022232595780901404	0.0023064655128239965	0.002329651969016095	0.002317029828224756	0.0022437895480411584	0.002167046976489352	0.0021463807350422465
108	0.002305062507513154	0.0024176806256655846	0.0025126642253584385	0.0025230902347209263	0.002501402829543161	0.0024153093109764937	0.002325101174050058	0.0022851609450017696
109	0.0025026490065314863	0.002633877896122501	0.002730128695805986	0.0027161943361809246	0.0026868503959679066	0.002579746281504371	0.002465804184201164	0.002407903674979735
110	0.0027158804567532255	0.0028696528863029866	0.0029501746882689348	0.002910567155530835	0.002867563755561813	0.0027271143095437284	0.002586877320296583	0.0025233631850293393
111	0.0029505948082701764	0.0031147423645165916	0.003167107691986563	0.003102838634224912	0.0030351714136555496	0.002859298685603738	0.002701929640804766	0.002649970543854066
112	0.0032041380383383295	0.00335691900617575	0.0033759378704444456	0.0032817131726796673	0.0031873841755060855	0.002991744764604328	0.0028274774090581655	0.0027968683561465533
113	0.0034654101515356455	0.0035894087921026596	0.0035698213763365044	0.0034418513856205217	0.003333357546401786	0.0031378208129437947	0.0029655595510573274	0.002954810909033269
114	0.003720968026444783	0.003807127893933499	0.0037449352839836665	0.0035949891446516746	0.003484863815217353	0.003293396398100264	0.003107203169145515	0.003107188170814015
115	0.003961973426186649	0.004003080879113689	0.003911336225489459	0.0037604705327335106	0.0036428471053887045	0.0034490370377312334	0.0032495419611717376	0.0032535197505730172
116	0.004181915863353661	0.004178898906660558	0.004090290455632759	0.0039429708577040905	0.003805785680727336	0.0036111678425499267	0.0034072277086570303	0.0034218142802374353
117	0.004375944874292366	0.004353472850441824	0.004291998396646349	0.004133957016624799	0.003987704103722103	0.003805401437810115	0.0036097295119190916	0.0036470328063994773
118	0.004553983222379876	0.004546933533544604	0.004505634993673362	0.004337473381604407	0.004218597818684066	0.004058778002893809	0.0038834755096271195	0.003936480238370654
119	0.004743718450128358	0.0047599579081300655	0.004726460600336718	0.004583656927351409	0.004525279317460416	0.004383652812506178	0.004231985133861155	0.00426771080002434
120	0.004964565612726811	0.004988637458931988	0.004981898844822985	0.004912838202918808	0.004910700019182673	0.004776622819201751	0.0046331748618171405	0.004614200197555265
121	0.005210090079808024	0.005256324832748713	0.005320479208045481	0.00533860293157636	0.005358158894261584	0.005223473163352501	0.00505198727329577	0.004968278973518788
122	0.005476333654093738	0.005610682413097452	0.005770575510157653	0.005841637533767971	0.005848627240339756	0.005697333459987682	0.00546066193583816	0.005338010589602829
123	0.005799995688556746	0.0060830762758235825	0.006319863746435702	0.0063914052551111026	0.0063622093200795685	0.00616279346183817	0.005850824672191713	0.005725978525502648
124	0.006242934993409514	0.006660085247464298	0.006930353823310128	0.006956189722984641	0.006869086625016845	0.006592742768786704	0.006226420643793021	0.006122676498449504
125	0.0068271745361965655	0.0073049620499210256	0.007559894190422587	0.007501389169225533	0.007340001324494015	0.006989016557401366	0.006604574195614871	0.006532215982931546
126	0.007518002192931788	0.007979742077018535	0.008166348787527289	0.008000700141935244	0.007779386794487633	0.007392232232361742	0.007022937293380855	0.006995833466298934
127	0.008254103987194202	0.008638583296298654	0.008719517410345193	0.00846895764414667	0.008240997568106801	0.007862694935942854	0.0075331720592483435	0.007569733690884147
128	0.008973539870348395	0.009239723759064658	0.009240586798972304	0.008971509946401111	0.008788383657877864	0.008438434042363906	0.008163471972935757	0.008259204030472098
129	0.009630566794896557	0.009793651411293954	0.00980272779752605	0.009568492544770898	0.009435293744301503	0.009095968758581856	0.0088711208374424	0.008983391128468712
130	0.010225332963390408	0.010376677698275282	0.010460471801234765	0.010254776571928125	0.010118522226763783	0.009760501906200212	0.009556516409691214	0.009633829978805295
131	0.010832335244425105	0.011056333304621234	0.011194809946410693	0.010951108966192042	0.010755542293622865	0.010364693647426228	0.010139196799966214	0.010154200781413592
132	0.011542000007959892	0.011826575228207114	0.011921550105938305	0.011588264719606877	0.01132411988551254	0.010897585631100574	0.010615342495762202	0.010567749135677873
133	0.012378015496802827	0.012607256286323318	0.012587358581093902	0.012187844688863629	0.011876304094104043	0.011406551960580205	0.011057077048450208	0.01096519210380158
134	0.013273029245174098	0.01334829034443554	0.013244991378383725	0.012847727508661734	0.01249971738488443	0.011973095478748027	0.01157152173719269	0.011456472980059
135	0.014169806916444072	0.014113953544633935	0.014020650043688299	0.013677057299267117	0.013284231651851634	0.01269185335930738	0.012248288694429794	0.012126361626483404
136	0.015116272306991122	0.015053890908650652	0.015033872564848193	0.014760775536495251	0.014301920164176878	0.013631084359017186	0.013121059551655876	0.012988834057135525
137	0.016251319438651407	0.016317985703357546	0.01636840846314116	0.016115203923163155	0.015542338389770115	0.014763647359980495	0.014150368853251449	0.013969559604436866
138	0.017739084566931854	0.017999626927320104	0.018023245764850596	0.0176495776457768	0.01691102662499764	0.01599677679973582	0.015247521892007027	0.014962408824920587
139	0.01970038867924251	0.020053508337218875	0.019905235608487625	0.019288606648054357	0.018376148518303465	0.01730347669214413	0.01637681502724843	0.01597026259532364
140	0.02211267732920789	0.02234506573889878	0.021978328475207195	0.021133803833542533	0.020090211091491367	0.018825919333802198	0.017678981937090128	0.0171868716983501
141	0.024864051222112823	0.02487914799523798	0.024405753469704885	0.023419628913889497	0.022248674051854062	0.02074667274649163	0.019377861628629943	0.01880825808637842
142	0.027973553120044636	0.02788285877919406	0.02739321461291068	0.026236025013545942	0.024862618865519156	0.023111565252075188	0.02154601576460129	0.020846400654306884
143	0.03161395536166129	0.031476706722257344	0.03088413381453655	0.029415277058087923	0.02776812826177193	0.025784890353990522	0.024055961303361986	0.023167103322484298
144	0.03579420854902287	0.035450631867003916	0.03455482850656194	0.032741527686738756	0.030808427990647192	0.028623739416218638	0.02678513659972541	0.025662656792953483
145	0.04020490029816263	0.039459785234540676	0.03815115532923384	0.03611869001889537	0.03390196790128852	0.03153746333903885	0.02962303149226668	0.028297069772795704
146	0.04451030744342449	0.0433712111013497	0.04166328733863855	0.039534301489595136	0.037015993463157176	0.03442003572081	0.03239084574613967	0.031059618710980584
147	0.04871982100317267	0.04733818328865103	0.04536842272111911	0.04320419486771521	0.040376616842278314	0.037445134024832634	0.0351984747190928	0.03408410385587531
148	0.053306351559003866	0.0519441511376477	0.05000980778117082	0.04776811993952557	0.0445951584645881	0.04130176431692496	0.03873228848722965	0.038006810382715764
149	0.05943379038251414	0.05831327065741797	0.056643214928251945	0.054219917770097686	0.050592512214211384	0.04688555592754548	0.044005521085457536	0.04390905740129951
150	0.06895264671945918	0.0681858094108513	0.06689017667190633	0.0642148306642752	0.059918793819435094	0.055505417617970426	0.052343299284259195	0.053028915211241194
151	0.08461453823041562	0.08450995493576918	0.08369325512037729	0.08070586014126623	0.07540142959634903	0.0697005501750409	0.06588374120954063	0.06674715997553783
152	0.11064476521142615	0.1117205633476049	0.11135876013725798	0.10782877038393368	0.10104605742262422	0.09322527574777353	0.08753067640302284	0.08661737492208299
153	0.1519803280127868	0.15441986341878744	0.1541073116809257	0.14938996985502728	0.14046780860162203	0.12942036740881638	0.1200242813561977	0.11505696207364201
154	0.21179198720134498	0.21496203173080025	0.21389886997041296	0.2070723138162169	0.19509452730139018	0.1795984962899494	0.16538703530366763	0.15661608452698358
155	0.29071578897016825	0.29360648259169336	0.29105961935593955	0.28128517917548956	0.2652613585095807	0.24467727017644983	0.2266977671970925	0.21835315820054602
156	0.391817429198648	0.39373452474554094	0.3892907356339647	0.3759754953610498	0.3552001384027646	0.3300192923567543	0.31119399659555	0.3089715503863369
157	0.5248731500911632	0.5250516779600831	0.5183091180413114	0.5015105726289923	0.4764955153399502	0.44849487069551724	0.4316121249157935	0.4370516341960687
158	0.6942679787793512	0.6913678603849559	0.6822277304817507	0.6638848814252148	0.6381001285082573	0.611193756035903	0.5975958613062371	0.6046944751386002
159	0.8731308698738167	0.8671751783798533	0.8574047683671924	0.8420482623833535	0.8219931455017407	0.8019504955605413	0.7920099639809173	0.7923600538104134
160	0.9958058410612557	0.9905814970149834	0.9843312173537974	0.9766975289319427	0.9676308187118714	0.9585677776561404	0.9527728030293646	0.9463825562397541
161	1.	1.	1.	1.	1.	1.	1.	1.
162	0.8887396852987726	0.8935730592774722	0.8974824475017411	0.8994407690352413	0.9000658077470158	0.9009717628779087	0.9060235116487628	0.9253258371740954
163	0.7260302036490593	0.7317930220148479	0.7352021382981442	0.7340772295231821	0.7294545354234384	0.7246009160620874	0.7284461774290024	0.7606790754718373
164	0.5723129673472219	0.5765903909781602	0.5774534582269994	0.5724195116780975	0.5625369177332267	0.5508792844496306	0.5469563980831493	0.573340525486472
165	0.4499133186087048	0.4533448322551954	0.4524906229896916	0.4454009652143053	0.4325150361863126	0.4156420546922241	0.40186611748036916	0.41079338768055174
166	0.35397606618931887	0.35838565926216603	0.3573642756113363	0.34990507327955794	0.3355268354860419	0.31518126141380065	0.2940622430451792	0.2875229753075353
167	0.2743844743331683	0.2802504436947567	0.2796961215368281	0.2723967487876161	0.2574757586575588	0.23635720570431798	0.2134852669237031	0.20000232198352183
168	0.2075238711286227	0.21350977849520578	0.21324428487801783	0.20636636537201583	0.1922254925002071	0.17344074159028294	0.15375163415129037	0.14029792155521778
169	0.15423461884529543	0.15894193300289433	0.15872137495157318	0.152633649043672	0.14055701727298106	0.12583941981971902	0.1110002425585464	0.10066647859204646
170	0.11515913859418467	0.11811488605604263	0.1176828060261747	0.11241308799242113	0.10288466397475475	0.09230451812168546	0.08173400327930826	0.07479768955706134
171	0.08869700070165668	0.09023553530815276	0.08941223612918425	0.08471648827970282	0.0773808759568118	0.06989965519571126	0.06249099309903119	0.058028562332858566
172	0.07115811163496315	0.07199880522674826	0.07100522648465009	0.06695189270685677	0.06129642141271478	0.055454429770609166	0.050113199010642165	0.04709760943424042
173	0.0586504850291592	0.05931014641302233	0.05858428444630036	0.05561188232957796	0.051534416734988216	0.04641515430454372	0.042177684642214414	0.03973268639627579
174	0.04888302879107987	0.04939031465392046	0.04904556787251132	0.047365237723289884	0.04495677824286923	0.04068278684522752	0.03710515862604415	0.034671627069697904
175	0.04122173480481406	0.04136934215252813	0.04114624975000675	0.04036593329313967	0.03934601030926527	0.036510574587204546	0.03378940262983551	0.03138602867918791
176	0.035561117537633274	0.03524258950244579	0.03487453122333492	0.03434966911416906	0.0340070681987932	0.03267281869855548	0.031216730079295284	0.029423302205584066
177	0.031583144461872555	0.030934580978007973	0.030308393478242684	0.029610093271113642	0.029292167678228363	0.0288308648888686	0.028590175436887806	0.02808025827864007
178	0.02869229079008713	0.028035693132324985	0.027191741094723682	0.026214023926261452	0.025596898856420306	0.025326922765946464	0.025693510111217188	0.026540710708479565
179	0.026268904490390283	0.025918588906603153	0.025031598432393307	0.023882889027298546	0.022915722720752988	0.02248438591359031	0.022792422204749956	0.024377890316609564
180	0.023951436432958922	0.023960806728142513	0.02327647034404754	0.022168613983648864	0.02097387378437825	0.02029639084745101	0.020188905576276315	0.021782234877735188
181	0.02172660010614071	0.02184860401341044	0.021496158959661633	0.020635284894825322	0.0194017648495236	0.01851731549167328	0.017953861235473153	0.019119682906087076
182	0.0197940701605943	0.01971664122757485	0.01957753306097189	0.01903045552292391	0.017922676871217118	0.016911064710393182	0.01602605306622346	0.01661297002718881
183	0.018296425889806137	0.017891120880910345	0.017728070099714693	0.01735674530430011	0.01644914139081318	0.015426832090700393	0.014383901058167437	0.014420242452451973
184	0.017169996235149834	0.01653620588471234	0.016198499813405258	0.015807939185013185	0.01505418463616921	0.01414220942509849	0.013083613580931155	0.012711976339502443
185	0.016188859024995318	0.015559297650655609	0.015058123956744034	0.014562899379183142	0.013867698509507963	0.013104623115187905	0.0121664851853631	0.011583571289652428
186	0.015097329279206415	0.014711759088822687	0.014198423494572164	0.013628377207997795	0.01295582679277247	0.012288062884195348	0.011550697236979645	0.01097994490640419
187	0.013775990230707736	0.013752377555804104	0.013420994711961582	0.01287598953969474	0.01225289692208171	0.011634961990484258	0.01106747181047037	0.010693467478126896
188	0.012314656367350378	0.012584060135493794	0.012539437240417367	0.012134204758609256	0.011618186891820885	0.011063350347678734	0.010599763640131305	0.010453398373958452
189	0.010875481478028274	0.011289837973797767	0.011477821056490386	0.01127045059477887	0.010913735024321001	0.010465673953223328	0.0100884881105695	0.01006952804678102
190	0.009549875873431911	0.010014170987326473	0.010309003975207948	0.010256085624256991	0.010065160074392197	0.009751660054236059	0.009467401894254938	0.009490777031917686
191	0.008360431451279472	0.008838926049964592	0.009158088716760888	0.009179370923468592	0.009095220732808646	0.008904959356197291	0.008704920740379993	0.008752436614994256
192	0.00731678992056643	0.007780795780068992	0.008098079005533039	0.0081487647810406	0.008102162288272341	0.007991247819349297	0.00785743880742569	0.007925698730711483
193	0.006422988275387826	0.006844591728127019	0.007146421054210852	0.007218186120965843	0.00717405708751981	0.0070935684806386345	0.007015841972420258	0.007094787643415884
194	0.005676166358650475	0.006031257358133933	0.006310614473063331	0.006394464665345803	0.006351907621484485	0.0062629345106210745	0.006225847736496982	0.006314795709840475
195	0.005057434113620509	0.005335909873601824	0.005588268656271873	0.005677493322650233	0.00564295708268414	0.005529153950143418	0.005500478288769831	0.005599414930690653
196	0.004529492985370084	0.004751030615356357	0.004964329864901901	0.0050569627004178165	0.0050387043860683975	0.004913141280943386	0.004861741181327838	0.004951930335229168
197	0.00406175982606298	0.004256101116401248	0.004426103828186019	0.004511612926044917	0.004515198840000859	0.004406724795276665	0.004333564625587401	0.0043904715368727944
198	0.003644676356309221	0.00382515552789463	0.003960764518300602	0.004028009105966684	0.0040461420023510525	0.003974755917258523	0.003908843431935786	0.003928206873102469
199	0.003280532211872526	0.003440687712912783	0.0035564773729784157	0.003603560302787146	0.00362393389173467	0.0035812473197726212	0.0035504493771997734	0.0035585795992566153
200	0.002967174664487829	0.0030993266174313117	0.0032018608897960103	0.0032377898604830347	0.0032549467815471624	0.003214132852161066	0.003221040968002728	0.003254433131519207
201	0.0026986864962790383	0.0028006186484271205	0.0028888702691563014	0.0029254527902368085	0.0029385717304243534	0.00288423739256072	0.002905980942171268	0.0029824938985414835
202	0.002467080326597382	0.0025432171943451094	0.0026142394148515715	0.0026565626076750365	0.002665666346862421	0.002603991378209815	0.0026168518926105943	0.002721831405496247
203	0.002260436878738854	0.002323052375964327	0.0023770924485890356	0.0024200398300107126	0.0024288537190051045	0.002370707476003553	0.0023705662230055205	0.0024736950525678916
204	0.0020688960389050803	0.0021293743858077636	0.002174545398918217	0.0022078057190412126	0.0022228784188993325	0.002175035532887571	0.0021711884394520283	0.00225077318501162
205	0.0018891127676359005	0.0019490326693833865	0.0019997927520294446	0.002018294277181859	0.0020409635056650925	0.0020058930976975743	0.002008432872823658	0.0020629672863005785
206	0.0017229222944167744	0.0017787544969174297	0.001842887586599782	0.0018521731675606205	0.0018771053185513854	0.001853264204039044	0.0018690519450328146	0.0019109330785624962
207	0.0015744173681204623	0.001623033979000317	0.0016965986443886276	0.0017055334463964766	0.001728797057414452	0.0017107296010422724	0.0017432901702113964	0.001785609449785413
208	0.0014461717243847635	0.0014853975327225352	0.001559070743393306	0.001571207669622568	0.0015945205223798634	0.00157726147545497	0.001625854722653444	0.0016767121401710446
209	0.0013374839528297374	0.0013677539348313104	0.0014317184039265743	0.0014470217611673457	0.0014709961323928222	0.0014542203859336618	0.001512840783542208	0.001576910927858085
210	0.001244853167958237	0.00126857490934361	0.0013173346038780167	0.001334209284472112	0.0013564280126886039	0.001342064717744758	0.0014019881445835138	0.0014813858556939107
211	0.001164508143900575	0.0011830806488210247	0.0012177968159955712	0.001231944659749472	0.001250992021542419	0.0012401752079851886	0.0012943880430410879	0.0013855102811610423
212	0.0010934538695275792	0.0011065719892190563	0.0011325826168413955	0.0011397127012873886	0.0011535239449563903	0.0011484605643673658	0.001192941190116224	0.0012877521402509847
213	0.001028533753311457	0.0010373268955988296	0.001058733984241893	0.0010586381876122374	0.0010629181674343684	0.0010659225287053722	0.0010997834168904523	0.001189979109368687
214	0.0009675887496276044	0.0009754442391366613	0.0009921359872802924	0.0009891867564581914	0.0009807473930055863	0.000989558635868168	0.0010150912980442612	0.001095014727042376
215	0.000911774453419665	0.0009202478682648998	0.0009310220795078072	0.0009292901109001214	0.0009095497829824975	0.0009168785191626936	0.0009383878891795343	0.0010053253116656007
216	0.0008642164886315649	0.0008710076299223168	0.0008759888595583025	0.0008760293799408208	0.0008502179139586749	0.0008490707723899023	0.000869108363398504	0.0009231214600454069
217	0.0008262960725475393	0.0008280305155856448	0.0008276358359757455	0.0008286680647463653	0.0008006379258798537	0.0007897832553503995	0.0008056158667700668	0.000850609085880488
218	0.0007955812442719194	0.0007922352364825999	0.0007859283043377803	0.0007879356374324807	0.0007582197294532286	0.0007408245802986171	0.0007466087176685921	0.0007879770389598488
219	0.0007674261334708735	0.0007636560341861567	0.0007504234541653734	0.0007537376025060369	0.0007222088444116731	0.0007006442229645993	0.0006929201759094985	0.0007324688463613397
220	0.0007384706965625708	0.0007398387612221498	0.0007208804754983138	0.0007243227310991427	0.0006924455336800875	0.0006670312764109524	0.0006459961901532177	0.0006807859254656024
221	0.0007082513246769892	0.0007170466770844195	0.0006964966596291994	0.0006975219972818945	0.0006675605852987413	0.0006393826034684018	0.0006066877967892105	0.0006324521505436079
222	0.0006780772177236475	0.0006926950126332704	0.0006753825321177136	0.0006727871722776315	0.000645523571761973	0.0006176803865681586	0.0005753710844675568	0.000589498131395681
223	0.0006488250057457854	0.0006667163324079744	0.0006556355013108101	0.0006506340901581894	0.0006247533687073085	0.0006000822379496035	0.0005522134716269292	0.0005540879475549509
224	0.0006200366700082753	0.0006403931552451672	0.0006360227945924194	0.0006307138964617965	0.0006050496437313837	0.0005836965770921607	0.0005365632328617132	0.0005273604484573068
225	0.0005909475477471919	0.0006143248511381892	0.0006158147572345763	0.0006118649637588828	0.0005871216666652636	0.0005667942529697527	0.0005261679635932042	0.0005093768067378138
226	0.0005616850649282595	0.0005882361041754448	0.0005943886549003557	0.0005929655560110307	0.0005712991250438676	0.0005492176033473365	0.0005176899002740765	0.0004989117066039011
227	0.0005333477233610956	0.0005616446488685996	0.0005714925829326135	0.0005736122041384068	0.0005570739055701016	0.0005318510470646608	0.0005082981373512499	0.0004930995207996692
228	0.0005070671082168113	0.000534748070817407	0.0005475411811867906	0.0005538573409908945	0.0005432797195321055	0.0005161134377609737	0.000496657874409807	0.0004879653641518709
229	0.00048297477502041514	0.0005086238567297839	0.0005230478556070351	0.0005334821663651986	0.0005287140877546419	0.0005026362726212214	0.0004834585888538844	0.0004805206125454412
230	0.00046059330722190517	0.0004845993385970574	0.0004985959657148535	0.0005125436646542495	0.0005125660575947137	0.0004903297440241713	0.00047117205344046745	0.0004705390773251001
231	0.0004393967554710423	0.0004628190410684563	0.0004748997590352884	0.0004914075769899219	0.0004948317768660032	0.00047764330562082106	0.0004618738715991629	0.0004596094434461814
232	0.0004195829973490959	0.00044254707852179416	0.00045304558850774304	0.00047034860119790704	0.0004762304787529671	0.00046388684190985736	0.0004550206992358746	0.0004498965108069363
233	0.0004013082085368633	0.00042325363459342166	0.0004338700087855562	0.00044962864501653686	0.0004574012787730373	0.00044938176182317074	0.0004485248726191355	0.0004427345117214174
234	0.00038389784813393896	0.00040501778332441117	0.0004170317878664266	0.00042976631734787676	0.0004387708679806043	0.0004346446031188279	0.000440524015520282	0.0004370722804684191
235	0.000367018012345573	0.0003880182319960979	0.00040123245531889506	0.0004112524682071623	0.0004204268288257338	0.0004196202531701999	0.00043010415906721854	0.0004307670186192252
236	0.0003514509538556726	0.00037164728434978	0.00038528864098016203	0.0003941553060535551	0.00040242532198283724	0.00040386062485796244	0.0004176258659955695	0.0004226111829623449
237	0.00033813400105665777	0.00035509273843737466	0.00036933606708699525	0.0003783675981492492	0.00038533250869912764	0.00038701072470978423	0.0004040418950864934	0.00041244818894078293
238	0.0003274718974682094	0.0003386087427115623	0.0003542502501843883	0.0003637944706377434	0.0003695345326210577	0.00036951249372375064	0.00038995328464724405	0.0004008235582267056
239	0.00031876391248153506	0.00032336420660653784	0.0003403915485916406	0.0003505972031617349	0.000354675840685565	0.00035294106204384126	0.00037514753109351535	0.0003888257880032749
240	0.000310612767926178	0.00031043892782145537	0.0003273276302247846	0.00033874523788923034	0.0003400643733385088	0.0003385699280361606	0.0003595952160284099	0.00037723193371513424
241	0.00030211487447257804	0.00030018615635375864	0.00031451969284644935	0.00032729477103294	0.00032541933031432155	0.00032632073548033766	0.00034406717248989166	0.00036599477585437317
242	0.0002933583413260445	0.0002920638591745883	0.0003021531831650698	0.0003151517659780757	0.0003113041225831858	0.0003152779065531882	0.00032978144640318776	0.0003543183731159387
243	0.00028510030254838553	0.00028518228990033365	0.0002912609457582562	0.0003021461302537274	0.0002981458041551818	0.000304613828727577	0.00031707963534634997	0.00034115710975054174
244	0.0002781279974902715	0.00027894056877412625	0.000282575774217356	0.0002894314603877631	0.00028561150991310985	0.0002943207119647309	0.00030534070061633147	0.0003265934651704903
245	0.0002726997054739165	0.000273058389844835	0.0002758099743230002	0.00027853877292524886	0.00027343158769963107	0.00028460710637167225	0.00029382408834795524	0.00031185541046413375
246	0.00026847388999427427	0.00026733003122786153	0.00027005551693627466	0.00027035600570969847	0.00026192528441975504	0.0002751483956491813	0.00028223901709674724	0.0002980357444463616
247	0.0002648550186585307	0.00026198839617967435	0.0002644955730250379	0.00026441254756973484	0.0002518864252797479	0.00026562449211360014	0.0002706415913969444	0.0002854907652671657
248	0.0002610644881605326	0.000257478757481493	0.0002589164157966825	0.0002593124210755461	0.00024389245523045837	0.00025598980599956313	0.00025920886706098066	0.0002740640139805309
249	0.00025628725938569343	0.0002539206891199093	0.00025359115260536157	0.00025402478759948166	0.0002380105571001862	0.00024648986605265084	0.0002480926734120364	0.0002630905641323017
250	0.00025021760252216346	0.00025110701892510343	0.00024907158425157265	0.00024844844166032226	0.00023392744580894465	0.0002377782668968496	0.00023775284302172964	0.00025182731316991615
251	0.00024323718841342678	0.0002485613376541614	0.00024544950013040786	0.0002430431408517354	0.00023118846405085903	0.00023057031284483867	0.00022873873168002855	0.00024026408633015243
252	0.00023632020310658322	0.0002456683105740798	0.00024214704404616356	0.00023833454399734493	0.00022925490245344427	0.00022505235628208394	0.00022120112985331197	0.00022927030658136422
253	0.0002305051554117011	0.00024185372523192314	0.00023858666157853785	0.0002346982881327049	0.0002275633382144252	0.0002207159584540378	0.00021512902556965817	0.0002200277078943206
254	0.0002259423888762523	0.0002367778654472376	0.00023474875880313955	0.0002321232702555791	0.0002257774634080578	0.00021706846019101353	0.00021041695387377657	0.00021313488317591648
255	0.00022176000444743086	0.00023078258754391796	0.00023077266101155695	0.00023009278148805587	0.00022396224128128336	0.00021395105218993725	0.0002065689838858413	0.00020825627649738614
256	0.00021689860106665197	0.00022481003774247357	0.0002265279965614128	0.00022794328422271585	0.00022240603968726918	0.00021143412231632667	0.0002031484359031818	0.00020458899248687043
257	0.0002107805861297288	0.00021976160099057644	0.00022184787191459844	0.0002252210675433371	0.00022110396722874043	0.00020944676996919727	0.00020007122116901557	0.00020138623508739027
258	0.00020350434769038947	0.00021563367578643998	0.0002168213176454788	0.0002218030891863471	0.00021971943447693677	0.0002077221523076529	0.0001974904071063886	0.0001982490893952646
259	0.00019576259921391236	0.00021124194144725845	0.00021176641614368262	0.00021778018147605252	0.0002181126204142742	0.0002059979935047606	0.0001955661960398417	0.00019517590275910465
260	0.0001884270079006141	0.0002053317137005924	0.0002070425144388576	0.00021324824216042434	0.0002165009423592755	0.00020409570876391312	0.00019430035227591239	0.000192473995723407
261	0.00018217044635670073	0.000197709293130697	0.00020268486018306067	0.0002082322058478204	0.00021488749571756653	0.0002019350263238233	0.00019341385405457614	0.0001905175878115659
262	0.00017727180125619454	0.00018935167877601812	0.00019839741389701324	0.00020313393719228668	0.00021266315509938	0.0001995676236925934	0.00019283479752495975	0.00018963169795736665
263	0.00017365738626405557	0.0001814071398140823	0.00019386249326922692	0.0001986827217773006	0.000209220184347894	0.00019727995522933364	0.00019269802050072172	0.00018981158748030582
264	0.00017083601155804519	0.00017444956060984684	0.00018873238052907634	0.00019520912991425815	0.00020453563884141802	0.00019533842303939584	0.00019315189884725438	0.00019059122309510824
265	0.00016798578952206678	0.00016850575176964683	0.00018287435840019136	0.00019221956631115366	0.00019908161961789032	0.00019337706405204581	0.00019395225423437693	0.00019150616108251883
266	0.0001645040533002821	0.00016340293895308053	0.0001766109674227065	0.0001887998966337457	0.0001935138825587332	0.00019055451212035015	0.00019439635161351296	0.00019220989383797674
267	0.00016028915179052355	0.0001591365881697767	0.00017051221154619828	0.00018450833892298452	0.00018818243536825884	0.0001864916898781561	0.00019390186620717626	0.00019246108756678168
268	0.00015572664687662447	0.0001557625253341367	0.00016527191550311178	0.0001793901673268241	0.00018288692232011137	0.00018156774996345835	0.0001923232957836462	0.0001923529290680572
269	0.00015147915772559676	0.00015311438564480178	0.0001612955331991312	0.0001737099643887084	0.00017721102519497223	0.00017652128452976315	0.00018963205288252794	0.0001918869041246185
270	0.00014801599812509135	0.00015062213357755624	0.00015841366230900076	0.00016782565576728487	0.00017113033418584463	0.0001719011317317692	0.00018594435190019167	0.00019072917154421953
271	0.0001453595593588345	0.00014797237454753804	0.0001561156346149092	0.00016219158641012153	0.00016488410439786662	0.00016778148321609408	0.0001815614319855524	0.00018868348193565646
272	0.00014322050756320975	0.00014547604191101366	0.00015398423208765375	0.00015716843743953315	0.00015870574884376343	0.00016387881497352544	0.00017684701714392674	0.00018579469759286287
273	0.0001411933308024396	0.0001436283077622518	0.000151761635519385	0.00015282220271510704	0.0001528164247815229	0.00016004651751904932	0.0001721093761674931	0.00018214373095291523
274	0.00013889108855662087	0.00014250049259963892	0.00014922333268729924	0.00014899463328210086	0.00014736407738650005	0.0001564103595336322	0.000167480652460445	0.00017780580740600505
275	0.00013614103421767592	0.00014178187780067013	0.00014638636499333517	0.00014548662522246149	0.0001425697831148512	0.00015309887892488034	0.0001628527594796562	0.00017289624772223825
276	0.00013304238793652797	0.00014122017920340264	0.00014359246969331655	0.00014217005002345272	0.00013862058470887276	0.00015020127933091753	0.00015801338145751963	0.00016764124691243072
277	0.00012972540897715208	0.00014064884176725263	0.0001412834980158668	0.0001389443754224974	0.00013560012379980815	0.00014771186337306894	0.00015289333231535937	0.00016215952139123028
278	0.00012621907244862181	0.00013982064675290953	0.00013958301111395034	0.00013584903274804834	0.000133564863971367	0.00014544342995785186	0.0001475414014333723	0.00015625847915887547
279	0.00012251594290534963	0.00013844455210284187	0.000138131987155522	0.00013308631963748435	0.000132492246746369	0.0001431249602157651	0.00014215779631412633	0.00014995326176457977
280	0.00011869040058216289	0.00013637512892966365	0.00013643660093791887	0.0001308969872087665	0.00013211199153340223	0.00014056768412753603	0.00013702679127725528	0.0001435321684749155
281	0.00011485603677930889	0.00013373341543213767	0.00013419041069008525	0.00012942370660390103	0.000131902167939246	0.00013781860101596012	0.00013234950965286007	0.00013745732111335743
282	0.00011109693914716014	0.00013077381048112946	0.00013144281237618044	0.00012845403347754182	0.00013158772095948795	0.00013511518992705433	0.0001281658006772585	0.0001321217611057216
283	0.00010759426132680979	0.00012760717103556086	0.00012847404535498212	0.0001274915435511177	0.00013119596792591227	0.00013263056540884456	0.00012441616355918315	0.00012767238159587435
284	0.00010461404103768386	0.00012396168388592146	0.0001255366749817093	0.00012621910984785494	0.00013082564621990796	0.0001302389246241997	0.00012106277089156747	0.000123966819461477
285	0.00010226999291755953	0.00011948611387900199	0.0001225950218610839	0.00012465062361095036	0.00013052186831980482	0.0001277164585766584	0.00011813078322616254	0.00012062254434583063
286	0.00010056250079225581	0.00011429950630235574	0.00011929893007452106	0.00012299400595207992	0.00013008005693240194	0.00012502763722018292	0.0001156509701600543	0.00011731292498395693
287	0.0000994388613137575	0.00010891017956332184	0.00011545458157900266	0.00012149424356378744	0.0001292330586432041	0.00012226628765759132	0.00011361293348467226	0.00011399112295481147
288	0.00009872356868865581	0.00010387240654005716	0.00011127870663808273	0.00012029933410719216	0.00012788300934379526	0.00011957549462237785	0.00011187817132219587	0.00011087232572044429
289	0.00009817168143367113	0.0000995533886160857	0.00010715533766700249	0.0001193226473623275	0.00012598991530540275	0.0001171660758984335	0.00011021569772783804	0.00010836552152898591
290	0.00009764242571542468	0.00009602463546374293	0.00010342653736290592	0.0001182596581521794	0.00012362825545311957	0.00011514628426295019	0.00010863008409399996	0.00010668025929873299
291	0.0000971879857820312	0.00009318505352728923	0.00010032116982743183	0.00011675649756001098	0.00012095145433383443	0.00011341444830590601	0.00010739852651334069	0.00010573192398886848
292	0.00009688975959741707	0.0000909334947691021	0.00009787734819660172	0.00011455310865122696	0.00011808748872177827	0.00011174460114803765	0.00010669581268553598	0.0001052575654203344
293	0.00009672618398714825	0.0000892135867541261	0.00009598795661443837	0.0001116646562084531	0.0001151279268747302	0.00010999213720946357	0.0001065129024675815	0.00010487774340931697
294	0.00009656361012348491	0.0000879828854181195	0.00009456618650288394	0.00010831755129263169	0.00011204376673371607	0.00010815829232098827	0.00010673585326815207	0.00010433082842379308
295	0.00009628604051408854	0.0000871668265378948	0.0000936323689581716	0.00010478961857195828	0.00010868664759902934	0.00010630874057362541	0.00010714717778183442	0.0001037247718281131
296	0.00009586977460930988	0.00008671655509223399	0.00009326007642632113	0.00010130884656704356	0.00010488256512444636	0.00010462531184118523	0.00010752123697088007	0.00010330768155096537
297	0.00009536375749941964	0.00008666635182211461	0.000093291504472831	0.0000979919075715952	0.00010064437603176372	0.00010320114605371608	0.00010764233461792225	0.0001031604803570508
298	0.00009476934202328089	0.00008703870728544012	0.00009338288744199448	0.00009496974700680734	0.0000961921546734257	0.00010195048412630862	0.00010740457481512631	0.0001031910356593107
299	0.00009394760570365848	0.00008771559906191601	0.00009331038737883075	0.00009232752409393446	0.00009183898905028652	0.00010075312035366759	0.00010684101254189656	0.00010323482615084673
300	0.00009268753703839252	0.0000884968171658051	0.00009306339872485658	0.00008996282544398949	0.00008791308069211667	0.00009944386075011733	0.00010601841761865218	0.0001032399028532798
301	0.00009092558930669704	0.00008922252949197684	0.00009262730208137832	0.0000876726680068721	0.00008466611717358895	0.00009777002158304828	0.00010503099236037671	0.00010313281764605126
302	0.00008875660462066903	0.00008977017488782917	0.00009189123026281364	0.00008539499529746177	0.00008217772646368682	0.00009560168345298913	0.00010392285649006683	0.00010274919383370739
303	0.00008634689684866329	0.00009008134830413996	0.00009075893758894014	0.0000832029711168019	0.00008039762436284632	0.00009310797228481027	0.00010262129965851352	0.00010191991334318969
304	0.00008393492107362614	0.00009007629280331729	0.00008921721398169592	0.00008118657773103449	0.00007919124168957374	0.00009072046137721097	0.00010100201793786924	0.00010060046792140047
305	0.00008176916112938915	0.0000896574889409839	0.00008737058458921209	0.00007936365309076196	0.00007838291311940081	0.00008882771349420101	0.0000989801462546664	0.00009886642109545664
306	0.00007996035492685161	0.00008882544570245066	0.00008537778819461639	0.00007768563501528039	0.00007782167209487479	0.00008742553389380837	0.00009656413324694498	0.00009676637094436687
307	0.0000785017027975796	0.00008767542417673267	0.00008342494970176498	0.00007610606575554685	0.00007742898118135898	0.00008631563463594041	0.00009383427220373977	0.00009423660125241423
308	0.00007739549409405275	0.00008630140495426971	0.00008160972867444827	0.00007465419326160685	0.00007720998560274024	0.00008529540772324715	0.00009081462893120295	0.00009129776127680168
309	0.00007670710421459099	0.00008467272086344355	0.00007987388952310895	0.00007350922018776318	0.00007725125713096772	0.00008421948904915033	0.00008758942124473155	0.00008814763630185059
310	0.00007636566820854716	0.00008271407605529214	0.00007812812172538866	0.00007284219860319393	0.00007759781692357891	0.00008302020105092046	0.00008436773954143542	0.00008503638104796403
311	0.00007609487829329368	0.0000805257747454555	0.00007638190981029032	0.00007261353984267641	0.00007814842976110643	0.0000817196057353354	0.00008137146953063127	0.00008212119742484711
312	0.00007568777823232797	0.00007839076072151296	0.00007466578514472306	0.00007260098801444958	0.00007868234483097553	0.0000802958442479335	0.00007867436231532977	0.00007940498687901968
313	0.00007509226750854645	0.00007649987338378156	0.0000729761594252646	0.00007265149763418276	0.00007887819319187684	0.00007871108307863735	0.00007617926912556213	0.00007684252773607699
314	0.00007431546189870465	0.00007484489136774817	0.00007139373957312869	0.00007276452039025271	0.00007862775983198001	0.00007699075997525957	0.0000737676976406376	0.00007443854127269743
315	0.00007342203048977978	0.00007331322869608276	0.0000701091928210257	0.00007302467376347276	0.0000780911940582891	0.00007522043365141671	0.00007146596742637918	0.0000723675841503776
316	0.00007252739264218005	0.00007184261813153093	0.0000693056771769911	0.00007346831874684407	0.000077471936083438	0.00007346354887669003	0.00006939125041878921	0.00007086690553293647
317	0.00007178348372610587	0.0000705168081747093	0.00006906822219865211	0.00007399803883461649	0.00007681496354372347	0.00007181074592170397	0.0000676260514249095	0.00007007608599316152
318	0.00007117314113696724	0.0000693986138514027	0.00006931993979304782	0.00007447180284698701	0.00007608862266146787	0.000070391451254723	0.00006621718776388068	0.00006986774940174709
319	0.00007049292520662936	0.00006839642213188991	0.00006979906625832595	0.00007480232595330264	0.00007520715976730641	0.00006931673340700236	0.0000651551572277122	0.00006996081322777114
320	0.00006967429459782862	0.00006732179475934297	0.00007018376778185989	0.00007491636654203037	0.00007407619164644978	0.00006858557217473509	0.00006434112462268075	0.00007014807514805806
321	0.00006883456597926558	0.00006608608405785233	0.0000702544800161133	0.00007474137345518074	0.00007264228879686511	0.00006810549396499606	0.00006365363707835425	0.00007036422105109807
