rel_pix,1150A,1200A,1250A,1300A,1350A,1400A,1450A
1   7.10651e-05  7.11746e-05  7.09919e-05  7.04531e-05  7.03569e-05  7.08482e-05  6.87938e-05
2   7.26904e-05  7.28024e-05  7.26156e-05  7.20644e-05  7.19661e-05  7.24686e-05  7.03672e-05
3   7.43700e-05  7.44846e-05  7.42934e-05  7.37295e-05  7.36289e-05  7.41430e-05  7.19931e-05
4   7.61062e-05  7.62234e-05  7.60278e-05  7.54507e-05  7.53478e-05  7.58740e-05  7.36738e-05
5   7.79016e-05  7.80216e-05  7.78213e-05  7.72306e-05  7.71253e-05  7.76638e-05  7.54118e-05
6   7.97587e-05  7.98816e-05  7.96766e-05  7.90718e-05  7.89640e-05  7.95154e-05  7.72096e-05
7   8.16806e-05  8.18064e-05  8.15964e-05  8.09771e-05  8.08666e-05  8.14313e-05  7.90700e-05
8   8.36700e-05  8.37989e-05  8.35838e-05  8.29494e-05  8.28362e-05  8.34147e-05  8.09959e-05
9   8.57302e-05  8.58623e-05  8.56419e-05  8.49919e-05  8.48759e-05  8.54686e-05  8.29902e-05
10  8.78645e-05  8.79998e-05  8.77740e-05  8.71077e-05  8.69889e-05  8.75963e-05  8.50563e-05
11  9.00764e-05  9.02151e-05  8.99836e-05  8.93006e-05  8.91787e-05  8.98015e-05  8.71975e-05
12  9.23696e-05  9.25119e-05  9.22744e-05  9.15740e-05  9.14491e-05  9.20877e-05  8.94174e-05
13  9.47481e-05  9.48941e-05  9.46505e-05  9.39321e-05  9.38039e-05  9.44589e-05  9.17199e-05
14  9.72161e-05  9.73659e-05  9.71160e-05  9.63788e-05  9.62473e-05  9.69194e-05  9.41090e-05
15  9.97780e-05  9.99317e-05  9.96753e-05  9.89187e-05  9.87837e-05  9.94735e-05  9.65891e-05
16  1.02439e-04  1.02596e-04  1.02333e-04  1.01556e-04  1.01418e-04  1.02126e-04  9.91647e-05
17  1.05203e-04  1.05365e-04  1.05095e-04  1.04297e-04  1.04155e-04  1.04882e-04  1.01841e-04
18  1.08076e-04  1.08243e-04  1.07965e-04  1.07146e-04  1.06999e-04  1.07747e-04  1.04622e-04
19  1.11065e-04  1.11236e-04  1.10950e-04  1.10108e-04  1.09958e-04  1.10726e-04  1.07515e-04
20  1.14173e-04  1.14349e-04  1.14056e-04  1.13190e-04  1.13036e-04  1.13825e-04  1.10524e-04
21  1.17410e-04  1.17591e-04  1.17289e-04  1.16399e-04  1.16240e-04  1.17051e-04  1.13657e-04
22  1.20780e-04  1.20966e-04  1.20656e-04  1.19740e-04  1.19577e-04  1.20412e-04  1.16920e-04
23  1.24292e-04  1.24484e-04  1.24164e-04  1.23222e-04  1.23054e-04  1.23913e-04  1.20320e-04
24  1.27954e-04  1.28151e-04  1.27822e-04  1.26852e-04  1.26678e-04  1.27563e-04  1.23864e-04
25  1.31773e-04  1.31976e-04  1.31637e-04  1.30638e-04  1.30460e-04  1.31371e-04  1.27561e-04
26  1.35759e-04  1.35968e-04  1.35619e-04  1.34590e-04  1.34406e-04  1.35345e-04  1.31420e-04
27  1.39922e-04  1.40137e-04  1.39778e-04  1.38717e-04  1.38527e-04  1.39495e-04  1.35450e-04
28  1.44271e-04  1.44494e-04  1.44123e-04  1.43029e-04  1.42834e-04  1.43831e-04  1.39660e-04
29  1.48819e-04  1.49048e-04  1.48666e-04  1.47537e-04  1.47336e-04  1.48365e-04  1.44063e-04
30  1.53577e-04  1.53813e-04  1.53418e-04  1.52254e-04  1.52046e-04  1.53108e-04  1.48668e-04
31  1.58557e-04  1.58801e-04  1.58394e-04  1.57192e-04  1.56977e-04  1.58073e-04  1.53490e-04
32  1.63774e-04  1.64027e-04  1.63606e-04  1.62364e-04  1.62142e-04  1.63275e-04  1.58540e-04
33  1.69243e-04  1.69504e-04  1.69069e-04  1.67786e-04  1.67557e-04  1.68727e-04  1.63834e-04
34  1.74980e-04  1.75249e-04  1.74800e-04  1.73473e-04  1.73236e-04  1.74446e-04  1.69387e-04
35  1.81002e-04  1.81281e-04  1.80815e-04  1.79443e-04  1.79198e-04  1.80449e-04  1.75217e-04
36  1.87327e-04  1.87616e-04  1.87134e-04  1.85714e-04  1.85461e-04  1.86756e-04  1.81340e-04
37  1.93978e-04  1.94276e-04  1.93778e-04  1.92307e-04  1.92045e-04  1.93386e-04  1.87778e-04
38  2.00974e-04  2.01284e-04  2.00767e-04  1.99243e-04  1.98971e-04  2.00361e-04  1.94551e-04
39  2.08341e-04  2.08662e-04  2.08127e-04  2.06547e-04  2.06265e-04  2.07705e-04  2.01683e-04
40  2.16105e-04  2.16438e-04  2.15882e-04  2.14244e-04  2.13951e-04  2.15445e-04  2.09198e-04
41  2.24293e-04  2.24639e-04  2.24062e-04  2.22362e-04  2.22058e-04  2.23609e-04  2.17125e-04
42  2.32938e-04  2.33296e-04  2.32698e-04  2.30931e-04  2.30616e-04  2.32227e-04  2.25493e-04
43  2.42071e-04  2.42444e-04  2.41822e-04  2.39987e-04  2.39659e-04  2.41333e-04  2.34335e-04
44  2.51732e-04  2.52120e-04  2.51472e-04  2.49564e-04  2.49223e-04  2.50964e-04  2.43686e-04
45  2.61959e-04  2.62363e-04  2.61689e-04  2.59703e-04  2.59349e-04  2.61160e-04  2.53587e-04
46  2.72798e-04  2.73218e-04  2.72517e-04  2.70448e-04  2.70079e-04  2.71965e-04  2.64079e-04
47  2.84296e-04  2.84734e-04  2.84003e-04  2.81847e-04  2.81463e-04  2.83428e-04  2.75210e-04
48  2.96508e-04  2.96964e-04  2.96202e-04  2.93954e-04  2.93553e-04  2.95603e-04  2.87031e-04
49  3.09492e-04  3.09968e-04  3.09173e-04  3.06826e-04  3.06408e-04  3.08547e-04  2.99600e-04
50  3.23313e-04  3.23811e-04  3.22980e-04  3.20529e-04  3.20091e-04  3.22327e-04  3.12980e-04
51  3.38045e-04  3.38565e-04  3.37696e-04  3.35133e-04  3.34676e-04  3.37013e-04  3.27241e-04
52  3.53765e-04  3.54310e-04  3.53401e-04  3.50719e-04  3.50240e-04  3.52686e-04  3.42459e-04
53  3.70564e-04  3.71135e-04  3.70183e-04  3.67373e-04  3.66872e-04  3.69434e-04  3.58721e-04
54  3.88540e-04  3.89139e-04  3.88140e-04  3.85194e-04  3.84669e-04  3.87355e-04  3.76123e-04
55  4.07804e-04  4.08432e-04  4.07384e-04  4.04292e-04  4.03740e-04  4.06559e-04  3.94770e-04
56  4.28478e-04  4.29138e-04  4.28036e-04  4.24788e-04  4.24208e-04  4.27170e-04  4.14783e-04
57  4.50700e-04  4.51395e-04  4.50236e-04  4.46819e-04  4.46209e-04  4.49325e-04  4.36296e-04
58  4.74627e-04  4.75358e-04  4.74138e-04  4.70539e-04  4.69897e-04  4.73179e-04  4.59458e-04
59  5.00433e-04  5.01203e-04  4.99917e-04  4.96123e-04  4.95446e-04  4.98905e-04  4.84439e-04
60  5.28315e-04  5.29129e-04  5.27771e-04  5.23765e-04  5.23050e-04  5.26703e-04  5.11430e-04
61  5.58498e-04  5.59358e-04  5.57923e-04  5.53688e-04  5.52932e-04  5.56793e-04  5.40648e-04
62  5.91236e-04  5.92147e-04  5.90627e-04  5.86144e-04  5.85345e-04  5.89432e-04  5.72340e-04
63  6.26821e-04  6.27786e-04  6.26175e-04  6.21422e-04  6.20574e-04  6.24908e-04  6.06787e-04
64  6.65584e-04  6.66609e-04  6.64898e-04  6.59851e-04  6.58951e-04  6.63552e-04  6.44311e-04
65  7.07906e-04  7.08997e-04  7.07177e-04  7.01810e-04  7.00852e-04  7.05746e-04  6.85281e-04
66  7.54229e-04  7.55391e-04  7.53452e-04  7.47733e-04  7.46713e-04  7.51928e-04  7.30124e-04
67  8.05061e-04  8.06301e-04  8.04232e-04  7.98128e-04  7.97039e-04  8.02604e-04  7.79331e-04
68  8.60994e-04  8.62320e-04  8.60107e-04  8.53579e-04  8.52414e-04  8.58366e-04  8.33476e-04
69  9.22718e-04  9.24140e-04  9.21768e-04  9.14771e-04  9.13523e-04  9.19902e-04  8.93228e-04
70  9.91043e-04  9.92570e-04  9.90023e-04  9.82508e-04  9.81168e-04  9.88019e-04  9.59369e-04
71  1.06692e-03  1.06857e-03  1.06583e-03  1.05774e-03  1.05629e-03  1.06367e-03  1.03283e-03
72  1.15149e-03  1.15327e-03  1.15031e-03  1.14157e-03  1.14002e-03  1.14798e-03  1.11469e-03
73  1.24609e-03  1.24801e-03  1.24481e-03  1.23536e-03  1.23368e-03  1.24229e-03  1.20627e-03
74  1.35235e-03  1.35443e-03  1.35095e-03  1.34070e-03  1.33887e-03  1.34822e-03  1.30912e-03
75  1.47220e-03  1.47447e-03  1.47068e-03  1.45952e-03  1.45753e-03  1.46771e-03  1.42515e-03
76  1.60802e-03  1.61050e-03  1.60636e-03  1.59417e-03  1.59200e-03  1.60311e-03  1.55663e-03
77  1.76271e-03  1.76543e-03  1.76090e-03  1.74753e-03  1.74515e-03  1.75733e-03  1.70637e-03
78  1.93985e-03  1.94284e-03  1.93785e-03  1.92315e-03  1.92052e-03  1.93393e-03  1.87785e-03
79  2.14390e-03  2.14721e-03  2.14170e-03  2.12544e-03  2.12254e-03  2.13736e-03  2.07538e-03
80  2.38047e-03  2.38414e-03  2.37802e-03  2.35997e-03  2.37654e-03  2.33893e-03  2.21972e-03
81  2.65668e-03  2.66077e-03  2.65394e-03  2.65266e-03  2.62082e-03  2.52783e-03  2.39332e-03
82  2.98168e-03  2.98627e-03  2.97861e-03  2.94048e-03  2.85730e-03  2.73913e-03  2.63519e-03
83  3.35463e-03  3.33686e-03  3.29941e-03  3.22539e-03  3.11812e-03  3.01470e-03  2.94630e-03
84  3.72953e-03  3.68744e-03  3.62799e-03  3.54239e-03  3.44706e-03  3.37596e-03  3.31203e-03
85  4.14813e-03  4.07881e-03  4.01198e-03  3.93912e-03  3.87235e-03  3.81804e-03  3.72067e-03
86  4.65511e-03  4.55953e-03  4.49805e-03  4.44087e-03  4.38133e-03  4.30978e-03  4.17222e-03
87  5.26990e-03  5.15678e-03  5.09688e-03  5.02332e-03  4.92826e-03  4.81807e-03  4.66669e-03
88  5.99444e-03  5.87252e-03  5.78223e-03  5.64856e-03  5.48785e-03  5.34000e-03  5.20992e-03
89  6.85980e-03  6.70285e-03  6.54244e-03  6.32729e-03  6.10389e-03  5.93301e-03  5.84092e-03
90  7.93010e-03  7.68273e-03  7.43583e-03  7.15867e-03  6.89801e-03  6.71589e-03  6.64455e-03
91  9.29177e-03  8.91803e-03  8.61502e-03  8.32359e-03  8.05028e-03  7.85030e-03  7.75441e-03
92  1.10817e-02  1.06049e-02  1.03143e-02  1.00447e-02  9.76116e-03  9.51637e-03  9.35386e-03
93  1.35195e-02  1.30231e-02  1.28030e-02  1.25729e-02  1.22233e-02  1.19186e-02  1.17130e-02
94  1.70257e-02  1.65775e-02  1.64679e-02  1.62485e-02  1.57852e-02  1.54143e-02  1.52630e-02
95  2.23189e-02  2.19285e-02  2.19507e-02  2.17522e-02  2.11767e-02  2.07602e-02  2.08416e-02
96  3.04287e-02  3.01346e-02  3.03402e-02  3.02216e-02  2.96533e-02  2.93291e-02  2.96874e-02
97  4.23845e-02  4.23128e-02  4.27640e-02  4.29015e-02  4.26163e-02  4.25720e-02  4.29999e-02
98  5.81864e-02  5.85795e-02  5.93486e-02  5.98987e-02  6.02700e-02  6.06641e-02  6.08376e-02
99  7.55812e-02  7.66428e-02  7.77899e-02  7.88601e-02  8.01232e-02  8.10640e-02  8.07917e-02
100   8.99166e-02  9.16858e-02  9.31301e-02  9.46419e-02  9.67357e-02  9.82505e-02  9.76250e-02
101   9.61421e-02  9.83770e-02  9.97406e-02  1.01322e-01  1.03840e-01  1.05651e-01  1.05427e-01
102   9.18202e-02  9.38515e-02  9.48799e-02  9.60713e-02  9.81955e-02  1.00101e-01  1.00453e-01
103   7.86406e-02  7.99253e-02  8.02980e-02  8.08049e-02  8.20404e-02  8.33328e-02  8.44003e-02
104   6.12458e-02  6.15026e-02  6.13317e-02  6.12309e-02  6.13795e-02  6.17936e-02  6.31880e-02
105   4.44921e-02  4.39152e-02  4.34445e-02  4.29890e-02  4.23340e-02  4.19585e-02  4.31754e-02
106   3.13610e-02  3.03580e-02  2.97666e-02  2.91714e-02  2.82032e-02  2.73913e-02  2.81172e-02
107   2.24354e-02  2.13652e-02  2.07258e-02  2.01089e-02  1.91817e-02  1.83258e-02  1.85497e-02
108   1.67926e-02  1.58394e-02  1.52041e-02  1.46246e-02  1.38875e-02  1.31845e-02  1.30882e-02
109   1.32087e-02  1.23918e-02  1.18017e-02  1.12894e-02  1.07538e-02  1.02340e-02  1.00453e-02
110   1.08001e-02  1.01193e-02  9.59104e-03  9.14428e-03  8.73054e-03  8.36541e-03  8.20499e-03
111   9.07421e-03  8.54317e-03  8.08715e-03  7.69251e-03  7.34666e-03  7.05573e-03  6.94883e-03
112   7.73488e-03  7.38556e-03  7.02267e-03  6.68610e-03  6.38611e-03  6.12191e-03  6.01939e-03
113   6.60048e-03  6.43093e-03  6.18955e-03  5.93542e-03  5.69514e-03  5.45587e-03  5.31622e-03
114   5.60206e-03  5.55495e-03  5.43810e-03  5.28198e-03  5.12096e-03  4.93589e-03  4.77007e-03
115   4.74641e-03  4.73919e-03  4.71094e-03  4.64507e-03  4.56040e-03  4.45097e-03  4.30486e-03
116   4.05489e-03  4.03414e-03  4.03531e-03  4.02177e-03  3.99010e-03  3.94657e-03  3.85526e-03
117   3.51586e-03  3.47573e-03  3.46273e-03  3.45973e-03  3.44901e-03  3.44218e-03  3.40273e-03
118   3.08463e-03  3.05328e-03  3.02138e-03  3.00369e-03  2.98868e-03  2.98744e-03  2.97654e-03
119   2.71848e-03  2.72212e-03  2.69183e-03  2.65946e-03  2.63347e-03  2.62131e-03  2.61471e-03
120   2.39311e-03  2.43758e-03  2.43130e-03  2.40178e-03  2.36779e-03  2.34282e-03  2.32701e-03
121   2.13227e-03  2.17188e-03  2.16629e-03  2.18786e-03  2.15563e-03  2.12276e-03  2.09489e-03
122   1.91058e-03  1.94608e-03  1.94107e-03  1.98560e-03  1.96391e-03  1.92703e-03  1.88618e-03
123   1.72071e-03  1.75268e-03  1.74817e-03  1.78828e-03  1.77511e-03  1.73910e-03  1.68625e-03
124   1.55694e-03  1.58586e-03  1.58178e-03  1.61807e-03  1.60616e-03  1.57358e-03  1.52576e-03
125   1.41476e-03  1.44105e-03  1.43734e-03  1.47032e-03  1.45949e-03  1.42988e-03  1.38643e-03
126   1.29061e-03  1.31458e-03  1.31120e-03  1.34128e-03  1.33141e-03  1.30440e-03  1.26476e-03
127   1.18160e-03  1.20355e-03  1.20045e-03  1.22799e-03  1.21895e-03  1.19422e-03  1.15793e-03
128   1.08540e-03  1.10557e-03  1.10272e-03  1.12802e-03  1.11972e-03  1.09700e-03  1.06366e-03
129   1.00012e-03  1.01870e-03  1.01608e-03  1.03939e-03  1.03174e-03  1.01081e-03  9.80093e-04
130   9.24194e-04  9.41365e-04  9.38941e-04  9.60485e-04  9.53412e-04  9.34072e-04  9.05686e-04
131   8.56320e-04  8.72230e-04  8.69983e-04  8.89945e-04  8.83392e-04  8.65472e-04  8.39170e-04
132   7.95417e-04  8.10195e-04  8.08109e-04  8.26651e-04  8.20564e-04  8.03919e-04  7.79487e-04
133   7.40579e-04  7.54338e-04  7.52396e-04  7.69659e-04  7.63992e-04  7.48494e-04  7.25747e-04
134   6.91039e-04  7.03878e-04  7.02065e-04  7.18174e-04  7.12886e-04  6.98425e-04  6.77199e-04
135   6.46147e-04  6.58152e-04  6.56457e-04  6.71519e-04  6.66574e-04  6.53053e-04  6.33207e-04
136   6.05349e-04  6.16596e-04  6.15008e-04  6.29119e-04  6.24487e-04  6.11819e-04  5.93226e-04
137   5.68170e-04  5.78726e-04  5.77236e-04  5.90480e-04  5.86132e-04  5.74243e-04  5.56791e-04
138   5.34201e-04  5.44126e-04  5.42725e-04  5.55178e-04  5.51090e-04  5.39911e-04  5.23503e-04
139   5.03090e-04  5.12437e-04  5.11117e-04  5.22845e-04  5.18995e-04  5.08467e-04  4.93015e-04
140   4.74530e-04  4.83346e-04  4.82101e-04  4.93163e-04  4.89532e-04  4.79602e-04  4.65026e-04
141   4.48254e-04  4.56582e-04  4.55406e-04  4.65855e-04  4.62425e-04  4.53045e-04  4.39276e-04
142   4.24029e-04  4.31907e-04  4.30794e-04  4.40679e-04  4.37434e-04  4.28561e-04  4.15537e-04
143   4.01650e-04  4.09112e-04  4.08059e-04  4.17422e-04  4.14348e-04  4.05943e-04  3.93606e-04
144   3.80938e-04  3.88016e-04  3.87017e-04  3.95897e-04  3.92982e-04  3.85010e-04  3.73309e-04
145   3.61735e-04  3.68456e-04  3.67507e-04  3.75939e-04  3.73171e-04  3.65601e-04  3.54490e-04
146   3.43899e-04  3.50288e-04  3.49386e-04  3.57403e-04  3.54771e-04  3.47574e-04  3.37012e-04
147   3.27306e-04  3.33387e-04  3.32528e-04  3.40158e-04  3.37653e-04  3.30804e-04  3.20751e-04
148   3.11845e-04  3.17639e-04  3.16821e-04  3.24090e-04  3.21704e-04  3.15178e-04  3.05600e-04
149   2.97417e-04  3.02943e-04  3.02163e-04  3.09096e-04  3.06820e-04  3.00596e-04  2.91461e-04
150   2.83934e-04  2.89209e-04  2.88465e-04  2.95083e-04  2.92911e-04  2.86969e-04  2.78248e-04
151   2.71317e-04  2.76357e-04  2.75646e-04  2.81970e-04  2.79894e-04  2.74216e-04  2.65883e-04
152   2.59493e-04  2.64314e-04  2.63634e-04  2.69683e-04  2.67697e-04  2.62267e-04  2.54296e-04
153   2.48400e-04  2.53015e-04  2.52363e-04  2.58154e-04  2.56253e-04  2.51055e-04  2.43425e-04
154   2.37979e-04  2.42400e-04  2.41776e-04  2.47323e-04  2.45502e-04  2.40522e-04  2.33213e-04
155   2.28178e-04  2.32417e-04  2.31818e-04  2.37137e-04  2.35391e-04  2.30616e-04  2.23608e-04
156   2.18949e-04  2.23017e-04  2.22442e-04  2.27546e-04  2.25871e-04  2.21289e-04  2.14564e-04
157   2.10250e-04  2.14156e-04  2.13605e-04  2.18506e-04  2.16897e-04  2.12497e-04  2.06039e-04
158   2.02041e-04  2.05795e-04  2.05265e-04  2.09975e-04  2.08429e-04  2.04201e-04  1.97995e-04
159   1.94288e-04  1.97898e-04  1.97388e-04  2.01917e-04  2.00430e-04  1.96365e-04  1.90397e-04
160   1.86957e-04  1.90431e-04  1.89940e-04  1.94298e-04  1.92868e-04  1.88955e-04  1.83213e-04
161   1.80019e-04  1.83364e-04  1.82891e-04  1.87088e-04  1.85710e-04  1.81943e-04  1.76414e-04
162   1.73447e-04  1.76669e-04  1.76215e-04  1.80258e-04  1.78930e-04  1.75301e-04  1.69973e-04
163   1.67216e-04  1.70323e-04  1.69884e-04  1.73782e-04  1.72502e-04  1.69003e-04  1.63867e-04
164   1.61303e-04  1.64300e-04  1.63877e-04  1.67637e-04  1.66403e-04  1.63027e-04  1.58073e-04
165   1.55688e-04  1.58580e-04  1.58172e-04  1.61801e-04  1.60609e-04  1.57352e-04  1.52570e-04
166   1.50350e-04  1.53143e-04  1.52749e-04  1.56254e-04  1.55103e-04  1.51957e-04  1.47339e-04
167   1.45273e-04  1.47972e-04  1.47591e-04  1.50977e-04  1.49866e-04  1.46826e-04  1.42364e-04
168   1.40440e-04  1.43049e-04  1.42681e-04  1.45955e-04  1.44880e-04  1.41941e-04  1.37627e-04
169   1.35836e-04  1.38359e-04  1.38003e-04  1.41169e-04  1.40130e-04  1.37287e-04  1.33115e-04
170   1.31446e-04  1.33888e-04  1.33544e-04  1.36608e-04  1.35602e-04  1.32851e-04  1.28814e-04
171   1.27259e-04  1.29623e-04  1.29289e-04  1.32256e-04  1.31282e-04  1.28619e-04  1.24710e-04
172   1.23262e-04  1.25552e-04  1.25228e-04  1.28102e-04  1.27158e-04  1.24579e-04  1.20793e-04
173   1.19443e-04  1.21662e-04  1.21349e-04  1.24133e-04  1.23219e-04  1.20720e-04  1.17051e-04
174   1.15793e-04  1.17944e-04  1.17641e-04  1.20340e-04  1.19454e-04  1.17031e-04  1.13474e-04
175   1.12302e-04  1.14388e-04  1.14094e-04  1.16712e-04  1.15852e-04  1.13502e-04  1.10053e-04
176   1.08961e-04  1.10985e-04  1.10700e-04  1.13240e-04  1.12406e-04  1.10126e-04  1.06779e-04
177   1.05762e-04  1.07727e-04  1.07449e-04  1.09915e-04  1.09105e-04  1.06892e-04  1.03644e-04
178   1.02696e-04  1.04604e-04  1.04335e-04  1.06729e-04  1.05943e-04  1.03794e-04  1.00640e-04
179   9.97576e-05  1.01611e-04  1.01349e-04  1.03675e-04  1.02911e-04  1.00824e-04  9.77598e-05
180   9.69388e-05  9.87399e-05  9.84856e-05  1.00745e-04  1.00004e-04  9.79750e-05  9.49975e-05
181   9.42337e-05  9.59845e-05  9.57373e-05  9.79340e-05  9.72129e-05  9.52409e-05  9.23465e-05
182   9.16363e-05  9.33388e-05  9.30985e-05  9.52346e-05  9.45333e-05  9.26157e-05  8.98011e-05
183   8.91410e-05  9.07972e-05  9.05634e-05  9.26413e-05  9.19592e-05  9.00938e-05  8.73558e-05
184   8.67427e-05  8.83543e-05  8.81268e-05  9.01488e-05  8.94850e-05  8.76699e-05  8.50055e-05
185   8.44365e-05  8.60053e-05  8.57838e-05  8.77521e-05  8.71059e-05  8.53390e-05  8.27455e-05
186   8.22179e-05  8.37454e-05  8.35298e-05  8.54463e-05  8.48171e-05  8.30966e-05  8.05713e-05
187   8.00824e-05  8.15703e-05  8.13603e-05  8.32270e-05  8.26142e-05  8.09384e-05  7.84786e-05
188   7.80262e-05  7.94759e-05  7.92712e-05  8.10900e-05  8.04930e-05  7.88602e-05  7.64636e-05
189   7.60454e-05  7.74582e-05  7.72588e-05  7.90314e-05  7.84495e-05  7.68582e-05  7.45224e-05
190   7.41364e-05  7.55138e-05  7.53193e-05  7.70475e-05  7.64801e-05  7.49288e-05  7.26516e-05
191   7.22958e-05  7.36390e-05  7.34494e-05  7.51346e-05  7.45814e-05  7.30685e-05  7.08480e-05
192   7.05205e-05  7.18308e-05  7.16458e-05  7.32897e-05  7.27500e-05  7.12743e-05  6.91082e-05
193   6.88076e-05  7.00860e-05  6.99055e-05  7.15094e-05  7.09829e-05  6.95430e-05  6.74296e-05
194   6.71540e-05  6.84017e-05  6.82256e-05  6.97910e-05  6.92771e-05  6.78718e-05  6.58092e-05
195   6.55573e-05  6.67753e-05  6.66034e-05  6.81315e-05  6.76299e-05  6.62580e-05  6.42444e-05
196   6.40148e-05  6.52042e-05  6.50363e-05  6.65285e-05  6.60386e-05  6.46991e-05  6.27328e-05
197   6.25243e-05  6.36859e-05  6.35219e-05  6.49794e-05  6.45009e-05  6.31925e-05  6.12721e-05
198   6.10833e-05  6.22182e-05  6.20579e-05  6.34818e-05  6.30144e-05  6.17362e-05  5.98600e-05
199   5.96898e-05  6.07988e-05  6.06422e-05  6.20336e-05  6.15769e-05  6.03278e-05  5.84944e-05
200   5.83418e-05  5.94257e-05  5.92727e-05  6.06327e-05  6.01862e-05  5.89653e-05  5.71734e-05
201   5.70373e-05  5.80970e-05  5.79474e-05  5.92770e-05  5.88405e-05  5.76469e-05  5.58950e-05
