pixel,1450A,1500A,1550A,1600A,1650A,1700A,1750A,1800A
1	0.00006602376930043333	0.000065157240375738	0.0000693425879314313	0.00007289060697208724	0.00007232329307217294	0.00006798707635797396	0.00006494396222846453	0.00007124249153767556
2	0.00006695205331270944	0.00006544696547844172	0.00006960282863272735	0.00007298353462768724	0.00007315321753344134	0.00006896625394027174	0.00006558829681859928	0.0000722773097960744
3	0.00006812675261231273	0.00006600867157020905	0.00006984413404187292	0.00007262748612924224	0.00007371979922589392	0.00007019839620920293	0.00006646038954914512	0.00007335628202470752
4	0.00006945544958891726	0.0000668742471036235	0.00007013833353075628	0.0000720463175810226	0.00007437591047440226	0.00007154888645244564	0.00006768187622251534	0.00007430785842046948
5	0.00007078555160896037	0.000068103010114675	0.00007052994257002965	0.00007151470062035778	0.00007543752163035056	0.00007282592849017009	0.00006924542872992415	0.00007504548616464502
6	0.00007201065725274607	0.00006980804582203556	0.00007099276108234697	0.00007124170995561641	0.00007684649916426182	0.00007394206164658603	0.00007117491213834614	0.00007572706626952371
7	0.00007306103742145364	0.0000720624726693979	0.00007153185181258576	0.00007131940407734644	0.00007825596877684694	0.00007497862301263105	0.00007353401347448424	0.00007661459690328657
8	0.00007391068459850247	0.00007473041566820753	0.00007220256273026318	0.00007178454797430047	0.00007939380690255683	0.00007607915668872126	0.00007633185006895757	0.00007789504847534418
9	0.000074563473467556	0.00007747824802225793	0.00007306634704742692	0.00007260567461551929	0.00008022200027260567	0.00007734940981004779	0.00007940247172803292	0.00007969619896077658
10	0.00007500629397859423	0.00008003203719422851	0.000074229041107864	0.00007371615964915782	0.00008081472673124646	0.00007884995396220258	0.00008249339584680607	0.00008204624361731407
11	0.00007528649336457539	0.00008232740571861644	0.00007580654520919814	0.00007501277947524046	0.00008122742654950425	0.00008058647568772955	0.00008548764971379805	0.00008473519634371315
12	0.00007555235814920221	0.00008437426493591933	0.00007780213898651705	0.00007631392166065291	0.0000815260217972169	0.00008245601705141495	0.000088465565608687	0.00008737170513458649
13	0.0000760609948099399	0.00008612017445350571	0.00008010446352810234	0.00007757589629852423	0.00008185588013409468	0.00008430127500582568	0.00009157058563304994	0.00008971947441372562
14	0.00007708580316556632	0.00008753458813002394	0.00008249372552830407	0.00007890063180750348	0.00008234451487346036	0.0000859204732926973	0.00009482860106804236	0.00009182438209169774
15	0.0000786478555996676	0.00008874697498472363	0.00008479016661234507	0.00008039152273666741	0.00008303431440339223	0.00008721552189430022	0.00009807779517459001	0.00009395928453945093
16	0.00008051989672451853	0.00008989673755591803	0.00008691645437842432	0.00008201656857788253	0.00008400963336477626	0.00008827868614861462	0.00010117908656722554	0.00009632882261304337
17	0.00008247026803243636	0.00009087666081295751	0.00008889988333726574	0.00008374297892072318	0.00008531345713167185	0.00008941937842240762	0.00010413753880251427	0.00009891074627198175
18	0.0000843723492214394	0.00009149690271555086	0.00009082538870070765	0.00008565286234503712	0.00008694400126560046	0.00009098971473846781	0.0001070084287938841	0.00010147899239492003
19	0.00008624112167800093	0.00009172052126504083	0.00009269949623950263	0.00008791597260681243	0.00008886385437592287	0.0000931728243508713	0.00010967003399271602	0.0001036898133014426
20	0.00008821515262152482	0.00009176033556651306	0.00009430681682972631	0.00009062245431462202	0.00009102171751112828	0.00009596536376281782	0.00011185639203003919	0.0001053555456089123
21	0.00009036456283260946	0.00009196542335225029	0.00009537075062697459	0.00009371294542995745	0.0000933997590706507	0.00009921193985095755	0.00011339185694461356	0.00010654077021544774
22	0.00009264209741428652	0.00009255267131678286	0.00009599093799558621	0.00009706726276582361	0.00009612313446307017	0.00010272514227466783	0.00011428949242464218	0.00010746402218390724
23	0.00009490224309246386	0.00009346709592341814	0.00009655799570955691	0.00010049357638180633	0.0000993403770634146	0.00010634031773557237	0.00011459563468867729	0.0001083729647079524
24	0.00009694737009671648	0.00009437669683386327	0.00009736135985612986	0.00010375971079511547	0.00010305435379553717	0.00010990572348132346	0.00011447266174233223	0.00010931597755765203
25	0.00009872713328415965	0.00009496802052994033	0.00009846977536380137	0.00010683264922901623	0.00010719417781619213	0.00011318356730952813	0.00011424840740546895	0.00011014919890191887
26	0.0001003406704814834	0.00009533094805630551	0.00009985165095391684	0.00010981080594243671	0.00011167099630191099	0.0001158389247403661	0.00011420487763083397	0.00011079820005579294
27	0.00010180966626722851	0.00009587255944850727	0.00010155187995898067	0.0001127506166323993	0.00011634615821004954	0.00011775477952689942	0.00011443835107348887	0.00011129738174368032
28	0.00010306633114323797	0.00009702427567000196	0.00010369742686340199	0.00011568136414670375	0.00012094498791853363	0.00011914263806148407	0.00011486103940225823	0.00011184911564299662
29	0.00010401411294679418	0.00009898890839737622	0.00010637213227064378	0.00011873077669539349	0.00012507552291467238	0.00012045923107233029	0.00011522506663129116	0.00011283617185580536
30	0.00010460920577682237	0.00010165778406859275	0.00010948890733807126	0.00012198535240033105	0.00012837282618289472	0.000122159385153414	0.00011548271702159454	0.00011460515945664219
31	0.000104955017704369	0.00010478377168671682	0.00011277897815541047	0.0001252474455016225	0.00013073738464376656	0.00012438626517622702	0.00011576534800352826	0.00011722110727639742
32	0.00010531463834932101	0.00010814281976247735	0.00011588643456793122	0.00012820775044487866	0.00013238177561724677	0.00012696194593463003	0.00011614842197529532	0.00012054914365600491
33	0.00010601222664915516	0.00011151302720703887	0.00011873281678641737	0.0001305764072637443	0.00013368552296891834	0.00012951410734286572	0.00011676527010135949	0.0001243275757315645
34	0.00010733516784775352	0.00011476377455142858	0.00012166688081243351	0.000132273310765731	0.00013511552363260345	0.00013166317820135256	0.00011785055923168179	0.0001281831528450806
35	0.00010936928385173201	0.00011807047940553893	0.0001250027696968244	0.00013353894986080085	0.000137108848925431	0.00013315582418472417	0.00011962114590415573	0.0001315604977283109
36	0.00011196667523041292	0.0001217489131003623	0.00012871294596175168	0.00013467550224938846	0.00013964934877460766	0.00013396620865194691	0.00012224658246936154	0.00013410193094352257
37	0.00011481823135415362	0.0001258754955382684	0.00013244815260897877	0.00013599998152618833	0.00014221957195345724	0.00013442502406259578	0.0001257930389314782	0.0001361385512042304
38	0.00011769713607927043	0.00013022064871668322	0.00013577195725983303	0.00013777957718520833	0.00014412965150273352	0.0001350659879340477	0.00013009405532774388	0.00013866076079720443
39	0.00012053303063333366	0.00013449077215571336	0.000138403220225768	0.00014008731835864275	0.00014503093383664997	0.00013633851526990696	0.00013463745735036546	0.00014234793102437776
40	0.00012338781198280695	0.00013846304793008822	0.00014044884377526016	0.00014272588726951596	0.00014508475758993018	0.00013840433181287995	0.00013894444947277286	0.00014707636303140168
41	0.00012647040246093502	0.00014197883750587502	0.0001423424449724145	0.00014541431995200558	0.00014494305018898215	0.0001412329834242775	0.00014312081713998743	0.00015226740105993657
42	0.00013000095003215715	0.00014492185865837772	0.0001445065038679345	0.0001478538867277855	0.00014539723613323825	0.00014457174252105175	0.00014772758998226275	0.0001574333027774586
43	0.00013401595008559174	0.000147203945276233	0.00014709790552277198	0.00014984297935882935	0.00014696088148461402	0.00014802854069080013	0.0001530023763265391	0.00016246194098226764
44	0.0001382747708384464	0.00014899317982156355	0.00014991202900485704	0.0001514249521582035	0.00014966286898113502	0.0001512696288222719	0.00015876245648440205	0.00016756979167269686
45	0.00014238793387417542	0.0001507061846699706	0.0001527344457188214	0.00015295914583900543	0.00015305980899238237	0.00015442831356456726	0.00016476470838168434	0.0001728292516579911
46	0.0001459696960893707	0.0001526848607294516	0.0001554641587656697	0.00015497087028034555	0.00015655729029507515	0.0001579438195908554	0.00017089212433211954	0.00017821911539294107
47	0.00014880138593638355	0.00015501673508486348	0.00015803130685406626	0.00015780615504484583	0.00015984813629201089	0.0001619160802818602	0.00017709005066301873	0.0001837154677860168
48	0.0001510689465867349	0.00015755392590153803	0.00016049134835704562	0.00016153294321001008	0.00016312716583519014	0.00016623174156671182	0.0001832575410044211	0.00018907995652420366
49	0.00015330100398242537	0.00016005343110763883	0.00016305465167456797	0.00016594500489878328	0.00016671015669433005	0.00017088304461106835	0.00018917050873351962	0.0001941521844128482
50	0.0001560409495760934	0.00016226186413949244	0.00016595436440109313	0.00017081489016891588	0.0001708166020320884	0.00017603359206503627	0.00019463757796756592	0.00019885689035832154
51	0.00015956067949406098	0.0001639927464014724	0.00016924581829186322	0.00017589204953844922	0.00017545353470580578	0.00018175725721823253	0.00019957626055788278	0.00020312629152397229
52	0.00016367710228749739	0.00016544112217219584	0.00017293144391519508	0.0001809297111201756	0.00018061789239579037	0.00018790745653682388	0.00020396554477212055	0.0002069402320746397
53	0.0001679577864898989	0.0001671425399771745	0.00017707751686633433	0.00018577992689216394	0.00018636404341927055	0.00019414722003135285	0.00020773229276420082	0.00021003508007738883
54	0.00017186062685709664	0.00016971882445695384	0.00018172611131834988	0.00019045123777838738	0.0001925972784730834	0.00020026496667177008	0.00021071124425117986	0.00021178706046124743
55	0.00017490215266282227	0.00017367723059585286	0.00018657801189210933	0.00019518701623199056	0.00019900670889858415	0.00020624091474811775	0.00021284452586010395	0.0002119455095548404
56	0.00017715779100938348	0.00017919215397047415	0.00019118736920410698	0.00020041293592592234	0.0002052636176547439	0.00021201598936668243	0.00021424021019892026	0.00021091642338063473
57	0.0001792991672004679	0.000185840769110614	0.00019536950439287272	0.00020641094273483851	0.00021118177468240116	0.0002173855718643816	0.00021493656610670667	0.0002096333544346527
58	0.0001821979317162737	0.00019275386369263216	0.00019928889305455627	0.00021307860205752334	0.0002168188798279105	0.00022200670242090035	0.00021481076258803315	0.00020876393394062521
59	0.0001864976314246339	0.0001993137931617223	0.00020339883566769054	0.0002200966740812914	0.00022245815773329344	0.00022561816806763473	0.0002137675196784059	0.0002085922298684519
60	0.00019223604950449488	0.00020531821208707532	0.00020815454137575586	0.00022697413224468435	0.0002282276219889877	0.00022806049207422008	0.00021211441343897073	0.00020940496095522094
61	0.00019895854629210078	0.0002108598273894008	0.00021384505687609037	0.00023335712329971788	0.0002338038046650937	0.0002293217589401708	0.00021052188281300632	0.0002116786833110149
62	0.00020590623269673024	0.00021636876804255616	0.0002204896456447893	0.00023908819208188435	0.0002385781369324497	0.00022971016877002846	0.00020978300109511272	0.00021537896536763849
63	0.00021234322244242546	0.00022235979629647187	0.00022774354482878336	0.00024410523654824578	0.00024211436146647527	0.0002297376336118626	0.00021059321759705978	0.00021978325376235814
64	0.000217994040335469	0.0002290596435152338	0.0002350728235239852	0.0002482839469652137	0.0002443967550480649	0.00022997027099672972	0.00021345360341687932	0.00022382368625371415
65	0.00022301334069457033	0.00023642658382901695	0.00024178711135862516	0.0002515377384599615	0.0002456949705472838	0.0002308256853124357	0.00021829405758224286	0.00022681031475705804
66	0.00022782695317966336	0.0002443319626149821	0.00024747763256445184	0.00025414194152132227	0.00024633484759877135	0.00023254699982395887	0.00022434404025363733	0.0002285050060222586
67	0.0002330678363154368	0.0002524577633261741	0.00025215919978517154	0.00025657197895629323	0.00024681212170745565	0.00023526768410752212	0.00023033522638633375	0.0002291193064598849
68	0.00023941318204938238	0.00026027943041595394	0.00025612030628700876	0.0002594734777583097	0.00024791477686477337	0.00023894584662153575	0.00023520212481645486	0.00022946824350630985
69	0.00024707863867520373	0.0002674776967956931	0.0002596734055021074	0.0002632513216928682	0.0002504318395406926	0.0002432052886966353	0.000238599063129487	0.00023112897726533884
70	0.00025535938428621784	0.00027387672096931847	0.00026297313657795116	0.00026783954198055714	0.000254369420104001	0.0002473773252380488	0.000241014185709026	0.0002358197189449332
71	0.00026343703246602736	0.00027929877300758235	0.00026621385266270206	0.0002731203317276696	0.00025925775423052454	0.00025079134387771915	0.00024346982412183182	0.0002443312307542795
72	0.0002709917124658147	0.0002836727599694521	0.0002697522261236836	0.0002792171537652481	0.0002646338107638898	0.0002535507339817908	0.0002475597178684684	0.00025621001551097314
73	0.00027797343041697636	0.0002872727309438729	0.00027403111767144636	0.000286161231215206	0.00027007953375353296	0.00025656424821941104	0.0002552686240898573	0.00027032643318145933
74	0.000284440528134666	0.0002907801443587569	0.0002793154227474124	0.0002936697242915854	0.00027529559417916404	0.0002610621806093148	0.00026758478502266066	0.00028569568533110706
75	0.0002904892300271228	0.0002946712800295872	0.0002856427659948106	0.0003012113625065079	0.00028049847080507636	0.00026835212883188247	0.0002836889797656487	0.00030186695620752177
76	0.00029638575734623616	0.00029918486023982493	0.0002928152281651621	0.00030810506198370976	0.00028600280523126973	0.00027947006948799157	0.00030197196231828447	0.0003192829335383884
77	0.0003026059919240534	0.00030476768898014844	0.0003005613874963037	0.00031404036645462345	0.00029268243561313866	0.0002946915372146408	0.0003211741769682373	0.0003384352626074512
78	0.00030945583033323873	0.0003122280050909024	0.0003087503350402515	0.0003197794197061075	0.0003022684340953445	0.00031353066572472954	0.0003409637579790519	0.00035875650598406655
79	0.000317255970766015	0.000321951832595892	0.000317283082439063	0.00032684963411094793	0.00031659751173854483	0.00033504173377556397	0.00036156952322196836	0.00037896118911200365
80	0.0003266435824614728	0.00033325611628406195	0.00032609246521715825	0.00033713066829781676	0.0003361752864041824	0.0003583135164811706	0.00038278365187472145	0.0003982138343111267
81	0.0003379737366302599	0.000344779801860056	0.0003355056945791084	0.0003525351694958803	0.00035990521673662034	0.00038252503691434727	0.00040369637424460427	0.00041664045923012357
82	0.0003507662651744045	0.00035550946769610147	0.0003467843617559613	0.0003738956715297747	0.00038663766542105436	0.00040687646290146496	0.0004238363794595715	0.0004349818861304894
83	0.00036428233557061167	0.0003659093659809014	0.0003618191696913594	0.00040044097961957454	0.00041587396956734696	0.0004308262190912073	0.0004440347605151286	0.0004538712726507781
84	0.00037829935541550894	0.00037779723869426393	0.0003824574577296482	0.00043082249743880047	0.00044676562602993276	0.00045468649538525814	0.0004660682867294834	0.0004738367049652494
85	0.0003929829148195484	0.00039375671931267295	0.00040954784497715526	0.00046385180099825377	0.00047786843680697666	0.0004797045945889292	0.0004906752247092693	0.0004947302245409196
86	0.0004087187356517754	0.0004163972577557312	0.00044264688163613166	0.0004982680601210819	0.0005084053224040841	0.0005075565910209026	0.000516683538244643	0.0005152804966632877
87	0.00042626965193611556	0.0004469171258405132	0.00048070258774346464	0.0005329165697748138	0.0005389962192777708	0.0005390698277518101	0.00054200333423073	0.0005340674339978833
88	0.0004475154260245827	0.00048440945622417654	0.0005221193650177158	0.0005677647488094109	0.0005714545647511953	0.0005729659887824093	0.0005653672949507687	0.0005515255800273995
89	0.00047511270044049307	0.0005270901525173461	0.00056454071055404	0.0006040277668927701	0.0006073489234124024	0.0006067218731716296	0.0005869688053119783	0.0005709013336182335
90	0.0005104624737180831	0.000573569116240769	0.0006062338217097398	0.000643380441217329	0.0006464866925537583	0.0006387975648154131	0.0006087776445576553	0.0005959477333671452
91	0.0005533196675280362	0.0006223544371253208	0.0006479964956886518	0.0006865637839259972	0.0006868212326584319	0.0006699019670054933	0.0006341126868031056	0.0006281140728173843
92	0.0006029948462640786	0.0006717244003770316	0.0006921070441758051	0.0007326915588617881	0.0007269046927981671	0.0007030483091408451	0.0006663564826016379	0.0006669416792786008
93	0.0006582080589971945	0.0007213572957839396	0.0007402255351093861	0.0007798188649196635	0.0007677242902309482	0.0007416794173154701	0.0007071965889020944	0.0007117475399591776
94	0.0007164463070818183	0.000773012467978547	0.0007927874149221963	0.000827189298323292	0.0008125008319427561	0.000788178448752044	0.000756071472196377	0.0007621482996236207
95	0.0007753053483084825	0.0008291760113149569	0.0008490624599443041	0.0008765505549613194	0.0008646156482769697	0.0008435004519057742	0.0008114930043472591	0.000818223556973875
96	0.0008351152580816322	0.0008913182708104449	0.0009078454514560431	0.0009316268818773556	0.0009264251369892813	0.0009071434276146692	0.000872489437528857	0.0008810809582872823
97	0.0008984803640113508	0.000958984804500281	0.0009695582309602884	0.0009958755509017442	0.0009981444445797546	0.000977668140035856	0.000939522623475531	0.0009511590422761896
98	0.0009675428224048607	0.0010302538799500328	0.0010378187229502145	0.0010710971381656116	0.0010786504193752446	0.0010537716609012027	0.0010143878812619946	0.0010281641352930654
99	0.0010425985893259822	0.0011043798652330423	0.0011169235487497678	0.0011576112158120588	0.0011665053210988625	0.001136135991032537	0.0010989868006459533	0.001113532171934184
100	0.0011225211216309063	0.0011838915135680302	0.0012090662479721838	0.0012555291571244244	0.001260576925228427	0.0012268637744718277	0.0011944192497847555	0.0012104136513571926
101	0.0012068787305336004	0.0012735050520991807	0.0013138373188236942	0.0013637790374850238	0.0013621599087906247	0.0013286691714973543	0.0013015733245992584	0.0013211808717930448
102	0.0012976199809846113	0.0013772741599653458	0.001430174413080981	0.0014801126682637412	0.0014745202833568616	0.001444707473585496	0.0014216154946709958	0.0014453863170225873
103	0.001399462938701648	0.001496685598320007	0.0015566037045535066	0.0016044944634353404	0.0016015159674825981	0.0015762946082086135	0.0015548199870363418	0.0015797253861153764
104	0.0015180409530542128	0.0016313604935431025	0.0016916892463724258	0.0017407925738917665	0.0017462846415329393	0.0017205860855728178	0.0016993350161135683	0.00172052767404358
105	0.001656691651980957	0.001779094415195446	0.0018372588634683366	0.0018941373810551893	0.0019084160544802697	0.0018731717556188137	0.0018524543934653078	0.0018662772199956454
106	0.0018145449337995212	0.0019359689003158886	0.001998920860657092	0.0020663244251978015	0.002082513440970098	0.002032330333491005	0.0020129457069099537	0.002016019528331396
107	0.0019871538813889113	0.0021010691530496226	0.0021813141952041837	0.0022523756119663995	0.002261589608935479	0.0021987474693531176	0.002178084775363614	0.002163676093891885
108	0.0021683510408607594	0.002279960678547211	0.0023829770505582	0.0024445925013849867	0.0024414868848000506	0.0023699601847087175	0.0023373068746754253	0.0022989510600404006
109	0.0023563431321678725	0.0024806034097595454	0.002595749298925492	0.002639788910241987	0.0026201836356235524	0.002536003248936294	0.0024777308028418976	0.002417267273640893
110	0.0025566326044592913	0.0027055371561870386	0.002810103246594923	0.002838779901068811	0.0027937399896491976	0.00268585791835108	0.0025984356602492603	0.0025282291755319565
111	0.00277812146925763	0.002947231979811338	0.0030205556236470414	0.0030366533695341583	0.00295496837364618	0.002818936180251283	0.0027146772620152645	0.0026500487180925723
112	0.003025427386002803	0.00319234999271373	0.0032244277297987537	0.003221255500607382	0.0031010544023502406	0.002948692639315771	0.002843581064134999	0.002790918970266895
113	0.0032917962075615023	0.003430029669067325	0.003417072297765334	0.003385080147215915	0.0032401848621304743	0.003089327821945078	0.002986178716817026	0.0029411905595671025
114	0.00356215516130746	0.0036529181318656254	0.0035920259445420596	0.003536471415103469	0.0033854927850585042	0.0032398545662507714	0.0031320380429722206	0.0030854904564747215
115	0.0038222784504165436	0.003854672632446542	0.003752232951783737	0.0036955908116149843	0.0035414906225494825	0.0033932743590914293	0.003277270834767712	0.003225923573232002
116	0.004060567201135675	0.004033273574026041	0.003916045922765954	0.003872337718999969	0.003707016614191376	0.003555787972021446	0.0034362284231960398	0.003392519755384152
117	0.004268072634784327	0.004200767363429118	0.004099793390585828	0.004058674293175055	0.003891026602149372	0.003750425489327089	0.0036387746824375518	0.0036199345377193755
118	0.00444596839796612	0.004380034083707536	0.004300302499409948	0.0042534369755384905	0.004117903942388141	0.004002216607662171	0.003912396156784575	0.003913570082215407
119	0.004616175328120387	0.0045821795103410164	0.004511619220159929	0.004483592913964271	0.004414174581939726	0.004323739317425085	0.004261305386002163	0.004248609086519097
120	0.004809510218396575	0.00480203370323062	0.004753073917368851	0.004791819002445323	0.00478739387516026	0.0047130385396612256	0.004663377315544917	0.004596874370127018
121	0.005037441839166869	0.005048466439632167	0.005066518241758883	0.005198373205833447	0.00522563211783058	0.005156613158165982	0.00508438095130419	0.004950787453439753
122	0.005293955663787633	0.00535973781526565	0.005480383390913781	0.005689150827878482	0.005711163387580922	0.005627193837445801	0.005498138511475566	0.00531848842204395
123	0.005591792230532945	0.005774234288326913	0.005989617376036148	0.0062356210155812344	0.00622181134895393	0.006089530454344135	0.005896125084045277	0.005701944296046619
124	0.005976481332168473	0.006295447980446737	0.006568808785982983	0.006803231489764281	0.006725167668435282	0.0065177330926452365	0.006280038503147249	0.006092263294839616
125	0.006487530015291851	0.0069008830990925675	0.007182374565294948	0.007350787527428401	0.00719154349167723	0.006913088689526976	0.006664535424539808	0.006496691052109927
126	0.00712062514388151	0.007559401855427752	0.007780953574721531	0.00784758800954932	0.007622170400692582	0.007312764687983859	0.0070861262379336995	0.006960057526262734
127	0.007831081621732653	0.008220568522468793	0.008320178684759491	0.008304446458289759	0.008065206066214983	0.0077742879590311	0.0075957105892166706	0.007539712624187492
128	0.008553708557424303	0.008826595601287783	0.008807355532479752	0.008788350461738682	0.00858484163015218	0.008339206149189343	0.008219413125831297	0.008237754243440447
129	0.00922596904808686	0.009366564238494846	0.009317645791384211	0.009370489989211533	0.00920649379755683	0.008992234029424478	0.008913426897913523	0.008967855716875075
130	0.009824316190573657	0.009908620582961455	0.009927768974080386	0.010060798305301606	0.009881480894851618	0.009661800766735727	0.009581337504388866	0.00961705900514352
131	0.010398775659945061	0.01054160439976881	0.010647862339556688	0.010785095569041529	0.01052781176126467	0.010274171153667485	0.0101475608544197	0.010129575447194466
132	0.011048400224694421	0.011296564171143338	0.011404618513489105	0.011458777961614973	0.011107017733809954	0.010807455625186247	0.010611374121865358	0.010536024808099072
133	0.011837526263983636	0.01211564630868346	0.0121228720431717	0.012075396227883041	0.011651186578369806	0.011302028733811741	0.01104467284537236	0.010936735430495951
134	0.012745645218302707	0.0129285826321404	0.012813555669734154	0.012709836589325637	0.01223873069390059	0.011841431924507304	0.011551919695105653	0.011443861941396818
135	0.013714847530601112	0.013743086844114157	0.013567572231743007	0.01346906247435521	0.012966788493009517	0.01252757949589459	0.012222245974644464	0.012133587999579011
136	0.01472992888551099	0.014645675870185575	0.014500755448340013	0.014454951766416793	0.01392620577298045	0.01343895115435135	0.013091007895251475	0.013007326523560356
137	0.01583728559059073	0.01576482501110404	0.015719737317149738	0.015713196193501006	0.015135188702657744	0.014558874359502993	0.014118581163016498	0.013982997566687524
138	0.017152830668281056	0.017230958466576782	0.017263974811673036	0.0171808022531346	0.016514266324444048	0.01579516019438436	0.015214079785282176	0.014954113724223637
139	0.01883702421663046	0.01909073893493099	0.019073154510659523	0.018773930510619416	0.018002083226966923	0.017104377618746714	0.016342595025874814	0.015936228331821723
140	0.021004310827817833	0.021280448206500345	0.021087752551215807	0.02053977511885275	0.019689552741564576	0.01861169280371137	0.017646969854308064	0.017141385236698076
141	0.02364029610359809	0.023750729652372626	0.02339577373932933	0.02267971340809684	0.02175881595142964	0.020508326494508324	0.019352172964558424	0.01876450864899141
142	0.026675047743835334	0.02660081878047213	0.02619761906366708	0.025340720342461993	0.024276232877059604	0.02286004237432607	0.021530601823578344	0.020797037830145037
143	0.030132946405553494	0.029977792995272784	0.02952011240032273	0.02844042891814761	0.027139651229111307	0.025534723478075935	0.024051214546293095	0.02309863169747923
144	0.03409376688830654	0.033821031183438044	0.03311622011805339	0.03176147626383321	0.030188909572691974	0.02837875110372529	0.02678667918046731	0.02557754239523598
145	0.038417057911927864	0.03784531284050488	0.03670891734530465	0.03514808700172833	0.033308667731735825	0.03130018563792122	0.02962213894354895	0.028192778283622492
146	0.042748400511698086	0.041824627604653726	0.04023239914318267	0.03854427784974581	0.03642308167797855	0.034186417585106384	0.0323710755504169	0.030917281552732746
147	0.04699327959592856	0.04579101897315625	0.0438516933859307	0.042084686622730384	0.03968150505252147	0.037184609725974344	0.035137372417093374	0.03389639953717348
148	0.05149141018829863	0.05014048910498025	0.04815013108430393	0.046345563686751017	0.043674831726784775	0.04096893997802215	0.03860712397323548	0.037764858796030414
149	0.05719576404556239	0.05586318912201404	0.054172529417197794	0.052336276583833885	0.04935635413045315	0.046432056851817796	0.04379020274154004	0.04355544993572613
150	0.06587440350188192	0.06464564640698396	0.06348335452456969	0.06160076858381729	0.058220938883721034	0.05484971740539605	0.05200425345251402	0.05247978043299734
151	0.08007226541716554	0.07920892978108827	0.07876642110546815	0.07688322257722556	0.07296395023252158	0.06868933733289911	0.06538016850854426	0.0660063705177955
152	0.10366924307976239	0.10381626983488981	0.10416887694997688	0.10224474974851916	0.09749671226572036	0.09163511797784696	0.08682868541395314	0.08584580204078944
153	0.1415919165068523	0.1432536860413537	0.14409118282582817	0.14162995681387724	0.1354603218880777	0.12704064405827367	0.11912325522684325	0.11440274306054425
154	0.1975643767536322	0.2002751054056424	0.20072163805003976	0.19684020032855842	0.18840241269208274	0.17635589213812375	0.16430112086707035	0.15585820663482733
155	0.2730065939975612	0.2753117224708189	0.27439093360597483	0.26832932792783076	0.25686180201626174	0.24069984016333806	0.2253640168403398	0.21678592860304158
156	0.37163982033770243	0.3720815236351707	0.36910061647406534	0.36030125819053493	0.34531197560091553	0.3255290714214436	0.30942784516612	0.3058395352629681
157	0.5034238410960763	0.5015516891142555	0.49599333683330504	0.48409290821102574	0.4657209316263662	0.4436902639845047	0.4292415123243246	0.43247339036322685
158	0.6734973156028902	0.6698528169431442	0.661710565666567	0.6475847250142809	0.6279143704618849	0.606461477479997	0.5947686591950117	0.6001289035513678
159	0.8568460026835564	0.8528244245727187	0.8438834535119535	0.8308574982520573	0.8145998766963903	0.7981187134985226	0.7893923044188068	0.7896099653175992
160	0.9879419290232215	0.9855236172430307	0.9797856220831944	0.9725437654527356	0.9644793570848095	0.9565634157627375	0.9512520454689577	0.9458111705332446
161	1.	0.9999999999999999	1.	0.9999999999999999	1.	1.	1.	1.
162	0.8903749899760365	0.8914971727098039	0.894982721748228	0.8980711848943339	0.8999490196122307	0.901858901636613	0.9071682428683828	0.9240080538962182
163	0.7234307813818759	0.7242367263073135	0.7273499167379365	0.7287761066766448	0.7271423404416115	0.7249650339763744	0.729956804247147	0.7579900040555472
164	0.5633833511167655	0.5641219385714439	0.565449617949209	0.5640046761893822	0.5581716362498432	0.5501090941766008	0.5482381463259834	0.5707717058145335
165	0.4351558210260104	0.43747709949388036	0.43815294435411517	0.43519611411563086	0.42679482013343245	0.41376849870564725	0.40271319879669165	0.4095280984352622
166	0.3348795421191954	0.34014870749354	0.3416505001234826	0.3384718775400821	0.32873573118165506	0.3124314325674301	0.2945370961770221	0.2875449492160899
167	0.25361688690908457	0.26105102889545556	0.263518465893645	0.2603630818725008	0.2501058469795783	0.23322268057544368	0.21373841764319232	0.20064958536853186
168	0.18828471273696964	0.19565234774587104	0.19822887543831286	0.19502528986283074	0.18525745292126566	0.17052131980417948	0.15389482941715207	0.14100765880743987
169	0.1385111697332636	0.1442324098867516	0.1462921569438532	0.14316733236615228	0.1348391599147616	0.12348840299958626	0.11107247421491437	0.10118220319934089
170	0.10320924108223538	0.10695874714040796	0.10824387080291359	0.10521813661747184	0.0986999382435838	0.09058872763320248	0.08174573632967576	0.0750797540134375
171	0.07997616481431662	0.08217318581389416	0.08256171948129086	0.07949930812912766	0.07450735028388797	0.06872710040435048	0.062460545842375655	0.05813647747517435
172	0.06525162988562813	0.06650260619975401	0.06618724988757223	0.06322599262808182	0.059301834268833106	0.05466161412208198	0.05006693142277623	0.047112163360032794
173	0.055315376469224284	0.056000098380488535	0.05543390560148328	0.053048243071712915	0.05008620779411898	0.04585073080143246	0.042138396122612165	0.03971806918957808
174	0.047521571749005315	0.04777180686262702	0.04726667222233177	0.04579973806383321	0.04394653944493584	0.040280030982735124	0.03708308402502345	0.0346594180132103
175	0.04090972472140177	0.04074896798662715	0.04027041346107317	0.03956790138802965	0.038769842679077654	0.0362717557619831	0.03378360100295745	0.03138215163449099
176	0.03547571981820201	0.034995356970086114	0.034393489951057156	0.033977318365997614	0.03377021922998787	0.032586069069054924	0.031226663163631745	0.029403857258288965
177	0.031203256833890514	0.030638653558358507	0.029876648678768162	0.029375563244072207	0.02921720084798906	0.02882395462475119	0.02861515657263269	0.02799522715713402
178	0.027827698174780716	0.02745368816239061	0.026632695823065048	0.02595392204066967	0.025533378583184125	0.025311349482561477	0.025728303190638666	0.02635774670749683
179	0.02503390535655634	0.02497715298722142	0.024284899586700777	0.023525791488497844	0.022779255214805012	0.022410847766122583	0.022833991218396753	0.024119145157469397
180	0.022681084385491355	0.0228026821541665	0.02236352244790767	0.021682544202292264	0.02073002494207697	0.020156129520018384	0.020241322440027697	0.021513256979891458
181	0.02076522090225956	0.020773778513292613	0.020535698394848236	0.02003334741325582	0.01905456163219068	0.018319826967303963	0.018020852113128042	0.01890780787289016
182	0.01925927773998339	0.018949328211415723	0.018737193934651685	0.0183959430810961	0.01752501024946257	0.016675298542262917	0.016102640891028048	0.016494098861249678
183	0.018082757925893006	0.01744445606201798	0.017098608919155524	0.01679964738164811	0.016086762169943487	0.015183627190824776	0.014458708769007836	0.014391536973690205
184	0.017091182554838893	0.01629484433759326	0.015766263628430935	0.01538413722726574	0.01479222865027515	0.0139281599409383	0.013149113912482354	0.01273835255797155
185	0.016081118566679348	0.015391612139256085	0.01476608998585122	0.014270112772193828	0.013713333696298999	0.012945300584879995	0.012224513748971485	0.011618930416737065
186	0.01488021007523271	0.014515789540106894	0.013973587637232174	0.013431652573225527	0.012878923510881197	0.0121830731220847	0.011608085177789338	0.010991495978349619
187	0.013455607405797121	0.013467400568446935	0.01318381281632068	0.012718558986198615	0.012218345241109005	0.011563475585139451	0.011126136842405097	0.010668512830149439
188	0.01192411587739891	0.012201610967303406	0.012232424013494083	0.011958193170747996	0.011595131844466155	0.011005338644254363	0.01065402890705316	0.010395059739970923
189	0.010430778241775537	0.010840908390947137	0.01109537075044901	0.011045598436242135	0.010878160414567831	0.0104125197556474	0.010134946337380716	0.009998280875815349
190	0.009063927005985373	0.009532844083504377	0.00988803433781033	0.009991718971044956	0.010006971627691584	0.009704145109472487	0.009507210793079954	0.009435421304210852
191	0.007875127426863209	0.00835141545570031	0.008739715732455291	0.00890302155486001	0.009021728403858146	0.008867415582053222	0.008738219191221756	0.008727099693762142
192	0.006883886232434067	0.007316384451271064	0.0077101156367266385	0.007881280508338851	0.008023716339459221	0.007965842020898263	0.00788209577858303	0.007921056384496455
193	0.00606950133535619	0.0064303251719622	0.006806425786113472	0.006972054659221043	0.007094542729677584	0.007074510335207204	0.007031976046587269	0.007094465118734801
194	0.005393084111736881	0.005679063472085098	0.006023549267120433	0.006181327931058248	0.006273491595048499	0.0062413538446902134	0.006236578181990271	0.006310851175103148
195	0.004814433237522159	0.005043419818511209	0.005345094407450109	0.0055017434695229005	0.00557258323192965	0.005500991375761099	0.005508806673231041	0.005592403504656244
196	0.0043036971065816155	0.004505591514200643	0.004751267128001021	0.004911495800156266	0.004981936207501085	0.0048815195151662525	0.004868617585430841	0.004944006843560869
197	0.003847862770826858	0.004044663588665311	0.0042330678900513435	0.0043845513849872664	0.004471106229245197	0.0043783355940544685	0.004340196418602953	0.004381888524074673
198	0.0034530407105613785	0.003638727930236903	0.0037866936926832127	0.003910408535455214	0.00400941722330879	0.003955062225195205	0.003918027343630947	0.003918212336830032
199	0.003124313285840059	0.003278710993514547	0.0034059425051717503	0.0034934038392357885	0.0035900331670959246	0.0035717622707240517	0.0035646554448953405	0.0035463291529972967
200	0.0028483621852727543	0.0029650028721179863	0.003080067798751663	0.0031360051952475476	0.0032241227144119812	0.0032124272777613603	0.003240442691686011	0.0032386432531178637
201	0.002607473117271877	0.002693547650129994	0.002794934189379218	0.0028326974158475473	0.0029156142278537055	0.002886131458279902	0.00292838939138013	0.002961787830818944
202	0.0023893180428251368	0.0024569910565181412	0.0025402741031782246	0.0025735770090012937	0.0026549016496483736	0.0026066491476600356	0.0026389177505859243	0.00269505210523601
203	0.00218653007241811	0.0022486350708871656	0.002313095339441588	0.002348273094040985	0.002430739985846249	0.0023732631032322036	0.0023897057501672727	0.0024411087788890748
204	0.001997357702574351	0.0020609703291739993	0.0021128894577244857	0.002147381326102098	0.002233063560284556	0.0021774747449947295	0.002186761681051087	0.0022157679305072294
205	0.0018232910092892116	0.0018872329659261106	0.0019369120879862175	0.001966899675523033	0.0020530163500731163	0.002008998763599132	0.002021050048243865	0.0020302889732068184
206	0.0016639221786061626	0.0017264359312124348	0.001779336263369053	0.001806551626181065	0.0018852841698655351	0.0018580304463561006	0.001879194082392602	0.0018830678120227197
207	0.0015181344439071291	0.0015793485253364102	0.0016354644420221811	0.0016638102906900835	0.001729446411725921	0.00171661148509169	0.0017510887300104915	0.0017618861465016151
208	0.0013870783261009279	0.001445327748750472	0.0015030864783991719	0.0015335303462303033	0.00158695341551354	0.0015819767166530814	0.0016313370398514833	0.0016553031370495088
209	0.0012741192627152241	0.0013254558589685791	0.0013807921366242302	0.0014139898912247056	0.0014575267539668096	0.001455336943173676	0.001516188111526718	0.001556445553540685
210	0.001180530330204634	0.0012213884146599165	0.001268768661878876	0.0013052697852566988	0.0013407377529433312	0.0013387877272122153	0.0014038831198738351	0.0014612098119583272
211	0.0011035848694210305	0.0011332095457783473	0.0011689548493931286	0.0012058400470801103	0.0012364354468563253	0.0012332951175481627	0.0012960994376199216	0.001366097141931981
212	0.0010388455684529965	0.0010579883185900876	0.0010823740632754698	0.0011146265876170367	0.0011422035487830549	0.0011389480366380455	0.0011955040765937418	0.0012704638323266734
213	0.0009819837971156778	0.000992763987919293	0.0010080269942218164	0.0010326936883107668	0.0010549874066140355	0.0010545685731726652	0.001103266374864646	0.0011756829731232542
214	0.0009291311463774549	0.0009360151586146598	0.0009434753921617181	0.0009613633530479847	0.0009743908584138335	0.0009776385311852085	0.0010193973085212897	0.0010835441004307124
215	0.000880235455962154	0.000885747938494678	0.000887360763402245	0.0009004045640044749	0.0009023911748936885	0.000905646080999134	0.0009438286793738961	0.0009960245577207614
216	0.0008379475912193644	0.0008396293829976388	0.0008394910872517023	0.0008481398963659714	0.0008407477561699853	0.0008386846106890343	0.0008759993500377758	0.000915413283824644
217	0.0008034935746396932	0.0007976749536873811	0.0007988155250407621	0.0008031351254418762	0.0007887330583787284	0.0007795507779908095	0.0008136810460973475	0.0008444720609207039
218	0.0007747836294671498	0.0007617308832819843	0.0007631716223148359	0.0007646408619627999	0.0007448897805936229	0.0007299762187249312	0.0007550480271316867	0.0007836472596920063
219	0.0007479802331539148	0.0007327153882640608	0.0007313742608314365	0.0007316239371654554	0.000708615298735252	0.0006889029486023841	0.0007009859545427605	0.0007295113591885178
220	0.0007203111791361864	0.0007090825840367625	0.0007035862738343301	0.0007023279047297698	0.0006793944860669171	0.0006546503615697448	0.0006532846272812785	0.0006778389098854647
221	0.0006913198899450852	0.0006876816602266256	0.0006794838677589563	0.0006754170354117866	0.0006555609245235024	0.0006267234808110618	0.0006132250049337358	0.0006281687338602727
222	0.00066222686583413	0.0006657488501236227	0.0006579078318249995	0.0006510018135064288	0.000634657921514663	0.0006054442271084402	0.0005813454290848574	0.0005834424754406477
223	0.0006336333507054817	0.0006423422205787288	0.0006380085914370926	0.0006296643341040646	0.0006150959626564935	0.0005895261348328638	0.0005576737231214924	0.0005466147112976758
224	0.0006051326904518115	0.0006180183228421444	0.0006190904713873954	0.0006113377797547842	0.0005965556697108057	0.0005758718748268434	0.0005414031261210763	0.0005187853341621977
225	0.0005763713297719938	0.000593140496520065	0.0006002707504546419	0.0005949925471015343	0.0005796206848224625	0.000561686187022483	0.0005303487448310184	0.00049970774974589
226	0.0005475570293239593	0.000567675187141615	0.0005807078134627031	0.0005790496700093722	0.0005647004822312052	0.0005458417722510221	0.0005213354856877281	0.0004880123243083526
227	0.0005196854588744923	0.0005416416689950047	0.0005597850400101335	0.0005621683123220247	0.0005514618457531643	0.0005292856498919964	0.0005116447425741734	0.0004812429988501405
228	0.0004936478760256194	0.0005155797925436688	0.0005373816095338822	0.0005436039184561372	0.0005389607572930712	0.0005139742899668259	0.0005001494976172067	0.0004762580061388127
229	0.0004694905919273992	0.0004905659422873523	0.0005138760377462694	0.00052344231799142	0.0005261330806964421	0.0005007619463923445	0.00048760869202680803	0.00047043279233421816
230	0.00044666278862591177	0.0004675672129829224	0.0004900839470144753	0.0005028384972441392	0.0005121587168787645	0.0004885302477298004	0.00047602389708033244	0.00046285795266273245
231	0.0004247770261529869	0.00044659461440407956	0.00046692623247473065	0.00048262586841492047	0.0004967287581899232	0.00047570036832932967	0.000466742760647202	0.00045389253022362343
232	0.00040441365062994625	0.000427043635522655	0.0004455116901790792	0.0004626765331641911	0.0004800049581869923	0.0004616957702589738	0.0004589510571519694	0.0004449591835992441
233	0.00038609822644462437	0.00040845873978909527	0.00042654601906460046	0.00044276046397229445	0.00046211713823486144	0.00044704419514121906	0.0004509184855986741	0.0004374394035978365
234	0.0003694067832078435	0.00039095445593494534	0.0004094256225376398	0.0004234014073406231	0.0004432714450465838	0.0004323837790928069	0.00044142240225745235	0.0004308981386841433
235	0.000353846150441222	0.00037451499314173004	0.0003927944455497868	0.0004052520965283931	0.00042366366453912345	0.000417615768859615	0.00043008276942681564	0.0004238499015887636
236	0.00033953866182829373	0.0003583544725683546	0.0003759194051336915	0.00038844292243350964	0.0004038179265851812	0.0004021879982643689	0.00041745274361021915	0.000415389293510915
237	0.0003267990559910047	0.00034187294799479606	0.00035967648514497906	0.000372616122395214	0.0003848608384755175	0.0003857091711085576	0.0004043871381339659	0.00040544788108797837
238	0.00031594096781250853	0.00032546005045121197	0.0003449919479804864	0.00035723219761908556	0.00036773917741066045	0.0003684541670133058	0.0003912421984625696	0.0003947537954318926
239	0.0003068266718828083	0.00031024577559383233	0.0003317626456693441	0.00034242513697870105	0.0003522839983302256	0.0003516692117685819	0.00037748282271909045	0.00038427085381823576
240	0.0002986976489004766	0.0002973204469088676	0.00031934671773260623	0.0003287278316479717	0.0003375751826910407	0.0003364629444237793	0.0003626973472082112	0.00037416513533373747
241	0.00029065109976511653	0.0002873637435713832	0.00030742220000065597	0.0003159339134021289	0.0003230221881402685	0.00032310856507551406	0.00034746661887154597	0.0003637216012187243
242	0.0002823161626880087	0.000280072635842575	0.0002964444785005789	0.0003034007043280627	0.00030922809243406066	0.0003112040358197947	0.00033311547096762545	0.0003520993721852747
243	0.0002742474955847175	0.0002742901166208362	0.00028717261412423544	0.00029090366704667513	0.0002967067225384625	0.0003001394672721684	0.00032011242838393857	0.00033883034566351813
244	0.0002674977584112325	0.00026882487949303886	0.0002796797537739329	0.0002790226871080388	0.0002851252157414575	0.0002897867416869138	0.0003078337547335069	0.0003245182949598838
245	0.0002625695405524339	0.00026305470149877235	0.0002732258983234256	0.00026864510208745153	0.000274005488614971	0.00028017895584596825	0.00029563507711046665	0.0003103296530671982
246	0.00025896923221787677	0.00025727873690312684	0.00026692787858963494	0.0002604057643566909	0.0002633295488815019	0.00027102210760131696	0.0002834632708901557	0.00029697882695250136
247	0.00025568782875588975	0.0002523094223279431	0.00026045983482658866	0.00025419596372450035	0.00025361143500378977	0.0002622449295017244	0.00027162871417013936	0.0002846692499084129
248	0.000251941780188661	0.00024859799533796594	0.00025418247135175953	0.0002492278947694836	0.0002454241171605053	0.0002540360095691523	0.00026029825001510845	0.00027342542562288784
249	0.0002473942444678876	0.00024587389315512405	0.00024890992095977617	0.00024476366763717303	0.0002392041431448212	0.00024647704498069044	0.00024942650751355843	0.00026301800290694395
250	0.00024208255658007252	0.0002435295248129496	0.0002452608508244142	0.00024049669730351407	0.00023480290931796196	0.00023969148942037358	0.00023936279353271495	0.0002529429251720562
251	0.00023634208836358054	0.00024105929274653875	0.00024297591738177372	0.00023639852371385285	0.00023161210408170852	0.0002337743822080841	0.00023050103945518414	0.0002428732722642504
252	0.00023062374611338985	0.0002381712200557469	0.0002410803319204933	0.00023258357353626494	0.00022901212255685077	0.0002287383845730516	0.0002226461421184436	0.00023300307368157348
253	0.00022532291618848374	0.0002346204891361662	0.00023851848542138967	0.00022920576815991216	0.00022659963804843935	0.00022440919603501262	0.00021551354303999976	0.0002239190768350314
254	0.00022043654975812484	0.00023028012418247845	0.00023481345793002206	0.00022621748443137736	0.00022425145845479097	0.00022056304329896094	0.00020912021922187994	0.00021613961559465526
255	0.000215451624931478	0.00022536219562530914	0.00023009252841362925	0.00022339656368825005	0.00022234313699287254	0.00021706879352786294	0.00020363867547228568	0.00020971918623980437
256	0.00020984265253981042	0.00022028010619438206	0.00022467608846568794	0.00022064886956677388	0.00022122460294744803	0.00021408195155789067	0.00019927502835886732	0.00020427301109008
257	0.00020338220507868325	0.00021533455378382866	0.00021890337096896985	0.00021797002635348775	0.00022066410592808716	0.00021174409564947931	0.0001960813160291151	0.00019938223903198928
258	0.00019623551948823325	0.00021031215664002657	0.00021310135063076928	0.00021529786122912847	0.00022003908828545715	0.0002098613142870134	0.0001939008771351731	0.0001949240607867806
259	0.00018884908199884277	0.00020462672267906586	0.00020759058090942588	0.00021237049186805077	0.00021906435617875304	0.00020798459197643164	0.00019260400562027817	0.0001911402561236863
260	0.0001816459140975654	0.00019799727652558425	0.00020249050807535657	0.00020892402883010893	0.00021790951904484117	0.00020566284295257096	0.0001921330733494323	0.00018836633807621408
261	0.00017511149285325545	0.0001906822136654867	0.00019744407057477163	0.00020487477836886135	0.0002165234944461369	0.00020274890157557325	0.00019225694201238723	0.00018674806069350148
262	0.00016966662225198246	0.00018310278064050852	0.00019190802039406702	0.0002004497596386555	0.00021420942070418916	0.00019945476030918215	0.00019268976642805344	0.0001862673187922615
263	0.00016562190309403962	0.00017552707262512431	0.0001858608740659484	0.00019610637971346633	0.00021029438244199008	0.00019607330477541154	0.00019315589015175892	0.00018666552251463115
264	0.00016290092284064578	0.0001682436727955275	0.00017969387554762607	0.00019220155894918517	0.00020491853447086267	0.00019285051165421194	0.00019349558700563222	0.0001873373902072522
265	0.00016072357346274725	0.00016166561735356634	0.0001737705138954992	0.0001886158080263092	0.00019879783022916785	0.0001896792901102709	0.0001936510089203785	0.00018785990078975636
266	0.0001580860934779145	0.00015628497004941953	0.00016839951124198403	0.00018481439701422618	0.00019265471046192389	0.00018619468116140298	0.00019357250211278045	0.00018813295583967532
267	0.00015455363673117455	0.00015240556495936473	0.00016385064288066407	0.0001804095458755739	0.00018673111764588152	0.0001821932083989888	0.0001932636214348144	0.00018823426979138152
268	0.0001505195849586368	0.0001497501954474684	0.00016030981462675405	0.00017527117710685092	0.00018079905474418693	0.00017773785719143952	0.00019258440583463365	0.00018840280060020427
269	0.00014671541494943785	0.00014752171586441442	0.00015765525583510932	0.00016953446510762293	0.00017452267431405266	0.0001731859555441869	0.00019112518962560287	0.0001885839801924898
270	0.00014362210220581053	0.00014493706562150949	0.00015545590022111112	0.00016365063925501255	0.0001679846743235196	0.0001689375142209211	0.0001886345292919886	0.00018822908661249112
271	0.00014127249847948212	0.00014191616702726993	0.00015332076028135895	0.00015819084818974107	0.00016142742430693847	0.00016510153522979556	0.00018503024376153457	0.00018692452179150404
272	0.00013933467416688027	0.00013901173472952725	0.00015109423149131155	0.0001534953252036034	0.0001550185199791562	0.00016152661708630995	0.00018036600718144476	0.00018460349700476667
273	0.00013733788554707246	0.00013690746559903914	0.00014869716414963073	0.00014948531037216626	0.00014899095473144255	0.00015808113911078712	0.00017485625050717274	0.0001813666284142807
274	0.0001349131963528387	0.00013590393723609726	0.0001459597313618639	0.000145893698715476	0.00014368997402172283	0.00015480652178039603	0.00016886039627547856	0.00017733300466258242
275	0.0001319827627477521	0.0001357216985664522	0.00014299083608784052	0.00014256559345795898	0.00013941590535351795	0.00015175116397376912	0.00016275499050912468	0.0001726061533738295
276	0.00012870342264814	0.00013579799878699766	0.00014028043089836317	0.0001394759134012336	0.00013626597913861448	0.00014909787129294418	0.00015682030117969344	0.00016743652374541173
277	0.00012519799860712927	0.00013556851510448129	0.00013832167814229607	0.00013659156424272276	0.00013414806904175344	0.00014693495001073874	0.00015121581488418507	0.00016213667969038387
278	0.00012151388696548314	0.00013471055810190122	0.00013713352846671657	0.0001338832422213014	0.0001329161785142425	0.00014504135220267677	0.0001460147333024098	0.0001567584614910788
279	0.0001176884511711422	0.00013323450664612984	0.00013620949821237694	0.00013145031811384174	0.00013242481192107426	0.00014306578195092944	0.0001412251079242245	0.0001512448025575535
280	0.00011379634992546052	0.00013131355137938872	0.00013486793146712895	0.00012951418972437608	0.00013227981524325033	0.00014073989254769222	0.00013678221426428948	0.0001456528840460362
281	0.00010996481302565814	0.0001290591075755586	0.0001326101287902939	0.00012822338117088184	0.00013191721524925197	0.0001380629599200012	0.00013256940780408572	0.0001401905990229912
282	0.00010633099648762448	0.00012633421499930148	0.00012953122477231662	0.0001273484390987459	0.00013111592477417985	0.0001351895955537673	0.00012842227608798074	0.00013506504000771277
283	0.0001031005836043869	0.00012292920301853612	0.00012617744031034905	0.00012641592345464904	0.00013009648438602013	0.00013237075070067703	0.00012431914909497612	0.0001304673089801328
284	0.00010053140461866423	0.00011884084326522129	0.00012304822472441443	0.00012525598214328253	0.00012918878976922964	0.0001296968096172676	0.00012047567073976733	0.00012649334265774407
285	0.00009866698773511758	0.00011425158765226536	0.00012016509885822343	0.0001239559853063816	0.00012852135995620502	0.00012712388595559817	0.00011717367341188323	0.000122918753901209
286	0.000097317357223834	0.00010941079373678452	0.00011723937223073732	0.00012263497495938858	0.00012781180418742003	0.00012455064866739277	0.00011450916819139329	0.00011939009737049781
287	0.00009631276125075537	0.00010453517871762681	0.00011406128035342655	0.00012137468417859181	0.00012675810925570307	0.00012189942423673009	0.00011240787041515882	0.00011576551485750327
288	0.00009564757416392924	0.00009990551947845656	0.00011058256282676556	0.00012015770386572597	0.00012536259875760232	0.00011921904140133463	0.00011067750554295069	0.00011222744744448666
289	0.00009535254143940464	0.00009587397564856355	0.00010690780325459745	0.00011886224973767954	0.00012376055184818113	0.00011671106411675196	0.00010913368100526988	0.00010925113979350529
290	0.00009528266742547372	0.00009269643254450014	0.00010332556195485954	0.00011738311514099854	0.0001220647101550251	0.00011453448203800235	0.000107801550758409	0.00010720088504191666
291	0.00009527184644026973	0.0000904738729719367	0.00010009120102835454	0.00011563608076893663	0.00012020930639618361	0.00011264991510343446	0.00010695605230391792	0.00010603968013639828
292	0.00009523773897558889	0.00008909285029886766	0.00009729631906220367	0.00011340639631054477	0.00011803802002428212	0.00011081963429375544	0.00010675420551854123	0.0001055156313153031
293	0.00009513978413662103	0.00008823016370826145	0.00009500705939368444	0.00011047178577539971	0.00011538232042498178	0.00010879113605980591	0.0001071156351942651	0.00010518975503213768
294	0.0000948372216353978	0.00008759850888846851	0.0000932957250928332	0.00010679322227650802	0.00011206430640960437	0.00010654669014438072	0.00010774918201096479	0.0001047079646230895
295	0.0000941117625224758	0.00008719946926862227	0.00009213305327482121	0.0001026607116541903	0.00010804364442424156	0.00010435513795901018	0.00010830534418819154	0.00010408093921082559
296	0.00009287562365129701	0.000087213229661604	0.00009140352023406784	0.00009866052794194398	0.00010347771631130823	0.00010246145618234362	0.00010854971844255731	0.00010351492784846746
297	0.00009129282811289853	0.0000876800060029705	0.00009093537981480611	0.00009523193154383869	0.00009868820999793357	0.00010089809370025815	0.00010845572878590748	0.00010313367442245449
298	0.00008966812488024248	0.00008843796383828549	0.00009059740875949052	0.00009237067267588889	0.00009400266456956851	0.00009943761313518599	0.00010810712873504968	0.00010295133594057794
299	0.00008823560444903078	0.0000892986699187863	0.00009030572247562059	0.00008978039799244889	0.00008962530536451851	0.00009784873726392064	0.00010756337673691148	0.00010295608166885929
300	0.00008700387143904459	0.0000901736404567273	0.0000899773781927602	0.00008716644525721894	0.00008570625427636164	0.0000960401314965786	0.00010680744764101263	0.00010315551661872139
301	0.00008572955286835546	0.00009097850694948418	0.00008951490062087353	0.00008442506252044897	0.00008235805873791073	0.0000940372377820634	0.00010585202748127958	0.00010337649416328295
302	0.0000841626723063632	0.00009149835062206126	0.00008880910553226303	0.00008179144256516754	0.00007964807760367882	0.00009199090784254678	0.0001046861168097067	0.00010329801346577263
303	0.00008228837649887042	0.00009148382983702209	0.00008773242498298231	0.00007962749287340873	0.00007762977992292317	0.00009010038804837111	0.00010321902933941698	0.000102582698261294
304	0.00008031765557836568	0.00009077125438095943	0.00008619238007356368	0.00007803623625434837	0.00007627925363647992	0.00008854318412652229	0.00010128306182652072	0.00010107940875533096
305	0.00007851881909926095	0.00008936652442442363	0.00008429377728526916	0.00007683824887166408	0.00007550604304328625	0.00008739242736848132	0.00009878154258574249	0.00009899358942508324
306	0.00007709875507623658	0.00008746598304902709	0.00008224537328611657	0.0000757866008236425	0.00007516438796377086	0.00008643396666024602	0.00009581376879137987	0.00009660520695076848
307	0.00007614189334272549	0.00008534337395639832	0.0000802206589458406	0.00007467457349990769	0.00007508300878610871	0.000085347534361875	0.0000926614685562005	0.00009395320712896819
308	0.00007558382010682129	0.00008321761080705345	0.0000783397865977938	0.00007343718528389491	0.00007526943520217131	0.0000840456381078158	0.00008950185811928305	0.00009102221006515357
309	0.00007529299963275747	0.00008118981978386034	0.00007667818500034252	0.00007228038736385812	0.00007580525387061993	0.00008275069288894852	0.00008631470331320935	0.000087996952520425
310	0.00007510194532508309	0.00007931291145353488	0.00007519433527214929	0.00007150923703700345	0.00007664595756860764	0.00008166556856591174	0.00008305565470978492	0.0000851470865022089
311	0.00007479491511024339	0.00007756631124563287	0.00007371750588993256	0.00007126870085766055	0.0000775462879094232	0.0000807936708889064	0.00007985443710190266	0.00008262614404227213
312	0.00007427047017006634	0.00007583249201193879	0.00007213639686202782	0.00007140127867322794	0.00007811286793312159	0.00007992480366995693	0.00007691127641537855	0.0000803363679374609
313	0.00007357626011707998	0.00007392239542707075	0.00007046750160953768	0.00007158160544008223	0.00007801329445806301	0.00007875239152068387	0.00007427645036719982	0.0000780413705237063
314	0.00007276656620581139	0.00007176604848307155	0.0000688163223409667	0.00007157145634375624	0.00007720021664410127	0.0000771484232382	0.0000718179489731204	0.0000755925075877819
315	0.00007187994167442505	0.00006958984623758891	0.00006735361892004652	0.00007141124965303353	0.00007598515907535563	0.00007533821922378781	0.00006943359906805417	0.00007310595960155468
316	0.0000709178930395515	0.00006770762484472466	0.00006630239879909988	0.00007128449968774638	0.000074760900743858	0.00007368388537799476	0.00006723796101708795	0.00007089190819426373
317	0.00006988073740951103	0.00006625738058942326	0.00006580488048952884	0.00007133729713378872	0.00007377571613360006	0.00007231032957784907	0.00006548055671028526	0.00006931759827243456
318	0.00006881055918481836	0.00006512641287863567	0.00006578701780282803	0.00007160370485994612	0.0000731315459331062	0.00007105394564986122	0.00006428088244514593	0.00006850744937053797
319	0.00006777118709121401	0.00006418318550459147	0.0000660983690765292	0.00007193496604602209	0.00007269785574962753	0.00006964162856447372	0.00006354427085039212	0.00006826297871478797
320	0.00006680781414016986	0.00006339829049753836	0.00006658014507452855	0.00007212959399420885	0.00007214755486084556	0.00006804339944986796	0.00006302874758974042	0.00006828567134462039
321	0.00006593536590104004	0.0000627064571678934	0.0000670566822333329	0.00007207562739658026	0.0000711989499656818	0.00006647396194604686	0.00006256774435766402	0.00006844528195497127
