pixel,1400A,1450A,1500A,1550A,1600A,1650A,1700A,1750A
1	0.00006401101178343457	0.00006333328990854999	0.00006369310354669292	0.00006908554025189298	0.00007100526131382622	0.00007121764775526771	0.00006780673939981891	0.00006521721933220715
2	0.00006443905824815849	0.00006440331092122632	0.00006386616541385487	0.00006964867305638165	0.00007121260240044064	0.00007228288449910488	0.00006885434426639931	0.00006580687728276783
3	0.00006473543676910668	0.00006567533330564666	0.00006428998289777875	0.00006984056943676415	0.00007102785921879954	0.00007318795331192512	0.00007006015065539329	0.00006655568428740649
4	0.00006493336747225882	0.00006696607458318335	0.0000650120195776039	0.0000697033068319939	0.00007067160829038033	0.0000741010568674411	0.00007139206261899286	0.00006756420174878056
5	0.00006497608272411943	0.00006810210087784515	0.00006607163054176026	0.00006952527075508809	0.00007041519767519213	0.00007532193195826657	0.0000727897221709243	0.0000689021102929285
6	0.00006487903424178714	0.00006910197369373514	0.00006753763914094992	0.0000695671664974208	0.0000704437703602805	0.00007695727159660201	0.00007421554965698065	0.00007068822359250632
7	0.0000648056294128198	0.00007011632297911618	0.00006943720725890404	0.00006986888637003636	0.00007085876510355571	0.00007875572135664231	0.00007569050978462463	0.00007294828635544525
8	0.00006496288597708147	0.0000711842371238626	0.0000716154001564999	0.00007037114313250324	0.00007166476621448166	0.0000803381269481722	0.00007723588829353476	0.0000755893156504078
9	0.00006544110245564951	0.00007215143273638933	0.00007379837776022543	0.0000710388191609473	0.00007279458677300595	0.00008147962096042698	0.00007879841587141287	0.0000784572132552217
10	0.00006609576415635895	0.00007281578696971849	0.00007583498780551626	0.00007190304502270333	0.00007414998386499079	0.00008215424373138298	0.00008040854411111621	0.00008143318229782308
11	0.00006671698811393256	0.00007313061861868545	0.00007778471925085866	0.00007312009844903258	0.00007558802594356115	0.00008247237745942964	0.00008216819541032933	0.0000844809270301246
12	0.00006723666566970193	0.00007330294841609635	0.00007973155719789138	0.00007483547178673404	0.00007694411028448926	0.00008259790104992644	0.00008409843840675172	0.00008760863643189988
13	0.00006774343423844481	0.0000736965085797052	0.00008170867991415393	0.00007700205599579008	0.00007820117217218687	0.00008269627019167376	0.0000861070316245103	0.0000908162172949762
14	0.00006841412033437139	0.00007457317620884785	0.00008376267487057377	0.00007939707520748397	0.000079402978477978	0.00008290011455329122	0.00008799603877675784	0.00009413890463024303
15	0.00006940452036180214	0.0000759218514445916	0.00008591677876594113	0.0000818302993726843	0.00008053995632437471	0.00008326754896013825	0.00008970104275044452	0.00009750538703774946
16	0.00007082437645806349	0.00007755962489915775	0.00008801963784270969	0.00008421190061529486	0.0000816069471905683	0.00008384931045627443	0.00009140516805867141	0.00010079359362160953
17	0.00007283249131530024	0.00007925491425439499	0.00008974771351816046	0.00008653483356453136	0.00008275697917945089	0.00008469640305246569	0.00009337108571016123	0.00010396330833807947
18	0.00007554422064055314	0.00008089254290276996	0.000090907253390516	0.00008880844058511927	0.00008422514941372505	0.00008587351388146646	0.00009577530490756472	0.00010699384416928666
19	0.00007890467497148521	0.00008260092943653254	0.00009162268165298654	0.00009098797747045258	0.00008611379179114019	0.00008739755936203292	0.00009857025867233701	0.00010972107652010528
20	0.00008272132463107248	0.00008452389073940769	0.00009219389650101325	0.00009290762852282806	0.00008837444088926873	0.0000893179438942869	0.00010163302175393301	0.00011194438402239144
21	0.0000867038176829009	0.00008659526698736984	0.00009283464881349102	0.00009435541932134455	0.00009088265051377382	0.00009170044583511982	0.00010477005238917235	0.00011363560936940844
22	0.00009047706632048813	0.00008873780105984008	0.00009355163978347246	0.0000953124563146811	0.00009358454965029276	0.00009459006822064132	0.00010778461690901462	0.00011494203259459712
23	0.00009375792692904814	0.00009100671727463853	0.00009419985435134245	0.00009603206510982638	0.00009645134696446355	0.00009797272706158805	0.00011055516392888882	0.0001159164713625658
24	0.00009652443514850706	0.000093451542697341	0.00009450223574204323	0.00009686362164081367	0.0000994046959973806	0.00010182414577700254	0.00011303948087264613	0.00011650828271268019
25	0.00009893202228764327	0.00009596406090513994	0.00009418231254198275	0.00009795687221558937	0.00010241107252269373	0.000106116008369991	0.00011513880171850215	0.00011671435491365174
26	0.00010112535867707643	0.00009831371265285316	0.00009339431368179363	0.00009922863262506534	0.00010560017018440883	0.00011072817163127351	0.00011665409017305667	0.00011662232953808605
27	0.00010318181576781232	0.00010028072902399967	0.00009277630270865093	0.00010060835283344262	0.00010918012874805739	0.00011547828424975543	0.00011761765733485243	0.0001164058711304594
28	0.00010504938809378218	0.00010177680120092862	0.00009293419420532785	0.0001021799369517971	0.00011319749887303206	0.0001201184204965668	0.00011835900855847291	0.00011625574975307725
29	0.00010650955152401279	0.0001027900509674974	0.0000940845241958229	0.00010415517857646433	0.0001174732437097122	0.00012435794802873932	0.00011931060677388885	0.00011624562171576703
30	0.00010731473210007723	0.00010337106772091797	0.00009613346931905514	0.000106704904101522	0.00012162011107485205	0.0001279111701113311	0.00012079490058866371	0.00011641614203904329
31	0.00010738302076073205	0.00010368388378667076	0.00009898038299136888	0.00010986179788850648	0.00012521070296616857	0.00013058797699062847	0.00012283982081963494	0.00011676551756512811
32	0.00010683050537532706	0.00010395808983475062	0.00010249135143115812	0.00011333274891959255	0.0001280280809217278	0.0001324736566731964	0.00012526156648233984	0.00011726015253785687
33	0.00010594722908799053	0.00010443310155590342	0.00010633875732768742	0.00011674506560776318	0.00013003232793271622	0.00013385660195988752	0.000127777488777033	0.00011801334629875392
34	0.00010505792074849925	0.00010538714858591069	0.00011026225602082076	0.00012010826718980237	0.00013133234832420272	0.00013519322173669832	0.00013014180381923794	0.00011925570855980642
35	0.00010445049975631124	0.00010690183482705124	0.00011435985145629766	0.00012357715213905237	0.00013226039696246028	0.00013694553375229876	0.0001322268898550325	0.00012117195876614007
36	0.00010427781138313762	0.00010875773593881311	0.00011880032315740741	0.00012705551216593368	0.00013314411754236885	0.00013908877514491285	0.00013397114589500613	0.00012384835128555582
37	0.00010450647546021798	0.0001106807944072308	0.0001234293329795039	0.00013021607720982518	0.00013420774839564958	0.00014118230425088737	0.00013550911494326277	0.00012722488997981502
38	0.00010509201979810337	0.00011259842720772359	0.0001279891787852036	0.00013289301591019135	0.00013558846048937796	0.00014269647437286902	0.00013712201769421105	0.00013101461227861446
39	0.00010613180693037508	0.00011459930429968562	0.00013247708004003925	0.00013519665310558404	0.00013735283076635863	0.00014336203650829523	0.00013896254186179514	0.0001347456886216407
40	0.00010772568391946294	0.00011682575000470201	0.00013698570965538464	0.00013736599826680293	0.00013939803083040788	0.000143298365647195	0.00014109232734833068	0.00013814628045949177
41	0.00010993960898941394	0.00011953852151849357	0.00014123490187159507	0.0001395620554476226	0.00014146676719456293	0.00014307473310411374	0.00014371671470684983	0.000141583487270436
42	0.00011278655979165985	0.00012303113810310798	0.00014454423600239542	0.0001418751872580825	0.0001432476577736158	0.0001434602018692354	0.00014701015768520787	0.00014572092296950687
43	0.00011632404333756052	0.00012735018383234491	0.00014639055156218887	0.00014441528147503656	0.00014454593127409166	0.00014497154028247477	0.00015085099635810023	0.0001508484622538217
44	0.00012082737477577208	0.00013215543189603595	0.000147057621590242	0.00014715256278497235	0.00014547042240783853	0.00014755406192751064	0.00015488990882255057	0.0001569229529778471
45	0.00012639129811135724	0.0001369019540705483	0.00014744278057601554	0.00014998949710270948	0.0001465286524488587	0.00015064278354902727	0.00015892517412718365	0.00016371835202335595
46	0.00013258991956322002	0.0001411210384264588	0.00014835651645449052	0.00015280735811528312	0.00014837722631673615	0.0001535983301398777	0.00016293171130568433	0.00017091726546273825
47	0.00013885333424360302	0.00014455189931962054	0.00015002964988700593	0.00015536334600757643	0.00015134567310860945	0.00015620657744879417	0.00016671347263610454	0.000178105390338513
48	0.000144699108840079	0.0001472922093000279	0.00015213988279603837	0.0001575163873396174	0.00015537899877050292	0.00015895779481504415	0.00017017526362102315	0.00018484372817946247
49	0.0001497383420993343	0.0001499714328509529	0.000154230081842436	0.00015948259676927938	0.00016013213539620955	0.00016237475295229403	0.00017353446424169043	0.00019074885626914017
50	0.00015378337478116655	0.00015326781693693117	0.00015604820595929	0.00016170653547375308	0.0001652696517987494	0.0001665881898318252	0.00017729142726362579	0.00019575104875745495
51	0.00015691837408528115	0.00015729007517661586	0.00015760328031100388	0.00016447556137931814	0.00017062357953362612	0.00017139745791105093	0.00018181625401332948	0.00020014748821026648
52	0.0001595502887679854	0.0001615752748177587	0.00015915078813694364	0.00016795043873248143	0.00017606330219826604	0.0001766471912990246	0.00018707655920555377	0.00020428031863740283
53	0.00016221719588429656	0.0001654684530076105	0.00016107771171914348	0.00017218913771785586	0.0001812797225062044	0.0001823540507884333	0.00019277105423534798	0.00020823260357777666
54	0.00016516367479680412	0.000168529711950786	0.00016378112901709862	0.0001770771049166719	0.00018591952389727758	0.000188603077652098	0.00019873229608998236	0.0002117861951018964
55	0.00016827073672482677	0.00017075519488292127	0.00016751485774938536	0.00018213008257481745	0.00019009478916835496	0.00019537153724642168	0.0002048938447668162	0.00021468677565423297
56	0.0001710949327935317	0.00017247603192181135	0.00017236439441252257	0.00018692954891458426	0.0001943626249204708	0.00020246505172629212	0.00021090224368417465	0.00021671645514338873
57	0.00017319327778462991	0.0001743326932742395	0.00017814201912365966	0.0001915024560442928	0.00019929290663093778	0.00020959734828476925	0.00021611083362611238	0.00021760873322923543
58	0.00017453818256324123	0.0001770776661921337	0.00018450497304847927	0.00019605573257782007	0.00020520176438739297	0.00021646025599946164	0.00021990962450942726	0.00021718018930629997
59	0.0001755279658286152	0.00018113233893449288	0.0001912782187654452	0.00020077806384142968	0.00021208687896980452	0.00022285051158689152	0.0002221396605282999	0.0002155215183739139
60	0.000176739805172445	0.0001863405649704961	0.0001982545767608455	0.000205775452667179	0.00021946994437136962	0.0002287254575463726	0.00022319360713416502	0.000213246290553767
61	0.0001789482233017089	0.00019219149796860873	0.00020497002402281803	0.0002112635949476277	0.00022672672888590106	0.00023402766723157372	0.00022372978217477456	0.00021125863990021897
62	0.00018275441159177334	0.0001983617497163804	0.00021126495598951462	0.0002174616667511822	0.00023328926212070396	0.00023852441106271178	0.0002242805669535126	0.0002104111034502885
63	0.00018805227646894325	0.00020456126956036637	0.0002175711387093355	0.00022436257189780695	0.00023873017648242905	0.00024187341558187816	0.00022511396579770658	0.0002113557763465565
64	0.0001942114262814271	0.00021026572565073637	0.00022447364531873626	0.00023185667763277353	0.00024277686062390176	0.00024399113347664214	0.00022643773092890173	0.00021451592914608364
65	0.00020066834546081714	0.00021532587180948253	0.00023214776019919096	0.0002394917991165865	0.0002453547505136929	0.0002451406779829849	0.00022835759154838227	0.00021977744295971488
66	0.00020718688139584053	0.0002204934202929962	0.00024019951097676366	0.00024659163129091917	0.00024688143819697774	0.0002457743756225862	0.00023097936499701015	0.00022637153068760771
67	0.00021386872690644162	0.00022686572616567298	0.0002479502623086316	0.0002526095496522887	0.00024805227350303615	0.0002464592385533386	0.00023443016409991504	0.00023301557822619245
68	0.00022100334127586548	0.00023502435927855503	0.0002547828979801447	0.00025744781396704584	0.0002495176973787001	0.0002478034019774587	0.00023870126331454832	0.00023848954577243166
69	0.00022883368877870365	0.00024471712726750375	0.0002603972254250712	0.00026123612762206133	0.0002515695979865055	0.000250410740568672	0.0002435430622505064	0.00024216895103927144
70	0.00023751628549442984	0.00025481860173429995	0.00026479890510218933	0.0002641989076667988	0.0002543611074584959	0.00025435372856928094	0.0002483875667588937	0.00024432054675323033
71	0.0002472139553905968	0.00026394713533629745	0.00026834530660399704	0.000266831488261261	0.0002581152001839012	0.0002593251698671625	0.00025247023950125094	0.0002460119481948001
72	0.0002579377810758539	0.0002714050542665101	0.0002715124439114142	0.00026961252550950973	0.0002630109442061049	0.00026484276986219233	0.0002557234299138291	0.00024927675562506685
73	0.0002692240506608592	0.00027738864682538703	0.00027466150229541	0.00027286158662154816	0.0002689361522516749	0.00027020846286674507	0.00025883593525417593	0.00025640695468714416
74	0.0002800332682204565	0.00028264104996126915	0.00027820397540411884	0.00027704787386746395	0.0002754781041992059	0.00027480217900347067	0.00026296022477934587	0.00026845161273522856
75	0.00028911502130728206	0.0002878106581796955	0.00028247670088259766	0.00028296617723053786	0.00028208123878561216	0.00027875376601751593	0.0002696516781503009	0.0002846922116643292
76	0.0002958610943683148	0.0002929560233271125	0.00028776397870203176	0.0002910291732675927	0.00028825262960057314	0.0002826427349831595	0.00028042106406313966	0.00030365758090986945
77	0.0003009593922138292	0.00029799466759621794	0.00029447854785956217	0.00030060029813682625	0.00029395531295282196	0.0002878282591196736	0.000295854725994372	0.0003242124066333506
78	0.000305897706844117	0.0003030924602458399	0.0003031975846721001	0.0003102876653236916	0.0003000463515382959	0.0002964080320464483	0.0003152905632871233	0.0003459313773184482
79	0.00031145963686967737	0.0003087033557388741	0.0003140866950928625	0.0003188872703248173	0.00030806763882581004	0.0003103819835088039	0.0003373804079987792	0.000368641976812267
80	0.0003173049676854949	0.0003160052798181554	0.00032657335694978796	0.00032608695695577	0.00031977911748719165	0.0003300719490106511	0.00036088374633162535	0.0003916130336320619
81	0.0003227980355045145	0.00032610614658369776	0.00033941435063513444	0.0003327748115527781	0.00033664018263327794	0.0003540132180576973	0.0003850357659523157	0.00041359078165132947
82	0.0003279190616503729	0.000338884571403256	0.00035151382280410693	0.0003411577810460012	0.00035891803048857137	0.00038070573453846516	0.0004094319973583006	0.0004340647469726291
83	0.0003337713855309168	0.0003531733502589057	0.0003631597134447825	0.00035398826092596254	0.00038548502750279895	0.0004094346532334585	0.00043380067464898156	0.0004539918478853787
84	0.00034214210803185894	0.0003677442857927725	0.0003757775863114661	0.00037327713315631284	0.0004149595424835049	0.00043947867093857855	0.00045817723786606407	0.0004752241365258823
85	0.0003543287720342841	0.00038208448722473314	0.00039138522877685684	0.00039926348393574154	0.0004466134926520536	0.0004698622463025842	0.0004832581475617789	0.0004987519851851685
86	0.00037017785998606914	0.00039654347256197085	0.00041224922200913265	0.0004309740137269499	0.0004797993684657412	0.0005001233396909165	0.0005103452790877318	0.0005239950389565145
87	0.0003886452282532985	0.00041218961244334477	0.000439928951881085	0.0004673934831087226	0.0005135727088187297	0.0005307710726646877	0.0005401229672517238	0.0005492972551516386
88	0.00040872884185259834	0.0004311023596068308	0.0004741682778616138	0.0005073389311798406	0.0005475128408115751	0.0005631974170957131	0.0005714612257930414	0.0005732557558262566
89	0.00042995541867568097	0.00045614355747239333	0.0005136729935669184	0.0005488786941468701	0.0005824082639857957	0.0005984824545581813	0.0006022952268450959	0.0005958213998311904
90	0.0004530614407992989	0.000488882343234027	0.0005573854522932278	0.0005901421438045864	0.0006198176583581284	0.000636245750503443	0.000631934797108246	0.000618773236279663
91	0.0004801519027274759	0.0005285458424667212	0.0006041012751870481	0.0006311137508532742	0.000660727790807887	0.0006745368850552537	0.0006617223767533275	0.0006452933648698487
92	0.0005138427058158141	0.0005738623468605996	0.0006520303525875138	0.0006733010835116841	0.0007044867894109825	0.0007119417973762379	0.0006946467985382602	0.0006786485105116093
93	0.0005555751783419076	0.0006242476569992462	0.0006998946169143547	0.0007186293084826132	0.0007492549913451745	0.0007493585527516563	0.0007338576674220303	0.0007202259579497419
94	0.0006046750263481652	0.0006788523741323301	0.0007482858274113839	0.0007683033627545369	0.0007943096219901661	0.0007901488457138454	0.0007817122017297115	0.00076911726067842
95	0.0006600036992474138	0.0007360281585091779	0.0007993650896982873	0.0008215462690848144	0.0008411366653795004	0.0008380558557321053	0.0008390875900175748	0.0008238149417479131
96	0.0007213085140708709	0.0007949839512261424	0.0008552219031756799	0.0008764001788911843	0.0008931079566879347	0.0008958377655914689	0.0009049864161800465	0.0008838298789246369
97	0.0007878979711543849	0.0008569303064136587	0.000916205860860177	0.0009327797165024363	0.0009537351459391344	0.0009642682634622779	0.0009773010648617888	0.0009501962107553766
98	0.000857670298518	0.0009236715912457703	0.0009808029118321094	0.0009940603996351882	0.0010256134456069102	0.001042364174211947	0.001054481873063874	0.0010244888368640132
99	0.0009291154703291305	0.0009954046712980027	0.0010477831123462174	0.0010652601912729493	0.0011099682359643696	0.0011280056104798308	0.0011374625739825998	0.001108117985612632
100	0.0010029686408396265	0.0010712217769772781	0.0011187881505740213	0.0011503556216383112	0.001206651576770443	0.0012193877993485532	0.0012285742285494824	0.0012023584746394956
101	0.001081705055322565	0.0011506263715093874	0.001198608961936207	0.001250516027635966	0.001313543317435988	0.001317522760423895	0.001330639495221085	0.0013084420957401805
102	0.0011672849609536838	0.0012347632502468337	0.0012924072398172795	0.0013643567926671435	0.0014276270897129319	0.0014255674983854522	0.0014468918194778942	0.0014273900353703303
103	0.0012597805296556447	0.001327480068457094	0.0014031386165283366	0.0014885891917100855	0.0015489012562904358	0.0015475317968524482	0.0015788315340951832	0.0015592409057813845
104	0.0013578330191648432	0.001434109994532249	0.0015304195681721648	0.0016198418209092443	0.0016810341084395183	0.001687121619700006	0.001723795664666087	0.0017018488285990656
105	0.0014623108148528261	0.0015593529082931653	0.001671155060918497	0.0017591061239934395	0.0018287229754792658	0.0018448484313808957	0.0018768708505736463	0.0018524360418787655
106	0.0015787340267807734	0.0017039525734002148	0.0018207571536728983	0.0019115063481489026	0.001993930721866816	0.002016014991116163	0.00203501759029506	0.002009979231242101
107	0.0017134204195462216	0.001864131184355501	0.0019780974548002294	0.002082003464691562	0.0021730170160495807	0.0021937344450002594	0.0021982302371020878	0.002172113615057489
108	0.0018690821101669905	0.0020339252708991896	0.0021474902139294954	0.00227151608526216	0.0023589598189579495	0.002373577065749327	0.0023650131631085627	0.002328754150777717
109	0.002044128775967074	0.0022115173849409156	0.002336174357692587	0.0024755677656656608	0.0025474471746698393	0.0025533142528591916	0.0025273943816987742	0.0024676919590839222
110	0.002234390842100271	0.0024008502182752316	0.0025489008195681293	0.0026874669262532142	0.0027381789348164902	0.002729119111161475	0.0026755169810724817	0.0025882779142176004
111	0.0024373995476477156	0.0026102625846770823	0.0027816995143060373	0.002902245931319857	0.0029269325365330395	0.002893210349769888	0.002808499447711734	0.002705912770029194
112	0.0026546912922807107	0.002847883816447608	0.0030232018354884437	0.0031166773768457725	0.003104335965309762	0.003041091935819497	0.0029387471731598808	0.002838120656177779
113	0.0028933501941428748	0.0031126694527633236	0.003261455422960408	0.003324254919241931	0.0032636360501534234	0.0031793876436326204	0.0030793234701682335	0.0029858943152074944
114	0.0031617414390624167	0.0033912981804616847	0.003487994654336153	0.0035135656822478678	0.0034111481256936804	0.0033223271451372333	0.0032284407192038115	0.003138037870813173
115	0.0034573315861039376	0.0036649688287940527	0.0036969773589389287	0.003680289262358411	0.003566205037476109	0.003477593668383615	0.0033788825472797885	0.0032896341263547926
116	0.003762619421751848	0.003918478823868391	0.0038838876056236163	0.0038385298661435083	0.0037410870312008606	0.0036450480381700822	0.0035370571593022265	0.0034543388297523406
117	0.004056740979417822	0.004142340761205498	0.004054308975074548	0.0040094797389953404	0.003927463514857335	0.0038309527539089777	0.003726506324999525	0.0036609668690771144
118	0.004325306713252624	0.004333341306943948	0.004229043397607683	0.004199551259119413	0.00411809497706026	0.004055359597266623	0.003973157881857383	0.003935406850885553
119	0.0045606938930960695	0.004504638284632696	0.0044256892084708925	0.004404850128062648	0.004333403125804221	0.004342622375662153	0.0042908055043982115	0.004281248702062165
120	0.004765736807456849	0.004688006938027847	0.00464209946383645	0.004636015540839661	0.004614653264517947	0.004702790880704052	0.004678246297656765	0.0046774487125424875
121	0.004961068811714942	0.004909410526974856	0.004877582482001254	0.004923882505482608	0.004988624345108969	0.005128956438695322	0.0051215263862269544	0.0050913600416552865
122	0.00518129164339845	0.005169303785377118	0.005158574458769461	0.005297649588580868	0.005450168810893117	0.005606734068257128	0.005592627671704832	0.0054977197540212065
123	0.00545167357376039	0.005460610908794538	0.005525118958771985	0.005766853305396523	0.005976408977165007	0.0061137206335225595	0.006056577314635748	0.005887780194174773
124	0.005767893307780786	0.005800240487383396	0.005996419379517918	0.006322383337256416	0.006533119210357892	0.006615635406634048	0.006488770291560623	0.0062629488044883
125	0.006114832453833695	0.006229545043266075	0.006561773383843821	0.006933136274896272	0.007075426067295404	0.007081746329380562	0.006889608511259014	0.006638797578008998
126	0.006509818583635154	0.006776024461999245	0.0071938339606518855	0.007543011648336924	0.007568451411522042	0.007512048145875436	0.00729256687792615	0.007053095673560195
127	0.006999318226144819	0.007423778360618423	0.007846142326242126	0.00809721876886163	0.00801525809708018	0.007952636890529472	0.007753027680791409	0.007557603568466568
128	0.007612177908665701	0.008120742573359166	0.008463618661432084	0.008589912725376144	0.008474886170405767	0.008469148664833982	0.008315919447210484	0.008178178711010496
129	0.00833966308526297	0.008809891872803751	0.009026657988036552	0.009086897215673986	0.009022155982749325	0.00909457678316204	0.008972523136945253	0.008870564651874161
130	0.009142865425037417	0.009460319162813908	0.009581917217358812	0.009672329231989123	0.009684096994332097	0.009790234618479289	0.009653681646483548	0.00953837474090589
131	0.009969618160072231	0.010084151877689787	0.010212178510573426	0.010378088398413109	0.010407751414927169	0.010472995506878576	0.010280842886376169	0.010105662811526165
132	0.010772435448549124	0.010743740642748925	0.010969230193350768	0.011154338954232306	0.011111916813038232	0.011087467634346475	0.01082436531158696	0.010569715443733793
133	0.01154742415803238	0.011516077869879378	0.011830023414671225	0.011922927732561161	0.011768789662422795	0.011645210952402715	0.011319563747238033	0.011000660969936333
134	0.012372724379667419	0.01243877712173534	0.012723304931374907	0.012660752800389988	0.012423007692902922	0.01221515653128818	0.011849077178833753	0.011503237795944277
135	0.013356233516268098	0.013481516179425402	0.013606870354798007	0.013419052761000572	0.013164773429504102	0.012901148177272692	0.012515960896188607	0.012169550923920297
136	0.014538213133833926	0.014584246064970748	0.01450576126915817	0.014298987713644339	0.01410104130545772	0.013810047627725532	0.013404209511972411	0.013036249610292993
137	0.01586024996142678	0.015713927269847938	0.015519228749618814	0.015418839710847086	0.015302036644435475	0.014982914642924835	0.014504837310373324	0.014061967274955406
138	0.017244331155846983	0.01692285467188198	0.016792086199971776	0.01685152751664764	0.016740870807931435	0.01635282416092255	0.01572746196647531	0.015155028135799798
139	0.01869197048025563	0.01837121101770804	0.018438058620779036	0.018580315163527546	0.01834098979850174	0.017836611299409416	0.017019985808990907	0.016284623773839622
140	0.02036293159129718	0.020269022643649607	0.02048084334380058	0.020541477504078517	0.020102636746783267	0.019477140641038	0.018496824973136927	0.017594189049417817
141	0.022521746128447064	0.022724662270944964	0.02287534442902857	0.02274645770421208	0.022174195551218592	0.021443746206783576	0.02035123315153597	0.01930134421589518
142	0.02536083952214263	0.025652888120420925	0.02560859837506703	0.025355099253891317	0.024728270101685625	0.02384585393185146	0.0226617709646268	0.02147262563382273
143	0.028851911181597387	0.02895612913096762	0.02878094655834374	0.02846910851919764	0.027748868731055164	0.026636035791993563	0.025308525698502064	0.023981462062588596
144	0.03284089024302234	0.03270831837906034	0.03243158380274947	0.031953661257135495	0.031028263216896824	0.0296679315853493	0.028141395181259476	0.026711298536986283
145	0.037276167078423336	0.03690730998048909	0.036369291071111066	0.0355418155588412	0.034381113280798896	0.032815305636185226	0.031065609375497887	0.029550577320615685
146	0.042186027091558276	0.04129243562926206	0.040346087635581916	0.03911281833081439	0.037742873934753375	0.035974220248139545	0.033951858920446276	0.032307157477193614
147	0.04749793331348663	0.04569822651229714	0.04434223804193655	0.04273718817810434	0.04119634445365184	0.03922153077301774	0.03691881167373832	0.03508146708038631
148	0.05326250817812774	0.05035589760293468	0.04864374271091403	0.04684883806407398	0.04524778023937996	0.04310409866902674	0.04063169160672195	0.03854985344891296
149	0.06007699798425252	0.05606884891367865	0.05410291254222272	0.05246630810035179	0.05091125369268666	0.04858140796395893	0.045990809314202574	0.0436955464904487
150	0.06933374292826255	0.06445212740317086	0.06232714972191913	0.06113851835422331	0.05966392403581468	0.05710087511289312	0.05424651605978701	0.05181640789453818
151	0.08343428808318674	0.07796368233185966	0.07584753233488312	0.07534796347048285	0.07407126134164145	0.0712464156802866	0.06779910490774406	0.06504945970003692
152	0.10563515937336146	0.10015764148186987	0.09863401443393564	0.09901796246091746	0.09805910227468803	0.09483362996901352	0.09027571947053636	0.08633838412712144
153	0.1398314104955642	0.13551979792153393	0.13537014632289948	0.1365662973505093	0.13560945211234604	0.13151235781601353	0.1250597132609568	0.11850371268246868
154	0.1905593888278199	0.18799116168968777	0.1892081310379454	0.1904808566614307	0.18868364663192758	0.18297394290121494	0.17373487565189316	0.16356902997001088
155	0.2635816377013775	0.26063423451290685	0.26148018977859866	0.2615064298838586	0.2579842104368125	0.2500219582714595	0.23758084941036495	0.22439346586819053
156	0.365590183884816	0.35864848887546213	0.3566974533099335	0.3541301486317576	0.34807480687643166	0.3373798401175383	0.3220939613478629	0.3079237378738557
157	0.5012094919304643	0.4906646363220495	0.48565893173565156	0.47997480779095636	0.47078364072855033	0.4572077050316959	0.440042698344787	0.4269552739830692
158	0.6673471121787682	0.6597641717227438	0.6545545944646751	0.6467159466255644	0.6350294521669899	0.6198518965615808	0.602808432317123	0.5918794177899164
159	0.8415794620030708	0.8426808255636697	0.8405252008151878	0.8330218792868954	0.8217783733221632	0.8085869652013012	0.7950522339110626	0.7866872249176797
160	0.9722552452480531	0.9784729031437388	0.9792669659122554	0.9751389537778101	0.9686914065931485	0.9617318381111244	0.9548745613607189	0.9497239938531342
161	1.	1.	1.	1.	1.	1.	1.	1.
162	0.9096659173071746	0.8967593934875417	0.8931312435281487	0.894799424838452	0.897895989398283	0.9002762165642134	0.9027906928209317	0.9081444411441504
163	0.7477923419821032	0.7281621940035232	0.7225541754877296	0.7236170437720291	0.725802158246045	0.7258589720714063	0.7256212914867651	0.7311677263880474
164	0.5764197203349899	0.5610690964268147	0.5573605405886205	0.5579323189785942	0.5582766555709199	0.555043052855719	0.5498094245707593	0.5492883158915506
165	0.4306088344315134	0.4252133462023916	0.4261719078360932	0.427789502320557	0.4275090226419949	0.42222199979288516	0.41242830767387717	0.4035187862426853
166	0.3164843246546745	0.31973805215011525	0.3256021054193151	0.3292587818948541	0.32926148767739577	0.3229677137647869	0.31026467885202647	0.29514552489652396
167	0.22978787865197386	0.2371369055472461	0.2454500226809584	0.250384257200384	0.25041821158284455	0.24374091501751788	0.2307386175214533	0.21420744238396996
168	0.1658570690846825	0.17361891259857756	0.18145324910816843	0.18613331060904278	0.1856969907095074	0.17929311194187103	0.16827742470949555	0.15425267042850416
169	0.12075356530341419	0.12701155819839716	0.13289545140943634	0.1364818379882118	0.13551581145359703	0.1300267482114481	0.12175460410383997	0.11132972063970896
170	0.09056765812186715	0.09474335811239186	0.09858779277036146	0.10094661431953873	0.09952152648867818	0.09523608888432102	0.08936605510975418	0.081917552353878
171	0.07158758333689219	0.07381061063628064	0.07610135085178786	0.07730485077605251	0.07543286386616795	0.072158464976498	0.06791303808311541	0.06257172949778553
172	0.06043710427626081	0.06095669323951146	0.062144893651790885	0.06241375822810197	0.060317674695431596	0.05766698251407994	0.05413449939357932	0.050146291081657246
173	0.05378965684165544	0.05287805984393624	0.05317523582013867	0.052879701468125845	0.05101903071833047	0.04887566311043311	0.04550982656638108	0.04220871922441493
174	0.04871835981932212	0.046801476125165345	0.046357433393478704	0.045847534227278754	0.04457418994170346	0.04309689239144202	0.04008016665817821	0.03714961725097327
175	0.043580182620935444	0.04128741042903962	0.04033185939234864	0.039727685460119976	0.039022462168957835	0.038317796503320685	0.03621443672536281	0.03383783455851007
176	0.03809417998014942	0.03612779699651279	0.03502139928150819	0.03430143486309266	0.03383591288930928	0.033653056218994906	0.03266190664002687	0.03126310213880363
177	0.03264564809260462	0.03148535827850332	0.030640588144735383	0.029859344970817662	0.029360016908998872	0.029268629246593222	0.028972937414102937	0.028633314921682546
178	0.02784744855839677	0.027469430682053188	0.027129676583941203	0.026452630907590504	0.025889224413489658	0.025597720340394117	0.025457710582194003	0.025728274601296713
179	0.024279091774030523	0.024179531489730746	0.0242319526349068	0.02384101690819418	0.023332022167542	0.022766534658271834	0.02250938418758685	0.022820339483736674
180	0.022101265644326837	0.021725329767261325	0.021783577182832935	0.021682493973674662	0.021339662112059826	0.020603888793532702	0.02019298283980177	0.020227717845430888
181	0.020909427360043555	0.020060753413348148	0.01979302680335011	0.019772042814848557	0.019579971564060213	0.018818572519056675	0.018299812702959176	0.018026695588174733
182	0.020042328622234835	0.018910843666061355	0.01825227296829727	0.018089383886762515	0.01792756450803465	0.01722383429254793	0.016617218788711884	0.01613682974240894
183	0.01904951941040785	0.017960642188747118	0.017055422436665982	0.016663902293096913	0.016417909207447897	0.01579165200720881	0.015115523451861991	0.014511439288351469
184	0.017773018368713905	0.01699764722653982	0.016083286333577203	0.01551024991912012	0.015126068220881625	0.014557598671052272	0.013876787822071053	0.01320074896032827
185	0.01622144914178499	0.015873231426224894	0.01520821447116165	0.014608487308432108	0.01411298693585916	0.01354600156522457	0.012924005814697366	0.0122604877949541
186	0.014516388696251612	0.01453275816938098	0.014269522844026059	0.013842350322316446	0.013341894484378792	0.012755716179730743	0.01218869238052458	0.011626166516002515
187	0.012777719336183555	0.013042942618617794	0.01314525350114637	0.013026247745683612	0.012663042385779595	0.012115893074623534	0.011584442489735067	0.011133078691200556
188	0.011075471448240958	0.01151077075826532	0.011845342651255954	0.012022880056970466	0.01189927351719699	0.011496458133834691	0.011031676144607793	0.010658368969762758
189	0.009497264842091116	0.010023082402452532	0.010483774110469307	0.010842508236435153	0.010952652245754133	0.010772326600452697	0.010436074208167442	0.010145303711221824
190	0.008149289641226878	0.008657173153583752	0.009177299715007328	0.009609683353839002	0.009859054159100973	0.009891428915002333	0.009717711145056745	0.009529334618214135
191	0.007074388629719231	0.007493570872469006	0.007997937228024004	0.008444517488713377	0.008738867277988989	0.008903150848147521	0.0088670883947191	0.008771021304664858
192	0.006232267725962161	0.006555464547430721	0.006989476755370873	0.007407577536866512	0.007694635348585833	0.007906760379770915	0.00795333127619579	0.007918873895676795
193	0.005543939671889391	0.005802128059720809	0.006155346409754004	0.006519988007746996	0.006774682818481404	0.006979024865871833	0.007053959214217785	0.007067195202991824
194	0.004952806191756297	0.005174671259523818	0.0054601757082937555	0.005774022670311523	0.005992050377633586	0.006160739697970992	0.006217511543313719	0.006268971162321899
195	0.004441362764661163	0.004629168538237907	0.004868218685549622	0.00513644793907928	0.005334378618874969	0.005469890431366453	0.005478865288755347	0.005539548421965514
196	0.004011553480747901	0.004144748042785283	0.004355963800838989	0.004576553027295135	0.004768597882175411	0.0048960731570004785	0.004864943479872238	0.004897595554538953
197	0.0036594812106797467	0.003717167984355626	0.003908784786914271	0.004081851350687792	0.00426319353724387	0.004403034991480216	0.004368062518847378	0.0043656658288600565
198	0.003362679456018859	0.0033537200555268025	0.003515523524987007	0.0036518718882906586	0.003808145238513959	0.003954629375661115	0.003949092212983924	0.003938886435872947
199	0.0030934966568936513	0.00305311102930086	0.0031735098524515682	0.003284786125736959	0.003411123226539003	0.0035418324148673796	0.0035675506289386356	0.0035807034710917296
200	0.002834593385219816	0.0027975231590353722	0.0028802054996845037	0.002973532616277075	0.0030744249306319787	0.0031784053361114074	0.0032092689084052086	0.003251756790033745
201	0.0025813793005357707	0.002567055270741728	0.0026256407407029684	0.0027055404956932137	0.0027891049312976693	0.002873634952043021	0.0028852372436916603	0.0029354661794145994
202	0.0023394929298517363	0.002349613253817365	0.0023993028403594425	0.002469034705241497	0.0025434965908232316	0.002619139531616163	0.002609236799605249	0.0026428988769571678
203	0.002119101173017449	0.0021427835942741972	0.002194951565496421	0.0022582226295826753	0.0023276088923581146	0.002401345976274618	0.002379545248683716	0.0023920596952493075
204	0.001923526005145651	0.0019501668707024636	0.0020085008757477077	0.0020709970656133427	0.002132800405122314	0.0022077432590686644	0.0021854863273553763	0.0021885145857431076
205	0.0017448777654047191	0.0017756858142611149	0.001838122978925015	0.0019036821470737948	0.0019551979014723474	0.0020296880436443386	0.0020157928991301035	0.0020233559902555396
206	0.0015765410115103943	0.0016180081945423499	0.0016842530803769442	0.0017505220993681652	0.0017946405637042952	0.0018635089635692399	0.0018616927260740191	0.0018830109209905877
207	0.0014236056594095635	0.0014733833662767893	0.0015450597688119571	0.001608076658082827	0.0016500888944098722	0.0017103524433987381	0.0017176727314691545	0.001756863574482096
208	0.0012952261068908373	0.0013413380729464907	0.0014160046012440621	0.0014759681247479188	0.0015180783364552464	0.001572137072527396	0.0015827848408633194	0.0016389243250688346
209	0.0011943164466658106	0.0012260579261326792	0.001294932864556825	0.001353785185300479	0.0013966021312096907	0.0014474035542411487	0.0014580528850458292	0.0015249583127004023
210	0.0011163953130131994	0.001131287501923793	0.0011847518413883272	0.0012415519932324653	0.001285255311919367	0.0013336906719872029	0.0013440365364504557	0.0014132030571437685
211	0.0010544215106118551	0.0010560668954147248	0.0010899510553359492	0.0011407975184769916	0.0011835112682374658	0.0012300047614023262	0.001240673622112922	0.0013055994277334135
212	0.0010026703776022361	0.0009961790147581919	0.0010116305517737943	0.0010531358948503266	0.0010910734571621947	0.0011344406139267122	0.0011479218628825658	0.0012047142593254352
213	0.0009568100691700617	0.0009467288298111156	0.0009479467003525461	0.000979035417672422	0.0010084875629128302	0.0010452100169702314	0.0010646225029964523	0.0011115304009554749
214	0.0009140195393098579	0.0009028119234990245	0.0008961343992924542	0.000917539461721861	0.000936375267615682	0.0009627180918031794	0.0009880719689725822	0.001026322443466251
215	0.0008733263526636127	0.0008618679632846896	0.0008522157092614331	0.0008674153925387747	0.0008746445152318736	0.000889142223125971	0.0009153383657268423	0.0009494371051855063
216	0.0008355196705043366	0.0008241301670199636	0.000811429422405619	0.0008271260154694289	0.0008225061092711224	0.0008263745990412732	0.0008460133833691701	0.00088038938656615
217	0.000801304434682581	0.0007903034959375317	0.000772696241935363	0.0007934875152440172	0.0007791080579701925	0.0007739805945547999	0.0007832678522034805	0.0008171507093881441
218	0.0007696290275002048	0.0007597584349721023	0.0007384611266195968	0.0007624241132940164	0.0007433816057902309	0.0007306883220018772	0.0007300164775467129	0.0007581110857182664
219	0.000738853151009702	0.0007310432080172923	0.0007105977543259431	0.0007322913706349269	0.0007133186118407092	0.0006956858314547633	0.0006862731963023273	0.0007043407304624322
220	0.000707822784087414	0.0007027339298378922	0.0006880177284307732	0.0007039646785019478	0.000686149604192394	0.0006680174050305867	0.0006507575785472534	0.0006574705350297889
221	0.0006759208370922863	0.0006743056960959417	0.0006679631246549344	0.0006782108857846117	0.0006603928398237432	0.0006454263181907777	0.0006229252394909884	0.0006183628080008926
222	0.0006432887694587277	0.0006462301591897028	0.0006479515376232005	0.0006546183905879833	0.000636294956989657	0.0006249736012457109	0.0006027526901767544	0.0005873338978383824
223	0.0006105390218381667	0.0006184847389384739	0.0006268587575521756	0.0006326943874483923	0.0006149191698341251	0.0006052645129391778	0.0005884071841605681	0.000564259425044058
224	0.0005786318861801257	0.0005901486654680886	0.0006047548108452087	0.0006119331875229758	0.0005967695629852641	0.0005868728342417522	0.000576049059112423	0.0005481482715617824
225	0.000548284455565429	0.0005605570170809373	0.0005818813897426823	0.0005915258417315927	0.0005811259089834589	0.0005712987273196997	0.0005626355631544687	0.0005366917703662679
226	0.0005194140717795654	0.0005306989038129056	0.0005582054595959569	0.0005707236208959738	0.0005662465730129245	0.0005592234803728955	0.0005473708840572564	0.0005266573095715544
227	0.0004916138186853704	0.000502641567475082	0.0005334275845547621	0.0005491255723197236	0.0005504980925850708	0.0005495936750633217	0.0005315803449814566	0.000515526523233939
228	0.00046486856969116426	0.0004775429870921019	0.0005077673311336128	0.0005267504255413288	0.0005331555131576663	0.0005402360450506362	0.0005171366763999161	0.0005026502018751453
229	0.00043941128936039194	0.00045493630147786526	0.0004823245130609265	0.000503525850224923	0.000514540630101884	0.0005292245017021289	0.0005047431357196989	0.0004892470802378611
230	0.0004152355349231864	0.000433593168475247	0.00045830175621630446	0.00047948242078749907	0.0004956592585257203	0.0005157384912269453	0.0004931815636552672	0.00047731674341736275
231	0.0003923694964542618	0.00041291814996125166	0.0004361719404917396	0.0004553668671964205	0.0004768010804980456	0.0005000208150178746	0.00048072510718079976	0.0004678516090573328
232	0.0003716113694059858	0.00039317821677966035	0.000415916979980969	0.00043291670254357457	0.0004575580652116601	0.00048279345476317473	0.0004667086691204641	0.0004596983871488794
233	0.0003540165705337028	0.0003745698305578421	0.0003969691791294889	0.000413379684008388	0.0004379119338040762	0.0004645085025339869	0.00045171572789707464	0.00045099675771506854
234	0.0003397864712066663	0.0003569599115088801	0.00037882459232248017	0.00039633050991342704	0.0004186029533307195	0.00044531841387706304	0.00043671879528986776	0.00044073644247581137
235	0.00032810223248083296	0.00034076501215427263	0.0003612184699827672	0.00038063436496359193	0.0004002904345905643	0.0004253010640788336	0.00042187187544729976	0.0004288669731742871
236	0.0003178074465927408	0.0003267414547758488	0.0003438635002859843	0.00036548718234429164	0.0003831213915600169	0.0004051179297624447	0.0004065442189683322	0.0004160782762034377
237	0.00030802278627990493	0.0003151266317161193	0.0003269164884209721	0.0003510439322719731	0.0003667808832212194	0.00038615346336516186	0.0003901953775131286	0.0004031324806180716
238	0.00029870340838127	0.00030545178595997347	0.0003109895413510162	0.00033742977951980893	0.0003509092013492347	0.0003694141816720554	0.0003729713014341856	0.00039033287265451475
239	0.0002904632375010595	0.0002969621756350362	0.00029682456044147904	0.00032424974564273487	0.0003359495826965504	0.0003544120693106816	0.00035598667675061776	0.0003772296741102945
240	0.0002839822169040156	0.0002890108216784158	0.00028521356881113706	0.0003112494060157536	0.0003225927154021094	0.00033980573663948757	0.00034050603373152796	0.0003633742773692399
241	0.00027943915697504985	0.0002813139512117341	0.00027669303231308824	0.0002988495908684388	0.0003104923331930526	0.00032478942318940824	0.000327029215628462	0.0003490214667306208
242	0.00027649595152868763	0.0002739577525117288	0.0002708138478944931	0.00028789131753357124	0.0002988097659658057	0.00030995048372601245	0.0003152639683730747	0.0003352691168772571
243	0.00027430957298519096	0.00026737587890878406	0.0002662548133126904	0.0002789511886535366	0.00028707176214632485	0.00029595650692139044	0.00030443219559843956	0.00032273253882975994
244	0.0002715935967490107	0.00026207128464227704	0.0002617229627391468	0.00027196132061509386	0.00027542128881054344	0.00028275902899890055	0.00029408300506320517	0.0003109966320997856
245	0.00026730187952956496	0.00025804631351104796	0.00025666234520860823	0.00026617937140555704	0.0002646326579097027	0.00027013781052980955	0.0002840655004908893	0.00029941216145279535
246	0.0002612514891152743	0.0002547943391488767	0.0002516625210669419	0.000260671998128464	0.00025555487018040594	0.0002582554503087991	0.00027406247008830145	0.0002876766937961858
247	0.0002538614567658574	0.00025154599972144435	0.00024781336435883606	0.0002549222561100512	0.00024848894109949813	0.0002478798687775844	0.0002640269870574606	0.0002758611433023149
248	0.0002459942992489655	0.0002476289138214564	0.00024559711601955455	0.0002490726702105321	0.0002430830365421988	0.00023977583799516768	0.0002543564008192843	0.0002640930842539227
249	0.00023869719043367893	0.00024274246627249907	0.00024440897032134253	0.00024392459086369466	0.0002386057113620376	0.000234326042242477	0.0002454529093915822	0.0002525194722930849
250	0.0002323658258322425	0.00023682764025563914	0.0002430242135194054	0.00024022126902970722	0.00023438569274411304	0.00023120682257776024	0.00023748369440144767	0.00024174932938350618
251	0.0002263906308894075	0.00023029154797084606	0.00024057501423918642	0.00023788777527799498	0.00023016816613578457	0.00022946805644611377	0.00023039662647146943	0.0002323443533765804
252	0.00021984355005312894	0.00022392752465563202	0.00023690165098106167	0.0002360099355502791	0.00022627242414706848	0.00022800445495516097	0.0002242050231798152	0.00022421059852679152
253	0.00021245305581799485	0.00021837795744343897	0.00023194112094982385	0.0002335045922813744	0.00022316642804072053	0.00022597637124424462	0.0002190637453289737	0.00021707147776476484
254	0.0002044472050480625	0.00021369101839573295	0.00022579194941955088	0.000229832796217143	0.00022103419260334424	0.00022325024618846575	0.00021503212238141626	0.00021086365152192882
255	0.00019618886082617954	0.0002092598840066721	0.00021918187831124623	0.00022506049110424206	0.00021964027122507338	0.00022072324190852116	0.00021187012704495457	0.00020556845501421413
256	0.00018809407388796972	0.00020431249785828935	0.00021303192989349334	0.00021952837445476613	0.00021852963081712872	0.00021929153944836826	0.00020927269814311844	0.00020121198303146457
257	0.00018059146423368556	0.0001984454870740102	0.00020764126713775834	0.00021361076892547858	0.00021713917332154235	0.00021883374087208892	0.000207057184182797	0.0001976729782844033
258	0.0001741441210311695	0.00019176674599527465	0.00020258399582875235	0.00020769469047133505	0.0002150088839987522	0.00021855301283505978	0.0002052557780489489	0.00019471895667825422
259	0.00016898946798952276	0.00018466795289261937	0.00019720329578862985	0.00020222588838188143	0.00021187873942297942	0.0002179759127392003	0.0002039177559310773	0.000192355139740517
260	0.00016491818824791867	0.00017777592055131844	0.00019125671201054511	0.0001975687444622221	0.0002078868552187093	0.00021700451454873538	0.00020277182973752852	0.00019086805369235665
261	0.00016140112403886897	0.00017182168206521578	0.00018472682590830027	0.00019360931218067093	0.00020341439711760547	0.00021536303676914637	0.00020132915479027216	0.0001903640224006663
262	0.00015787034887696302	0.00016705044426456876	0.00017748359569433965	0.00018957764918155106	0.00019871463395906331	0.00021248184649465488	0.00019924123243268032	0.0001906996972693882
263	0.00015413931563976465	0.00016335839426625813	0.00016977089014969782	0.00018483254109837317	0.00019393904715792236	0.000207917323894022	0.0001964507110447281	0.000191447897913682
264	0.00015065894560285534	0.00016048340935188754	0.00016238566670586857	0.0001793522802627432	0.00018921368310970694	0.00020189722063635235	0.00019325290427271496	0.00019204886205667152
265	0.00014804054457116393	0.00015785415432778593	0.00015624775106116287	0.0001735027721726749	0.00018453620084511897	0.00019521110819634938	0.00018985164251284617	0.0001921463142535149
266	0.00014658346840416264	0.00015474978617288084	0.00015191858423774287	0.00016778309929648007	0.0001797733441767092	0.00018862765624103482	0.0001861826542856381	0.00019174041725085396
267	0.00014620619858915715	0.00015088467092670932	0.0001493115314986445	0.00016260131935919272	0.00017493108854974956	0.00018255573595073445	0.00018214425296856192	0.00019106814464778737
268	0.00014643637094897114	0.0001467137990409736	0.00014778394638415856	0.00015825276819877779	0.0001699949563509865	0.00017693152879571375	0.00017777086046294655	0.00019021259125971744
269	0.00014648259634577647	0.0001429269710769828	0.00014631946773679738	0.00015479295680656126	0.0001648262021580616	0.00017142801731203532	0.00017334146930727512	0.00018891359967598516
270	0.00014567034937779685	0.00013988229304553448	0.00014405339741626184	0.00015204691941561206	0.0001594292580460495	0.00016600808570332103	0.0001691611032566669	0.0001868225220880259
271	0.00014376581138196727	0.0001375729310742245	0.0001410160272656855	0.0001497417581049399	0.00015402665609217124	0.00016067016024536387	0.0001653220679083652	0.00018370769833886416
272	0.00014090240417593002	0.00013577332133738552	0.00013798256822648646	0.00014765788338815788	0.00014910461979189213	0.0001552207624516298	0.00016167234318304025	0.00017966047354350928
273	0.00013739977249348706	0.0001340807948961608	0.00013570757942336066	0.00014546923833088618	0.00014508072214345377	0.00014957229375401346	0.00015797723957933	0.00017493927564819008
274	0.0001334709665489567	0.0001321007047556288	0.00013442748609232644	0.00014287703513955679	0.00014202155763590584	0.00014403532393790557	0.00015418948725831003	0.0001697816876261097
275	0.0001290502602265711	0.0001296538391606297	0.0001339345444859847	0.00014005279448262836	0.0001396772800145474	0.00013911030854642944	0.0001503764864607948	0.0001643846322409702
276	0.00012400893931543394	0.0001268121727020534	0.00013384841105144684	0.00013743287194132524	0.0001377520440184676	0.00013519071899626778	0.0001467696102441472	0.00015894236672864005
277	0.00011843216414574816	0.00012371569324206094	0.0001335930785091892	0.00013534807389336024	0.0001359000433054808	0.00013239866339552673	0.00014359361113095652	0.00015363226502423664
278	0.00011261642303960292	0.00012047091486041287	0.00013257062677079617	0.00013384285961217304	0.0001338462898881979	0.0001306212876409083	0.00014089274432029468	0.0001484734352122277
279	0.00010696960272317497	0.00011712157076804675	0.0001306009965414685	0.00013259881238515946	0.00013165863592967024	0.0001297252620641364	0.00013855099817018594	0.0001433981137236311
280	0.00010182618920344334	0.00011368552018798829	0.0001280487770906501	0.00013104322684595216	0.00012966660579119346	0.00012943643123658496	0.00013629969802905965	0.00013843266670111274
281	0.00009738204727579154	0.00011023353074892427	0.00012531246760135272	0.00012870291634450113	0.00012814727559455012	0.0001292584981542116	0.00013396014738655237	0.0001336643863354504
282	0.00009380645496797225	0.0001069425660895367	0.00012239860843046865	0.00012565142304509424	0.00012708654866806402	0.00012881768117564696	0.00013149340424581962	0.00012910180456702318
283	0.00009121875062168187	0.00010402474641491583	0.00011914491017993824	0.00012239399336276796	0.0001262247457254926	0.0001281225041781081	0.00012903550010174563	0.0001247991207367012
284	0.00008957419381930017	0.00010163180750539212	0.00011550845173280727	0.00011939124602749305	0.0001253105162749976	0.00012741188581733627	0.0001266656028255726	0.00012092364377456643
285	0.0000887409758395485	0.00009967468745987785	0.00011153855741746828	0.00011676728062435762	0.00012424429591103458	0.00012691867124184605	0.000124432964105901	0.00011765410711580832
286	0.00008866201272411583	0.00009791964083210236	0.00010723723526495163	0.00011438419623805041	0.00012306451589213667	0.00012659124163454365	0.00012238102028745078	0.00011500846260014105
287	0.00008935381902359	0.00009628553201111232	0.0001026276158414345	0.00011198429066036527	0.00012184096516285201	0.00012621727167876523	0.00012054157685348129	0.00011294548101809113
288	0.00009073347004515781	0.00009493013191344607	0.0000979553167187967	0.00010929232810789499	0.00012048905775658751	0.0001255712723429084	0.00011887675863109207	0.00011135921188729095
289	0.0000925440344130979	0.00009400570192917313	0.00009365851410859016	0.00010619258424796387	0.00011884511697611879	0.00012442029268067888	0.00011741619917851713	0.00011005150790749999
290	0.00009445532839056073	0.00009343256417119673	0.00009007932262883707	0.00010285973326607888	0.00011682943569686603	0.00012265356842598374	0.00011619522895882973	0.00010892820860606153
291	0.00009610043803937855	0.000093079714663203	0.00008738489494521891	0.00009957662087739252	0.00011448128903886029	0.00012033155322790368	0.00011501310985315833	0.00010812736418714334
292	0.00009714028170235263	0.00009286781004304301	0.00008560120234615632	0.00009661297755750093	0.00011178310131290106	0.00011760096469298108	0.00011350026445987671	0.00010778494941264207
293	0.00009746183198625204	0.0000926537394425256	0.000084536271876902	0.00009421423918303898	0.00010863188884478605	0.00011457487670961419	0.00011145518472529593	0.00010790784002047368
294	0.00009724067892671207	0.00009215813778123481	0.00008389980663444671	0.00009243414036521248	0.00010505789618991821	0.00011121290605815101	0.0001089894862870005	0.00010829664346502292
295	0.00009670186267263154	0.00009122792644945455	0.00008354578675372972	0.00009119865205961689	0.00010128239096722512	0.00010741617737560597	0.00010644939198518597	0.00010866232009405906
296	0.00009584016586769205	0.00009005947614355502	0.00008352717275087573	0.00009042391904590238	0.00009762864508367415	0.0001031727816447116	0.00010411861811688699	0.00010881658243411344
297	0.0000944743908791541	0.00008892715447309362	0.00008391933850069059	0.00008995437222921796	0.00009431488379535642	0.00009866138181490482	0.00010209225847826011	0.00010872188658003274
298	0.000092481663684302	0.0000877893585388634	0.00008461758341792021	0.00008959888815149461	0.0000914144984621546	0.00009415300992614632	0.00010023811167171442	0.00010839134426838256
299	0.00008991123134365648	0.00008640232849582572	0.00008542541548921443	0.00008918144024101058	0.00008889236158933913	0.00008993545096338248	0.00009840233554033611	0.00010787730439983952
300	0.00008699055383916511	0.00008470741471485398	0.00008621042407585552	0.00008861308362317392	0.00008661129873431695	0.00008622900911165948	0.00009650481834229654	0.00010726877257591666
301	0.00008393576062323553	0.00008286978292305169	0.00008686385286968746	0.00008785186265335372	0.00008441569166698345	0.00008309290810930775	0.0000945039927670445	0.00010661134036877558
302	0.00008080724436345682	0.00008110904410243709	0.00008720083051210027	0.00008688614891319652	0.00008229515673984862	0.00008049342104401294	0.0000923727843807363	0.00010574850369360827
303	0.00007765926214080332	0.0000795442735796722	0.0000870605218096324	0.00008573525963114935	0.00008046601753588575	0.00007844515831683193	0.00009016019737617751	0.00010443566394707488
304	0.00007458912915533817	0.00007819153644283798	0.00008641587106077469	0.00008438440380934131	0.00007911416293560112	0.00007699599336500496	0.00008802444114806039	0.00010257464171059368
305	0.00007171075910046809	0.00007702115952290036	0.00008535450287642733	0.00008285607618158501	0.00007812495066009051	0.00007614521291781853	0.00008614560176043595	0.00010020622537783404
306	0.00006920871753110854	0.0000760175924087038	0.0000839371254873873	0.0000811968073934331	0.00007714768413546052	0.00007580402447748001	0.00008451187460765077	0.00009742310039835539
307	0.0000672476849988713	0.00007526224944013157	0.00008217006387380586	0.00007945455838991325	0.00007593269372021454	0.00007580702758057663	0.00008300910400805128	0.00009433712486322917
308	0.00006577502548359485	0.00007484182142979298	0.00008017252322809805	0.00007770245707335429	0.00007445689574228065	0.00007602350030247424	0.0000816191938633175	0.00009101222616711008
309	0.00006462042464143424	0.00007467260544355328	0.00007813777391673625	0.00007602947505601094	0.0000729771932815102	0.0000763493002874092	0.00008045941250056968	0.000087454669254635
310	0.00006368343863769278	0.00007450491049008855	0.0000761972644550028	0.00007446182016308257	0.00007187710145380661	0.00007674116284169513	0.00007957421494987662	0.0000837705256499685
311	0.00006297470548420164	0.00007405941224835209	0.00007440639871264819	0.00007293470153516604	0.00007129921917090373	0.0000771498806691565	0.00007882470417483033	0.0000802032308088734
312	0.00006252883097009252	0.0000732262255029944	0.0000727628011339601	0.0000714001342670808	0.00007104263575072308	0.00007741782320138044	0.00007794985377286749	0.00007697725986758347
313	0.0000623512749782418	0.00007208727851047585	0.00007117654201623139	0.00006988017601286656	0.00007084571133558273	0.00007731448269532394	0.00007676004391964711	0.00007409941629206497
314	0.00006243788633513895	0.00007077999954335802	0.00006952397106828763	0.00006843047472149774	0.00007059207384400917	0.00007670258477605321	0.00007527012138347286	0.00007142211525788221
315	0.0000626849362624019	0.00006941675935165958	0.0000677944674735219	0.00006714456068090672	0.00007037946042262089	0.00007571546449808704	0.00007369290710670328	0.00006893043701483101
316	0.00006291898146258983	0.00006803781099962047	0.00006617801818972389	0.00006616575979791987	0.00007042664950000671	0.00007463468320834898	0.00007225051350391373	0.00006681046563234966
317	0.00006314281902119791	0.00006661598261554039	0.00006486488550576352	0.0000656048346500876	0.00007075896781939807	0.00007361722941357864	0.0000709489981557904	0.00006524870178858036
318	0.00006348684490397732	0.00006515506232062945	0.0000638366835910643	0.00006545997570976542	0.00007115809594332795	0.00007273089228224286	0.00006969808811160885	0.00006423160730187487
319	0.00006392781654440804	0.00006378969711980609	0.00006299814860457268	0.0000656596513680875	0.00007134087884765965	0.00007200893714906288	0.00006836332196892724	0.0000635569318044499
320	0.00006427285888803147	0.00006272026826388022	0.00006228543521687588	0.00006608047550817104	0.00007113367287319462	0.00007135933930351102	0.00006690828671011919	0.00006297286495401578
321	0.00006430987873788709	0.00006204980818732548	0.00006160372098908972	0.00006649717924278102	0.00007055925978719698	0.00007058291048338313	0.00006541164893363793	0.00006236488750834722
