rel_pix,1250A,1300A,1350A,1400A,1450A,1500A,1550A,1600A,1650A,1700A,1750A,1800A
 -50  8.8590e-05  8.6530E-05  8.7880E-05  9.0290E-05  9.2250E-05  9.4720E-05  9.7300E-05  9.8900E-05  1.0040E-04  1.0270E-04  1.0580E-04  1.0840E-04
 -49  9.5030e-05  9.4310E-05  9.6700E-05  9.8770E-05  1.0120E-04  1.0510E-04  1.0730E-04  1.0820E-04  1.0980E-04  1.1250E-04  1.1570E-04  1.1810E-04
 -48  1.0300e-04  1.0360E-04  1.0620E-04  1.0820E-04  1.1200E-04  1.1640E-04  1.1790E-04  1.1850E-04  1.2060E-04  1.2340E-04  1.2630E-04  1.2880E-04
 -47  1.1270e-04  1.1420E-04  1.1650E-04  1.1940E-04  1.2440E-04  1.2840E-04  1.2940E-04  1.3030E-04  1.3250E-04  1.3510E-04  1.3780E-04  1.4170E-04
 -46  1.2410e-04  1.2570E-04  1.2840E-04  1.3260E-04  1.3780E-04  1.4090E-04  1.4220E-04  1.4380E-04  1.4560E-04  1.4780E-04  1.5150E-04  1.5830E-04
 -45  1.3690e-04  1.3880E-04  1.4270E-04  1.4760E-04  1.5210E-04  1.5450E-04  1.5690E-04  1.5850E-04  1.5970E-04  1.6250E-04  1.6880E-04  1.7980E-04
 -44  1.5110e-04  1.5420E-04  1.5950E-04  1.6370E-04  1.6730E-04  1.7010E-04  1.7320E-04  1.7470E-04  1.7600E-04  1.8090E-04  1.9140E-04  2.0570E-04
 -43  1.6760e-04  1.7250E-04  1.7780E-04  1.8080E-04  1.8440E-04  1.8790E-04  1.9090E-04  1.9290E-04  1.9600E-04  2.0480E-04  2.1930E-04  2.3480E-04
 -42  1.8740e-04  1.9330E-04  1.9710E-04  1.9960E-04  2.0400E-04  2.0750E-04  2.1090E-04  2.1520E-04  2.2210E-04  2.3490E-04  2.5120E-04  2.6570E-04
 -41  2.1050e-04  2.1550E-04  2.1800E-04  2.2130E-04  2.2610E-04  2.2930E-04  2.3460E-04  2.4350E-04  2.5510E-04  2.7000E-04  2.8560E-04  2.9920E-04
 -40  2.3610e-04  2.3920E-04  2.4170E-04  2.4600E-04  2.5030E-04  2.5500E-04  2.6480E-04  2.7930E-04  2.9410E-04  3.0860E-04  3.2260E-04  3.3720E-04
 -39  2.6340e-04  2.6570E-04  2.6910E-04  2.7340E-04  2.7820E-04  2.8700E-04  3.0310E-04  3.2160E-04  3.3700E-04  3.4990E-04  3.6410E-04  3.8240E-04
 -38  2.9330e-04  2.9640E-04  3.0010E-04  3.0420E-04  3.1230E-04  3.2770E-04  3.4900E-04  3.6840E-04  3.8280E-04  3.9590E-04  4.1300E-04  4.3690E-04
 -37  3.2760e-04  3.3150E-04  3.3490E-04  3.4090E-04  3.5530E-04  3.7720E-04  4.0060E-04  4.1850E-04  4.3310E-04  4.4960E-04  4.7220E-04  5.0070E-04
 -36  3.6720e-04  3.7100E-04  3.7560E-04  3.8640E-04  4.0800E-04  4.3360E-04  4.5600E-04  4.7330E-04  4.9150E-04  5.1460E-04  5.4220E-04  5.7190E-04
 -35  4.1240e-04  4.1640E-04  4.2490E-04  4.4270E-04  4.6930E-04  4.9490E-04  5.1660E-04  5.3740E-04  5.6230E-04  5.9230E-04  6.2150E-04  6.4680E-04
 -34  4.6380e-04  4.7030E-04  4.8540E-04  5.0930E-04  5.3710E-04  5.6180E-04  5.8710E-04  6.1580E-04  6.4780E-04  6.8080E-04  7.0590E-04  7.2120E-04
 -33  5.2370e-04  5.3570E-04  5.5750E-04  5.8420E-04  6.1160E-04  6.3920E-04  6.7370E-04  7.1150E-04  7.4630E-04  7.7500E-04  7.8950E-04  7.9120E-04
 -32  5.9520e-04  6.1420E-04  6.4030E-04  6.6750E-04  6.9770E-04  7.3440E-04  7.8020E-04  8.2230E-04  8.5120E-04  8.6730E-04  8.6740E-04  8.5610E-04
 -31  6.8090e-04  7.0570E-04  7.3400E-04  7.6410E-04  8.0360E-04  8.5230E-04  9.0370E-04  9.3960E-04  9.5320E-04  9.5170E-04  9.3910E-04  9.2230E-04
 -30  7.8220e-04  8.1120E-04  8.4370E-04  8.8280E-04  9.3490E-04  9.8970E-04  1.0340E-03  1.0510E-03  1.0460E-03  1.0290E-03  1.0140E-03  1.0040E-03
 -29  9.0100e-04  9.3570E-04  9.7820E-04  1.0300E-03  1.0880E-03  1.1340E-03  1.1560E-03  1.1520E-03  1.1320E-03  1.1130E-03  1.1090E-03  1.1170E-03
 -28  1.0420e-03  1.0880E-03  1.1440E-03  1.2000E-03  1.2470E-03  1.2690E-03  1.2660E-03  1.2490E-03  1.2310E-03  1.2240E-03  1.2390E-03  1.2650E-03
 -27  1.2140e-03  1.2740E-03  1.3330E-03  1.3760E-03  1.3970E-03  1.3920E-03  1.3760E-03  1.3640E-03  1.3640E-03  1.3760E-03  1.4050E-03  1.4360E-03
 -26  1.4210e-03  1.4840E-03  1.5280E-03  1.5420E-03  1.5350E-03  1.5190E-03  1.5130E-03  1.5210E-03  1.5390E-03  1.5610E-03  1.5890E-03  1.6040E-03
 -25  1.6530e-03  1.6990E-03  1.7130E-03  1.6990E-03  1.6830E-03  1.6800E-03  1.6950E-03  1.7200E-03  1.7420E-03  1.7560E-03  1.7610E-03  1.7440E-03
 -24  1.8910e-03  1.9070E-03  1.8940E-03  1.8730E-03  1.8700E-03  1.8870E-03  1.9160E-03  1.9380E-03  1.9420E-03  1.9300E-03  1.9010E-03  1.8490E-03
 -23  2.1260e-03  2.1170E-03  2.0970E-03  2.0880E-03  2.1020E-03  2.1250E-03  2.1430E-03  2.1390E-03  2.1130E-03  2.0700E-03  2.0100E-03  1.9290E-03
 -22  2.3700e-03  2.3520E-03  2.3400E-03  2.3410E-03  2.3540E-03  2.3590E-03  2.3470E-03  2.3090E-03  2.2520E-03  2.1830E-03  2.1030E-03  2.0040E-03
 -21  2.6390e-03  2.6210E-03  2.6110E-03  2.6050E-03  2.5950E-03  2.5680E-03  2.5220E-03  2.4550E-03  2.3760E-03  2.2920E-03  2.2000E-03  2.0940E-03
 -20  2.9320e-03  2.9080E-03  2.8850E-03  2.8570E-03  2.8160E-03  2.7600E-03  2.6890E-03  2.6020E-03  2.5100E-03  2.4170E-03  2.3210E-03  2.2170E-03
 -19  3.2380e-03  3.1980E-03  3.1570E-03  3.1040E-03  3.0380E-03  2.9610E-03  2.8740E-03  2.7750E-03  2.6720E-03  2.5740E-03  2.4810E-03  2.3900E-03
 -18  3.5610e-03  3.5080E-03  3.4480E-03  3.3720E-03  3.2870E-03  3.1940E-03  3.0930E-03  2.9840E-03  2.8750E-03  2.7780E-03  2.6960E-03  2.6270E-03
 -17  3.9290e-03  3.8650E-03  3.7840E-03  3.6820E-03  3.5760E-03  3.4640E-03  3.3500E-03  3.2370E-03  3.1330E-03  3.0450E-03  2.9790E-03  2.9330E-03
 -16  4.3640e-03  4.2780E-03  4.1660E-03  4.0310E-03  3.8990E-03  3.7720E-03  3.6550E-03  3.5510E-03  3.4630E-03  3.3890E-03  3.3380E-03  3.3060E-03
 -15  4.8580e-03  4.7320E-03  4.5790E-03  4.4120E-03  4.2630E-03  4.1340E-03  4.0310E-03  3.9480E-03  3.8800E-03  3.8180E-03  3.7730E-03  3.7400E-03
 -14  5.3860e-03  5.2140E-03  5.0260E-03  4.8450E-03  4.7010E-03  4.5910E-03  4.5140E-03  4.4540E-03  4.3970E-03  4.3350E-03  4.2770E-03  4.2240E-03
 -13  5.9590e-03  5.7540E-03  5.5580E-03  5.3910E-03  5.2740E-03  5.1910E-03  5.1360E-03  5.0810E-03  5.0160E-03  4.9320E-03  4.8460E-03  4.7580E-03
 -12  6.6500e-03  6.4450E-03  6.2670E-03  6.1300E-03  6.0400E-03  5.9700E-03  5.9110E-03  5.8340E-03  5.7360E-03  5.6110E-03  5.4870E-03  5.3650E-03
 -11  7.5870e-03  7.4020E-03  7.2470E-03  7.1220E-03  7.0290E-03  6.9370E-03  6.8390E-03  6.7150E-03  6.5680E-03  6.3980E-03  6.2440E-03  6.1060E-03
 -10  8.9010e-03  8.7240E-03  8.5550E-03  8.3930E-03  8.2530E-03  8.1050E-03  7.9500E-03  7.7720E-03  7.5810E-03  7.3920E-03  7.2390E-03  7.1280E-03
  -9  1.0710e-02  1.0490E-02  1.0250E-02  1.0010E-02  9.7960E-03  9.5900E-03  9.3980E-03  9.1970E-03  8.9980E-03  8.8550E-03  8.7720E-03  8.7640E-03
  -8  1.3210e-02  1.2910E-02  1.2570E-02  1.2230E-02  1.1980E-02  1.1770E-02  1.1610E-02  1.1460E-02  1.1320E-02  1.1330E-02  1.1410E-02  1.1590E-02
  -7  1.6920e-02  1.6550E-02  1.6140E-02  1.5750E-02  1.5560E-02  1.5450E-02  1.5440E-02  1.5420E-02  1.5410E-02  1.5650E-02  1.5970E-02  1.6400E-02
  -6  2.2900e-02  2.2580E-02  2.2210E-02  2.1890E-02  2.1870E-02  2.1970E-02  2.2190E-02  2.2350E-02  2.2480E-02  2.2970E-02  2.3500E-02  2.4120E-02
  -5  3.2780e-02  3.2720E-02  3.2570E-02  3.2460E-02  3.2720E-02  3.3070E-02  3.3520E-02  3.3810E-02  3.4020E-02  3.4680E-02  3.5300E-02  3.5970E-02
  -4  4.8040e-02  4.8480E-02  4.8760E-02  4.9000E-02  4.9590E-02  5.0190E-02  5.0800E-02  5.1170E-02  5.1400E-02  5.2060E-02  5.2620E-02  5.3130E-02
  -3  6.8430e-02  6.9520E-02  7.0380E-02  7.1110E-02  7.2040E-02  7.2860E-02  7.3580E-02  7.4020E-02  7.4300E-02  7.4840E-02  7.5180E-02  7.5360E-02
  -2  9.0330e-02  9.1920E-02  9.3340E-02  9.4560E-02  9.5730E-02  9.6710E-02  9.7490E-02  9.8070E-02  9.8520E-02  9.8880E-02  9.9010E-02  9.8860E-02
  -1  1.0680e-01  1.0850E-01  1.1010E-01  1.1150E-01  1.1270E-01  1.1360E-01  1.1440E-01  1.1510E-01  1.1580E-01  1.1600E-01  1.1600E-01  1.1580E-01
   0  1.1090e-01  1.1200E-01  1.1330E-01  1.1440E-01  1.1520E-01  1.1590E-01  1.1640E-01  1.1710E-01  1.1790E-01  1.1800E-01  1.1820E-01  1.1810E-01
   1  1.0030e-01  1.0060E-01  1.0100E-01  1.0160E-01  1.0170E-01  1.0190E-01  1.0210E-01  1.0250E-01  1.0310E-01  1.0320E-01  1.0340E-01  1.0370E-01
   2  7.9210e-02  7.8830E-02  7.8610E-02  7.8500E-02  7.8170E-02  7.7920E-02  7.7730E-02  7.7800E-02  7.8010E-02  7.7960E-02  7.8110E-02  7.8420E-02
   3  5.5780e-02  5.5070E-02  5.4500E-02  5.4050E-02  5.3500E-02  5.3030E-02  5.2650E-02  5.2430E-02  5.2330E-02  5.2140E-02  5.2120E-02  5.2290E-02
   4  3.6470e-02  3.5740E-02  3.5120E-02  3.4600E-02  3.4050E-02  3.3570E-02  3.3170E-02  3.2860E-02  3.2630E-02  3.2410E-02  3.2250E-02  3.2230E-02
   5  2.3600e-02  2.2970E-02  2.2410E-02  2.1940E-02  2.1470E-02  2.1060E-02  2.0710E-02  2.0430E-02  2.0210E-02  2.0030E-02  1.9850E-02  1.9730E-02
   6  1.6150e-02  1.5630E-02  1.5160E-02  1.4750E-02  1.4350E-02  1.3990E-02  1.3680E-02  1.3440E-02  1.3250E-02  1.3110E-02  1.2940E-02  1.2800E-02
   7  1.2090e-02  1.1670E-02  1.1270E-02  1.0900E-02  1.0550E-02  1.0220E-02  9.9380E-03  9.7010E-03  9.5130E-03  9.3750E-03  9.2100E-03  9.0590E-03
   8  9.7880e-03  9.4290E-03  9.0860E-03  8.7650E-03  8.4500E-03  8.1570E-03  7.8890E-03  7.6550E-03  7.4570E-03  7.2970E-03  7.1190E-03  6.9500E-03
   9  8.3340e-03  8.0130E-03  7.7110E-03  7.4250E-03  7.1450E-03  6.8810E-03  6.6360E-03  6.4130E-03  6.2160E-03  6.0420E-03  5.8570E-03  5.6780E-03
  10  7.3180e-03  7.0320E-03  6.7590E-03  6.4980E-03  6.2420E-03  5.9990E-03  5.7720E-03  5.5620E-03  5.3700E-03  5.1940E-03  5.0140E-03  4.8380E-03
  11  6.5020e-03  6.2840E-03  6.0570E-03  5.8270E-03  5.5910E-03  5.3630E-03  5.1470E-03  4.9450E-03  4.7560E-03  4.5790E-03  4.4050E-03  4.2360E-03
  12  5.7090e-03  5.5980E-03  5.4560E-03  5.2850E-03  5.0900E-03  4.8880E-03  4.6880E-03  4.4960E-03  4.3100E-03  4.1360E-03  3.9660E-03  3.8000E-03
  13  4.8710e-03  4.8710E-03  4.8360E-03  4.7540E-03  4.6270E-03  4.4740E-03  4.3080E-03  4.1410E-03  3.9740E-03  3.8110E-03  3.6510E-03  3.4920E-03
  14  4.0560e-03  4.1160E-03  4.1660E-03  4.1750E-03  4.1290E-03  4.0430E-03  3.9290E-03  3.8050E-03  3.6720E-03  3.5330E-03  3.3970E-03  3.2560E-03
  15  3.3790e-03  3.4330E-03  3.5120E-03  3.5760E-03  3.5950E-03  3.5760E-03  3.5200E-03  3.4450E-03  3.3540E-03  3.2450E-03  3.1420E-03  3.0300E-03
  16  2.9020e-03  2.9080E-03  2.9610E-03  3.0280E-03  3.0780E-03  3.1030E-03  3.0970E-03  3.0670E-03  3.0160E-03  2.9380E-03  2.8640E-03  2.7820E-03
  17  2.5920e-03  2.5580E-03  2.5600E-03  2.5900E-03  2.6310E-03  2.6700E-03  2.6930E-03  2.6980E-03  2.6810E-03  2.6320E-03  2.5820E-03  2.5200E-03
  18  2.3690e-03  2.3330E-03  2.3010E-03  2.2830E-03  2.2850E-03  2.3080E-03  2.3360E-03  2.3590E-03  2.3670E-03  2.3470E-03  2.3170E-03  2.2720E-03
  19  2.1590e-03  2.1590E-03  2.1340E-03  2.0880E-03  2.0480E-03  2.0340E-03  2.0430E-03  2.0640E-03  2.0840E-03  2.0860E-03  2.0760E-03  2.0480E-03
  20  1.9320e-03  1.9770E-03  1.9920E-03  1.9600E-03  1.9010E-03  1.8500E-03  1.8250E-03  1.8250E-03  1.8400E-03  1.8520E-03  1.8560E-03  1.8450E-03
  21  1.6960e-03  1.7690E-03  1.8280E-03  1.8400E-03  1.8000E-03  1.7370E-03  1.6820E-03  1.6500E-03  1.6440E-03  1.6480E-03  1.6560E-03  1.6570E-03
  22  1.4740e-03  1.5520E-03  1.6330E-03  1.6890E-03  1.6930E-03  1.6540E-03  1.5950E-03  1.5390E-03  1.5030E-03  1.4860E-03  1.4850E-03  1.4870E-03
  23  1.2820e-03  1.3490E-03  1.4300E-03  1.5060E-03  1.5500E-03  1.5560E-03  1.5240E-03  1.4710E-03  1.4150E-03  1.3740E-03  1.3510E-03  1.3430E-03
  24  1.1210e-03  1.1760E-03  1.2430E-03  1.3150E-03  1.3760E-03  1.4180E-03  1.4300E-03  1.4090E-03  1.3600E-03  1.3050E-03  1.2610E-03  1.2340E-03
  25  9.8870e-04  1.0310E-03  1.0850E-03  1.1440E-03  1.1990E-03  1.2530E-03  1.2970E-03  1.3180E-03  1.3030E-03  1.2580E-03  1.2060E-03  1.1620E-03
  26  8.7830e-04  9.1060E-04  9.5480E-04  1.0010E-03  1.0440E-03  1.0910E-03  1.1420E-03  1.1900E-03  1.2150E-03  1.2020E-03  1.1660E-03  1.1170E-03
  27  7.8530e-04  8.0850E-04  8.4480E-04  8.8260E-04  9.1650E-04  9.5090E-04  9.9220E-04  1.0430E-03  1.0930E-03  1.1140E-03  1.1100E-03  1.0790E-03
  28  7.0540e-04  7.2200E-04  7.5080E-04  7.8290E-04  8.1090E-04  8.3660E-04  8.6600E-04  9.0610E-04  9.5590E-04  9.9630E-04  1.0230E-03  1.0220E-03
  29  6.3300e-04  6.4890E-04  6.7020E-04  6.9750E-04  7.2150E-04  7.4210E-04  7.6310E-04  7.9120E-04  8.2950E-04  8.6910E-04  9.1040E-04  9.3560E-04
  30  5.6320e-04  5.8510E-04  6.0220E-04  6.2400E-04  6.4480E-04  6.6210E-04  6.7800E-04  6.9780E-04  7.2440E-04  7.5430E-04  7.9260E-04  8.2810E-04
  31  4.9480e-04  5.2520E-04  5.4430E-04  5.6160E-04  5.7850E-04  5.9340E-04  6.0610E-04  6.2040E-04  6.3890E-04  6.5960E-04  6.8800E-04  7.1950E-04
  32  4.3160e-04  4.6600E-04  4.9190E-04  5.0890E-04  5.2190E-04  5.3410E-04  5.4480E-04  5.5540E-04  5.6810E-04  5.8240E-04  6.0210E-04  6.2460E-04
  33  3.7800e-04  4.0920E-04  4.4030E-04  4.6220E-04  4.7440E-04  4.8300E-04  4.9190E-04  5.0040E-04  5.0900E-04  5.1840E-04  5.3190E-04  5.4710E-04
  34  3.3520e-04  3.5930E-04  3.8930E-04  4.1680E-04  4.3320E-04  4.4020E-04  4.4600E-04  4.5320E-04  4.5960E-04  4.6510E-04  4.7360E-04  4.8370E-04
  35  3.0130e-04  3.1860E-04  3.4270E-04  3.7100E-04  3.9380E-04  4.0410E-04  4.0740E-04  4.1200E-04  4.1730E-04  4.2080E-04  4.2520E-04  4.3120E-04
  36  2.7380e-04  2.8620E-04  3.0390E-04  3.2720E-04  3.5290E-04  3.7010E-04  3.7510E-04  3.7690E-04  3.8040E-04  3.8300E-04  3.8520E-04  3.8790E-04
  37  2.5090e-04  2.5980E-04  2.7300E-04  2.8950E-04  3.1210E-04  3.3470E-04  3.4580E-04  3.4770E-04  3.4860E-04  3.4990E-04  3.5130E-04  3.5220E-04
  38  2.3130e-04  2.3750E-04  2.4800E-04  2.5930E-04  2.7550E-04  2.9790E-04  3.1570E-04  3.2210E-04  3.2190E-04  3.2100E-04  3.2170E-04  3.2210E-04
  39  2.1390e-04  2.1830E-04  2.2690E-04  2.3530E-04  2.4580E-04  2.6320E-04  2.8330E-04  2.9630E-04  2.9910E-04  2.9680E-04  2.9560E-04  2.9590E-04
  40  1.9790e-04  2.0140E-04  2.0870E-04  2.1560E-04  2.2230E-04  2.3380E-04  2.5120E-04  2.6830E-04  2.7700E-04  2.7630E-04  2.7360E-04  2.7260E-04
  41  1.8290e-04  1.8580E-04  1.9280E-04  1.9870E-04  2.0330E-04  2.1070E-04  2.2290E-04  2.3920E-04  2.5290E-04  2.5730E-04  2.5530E-04  2.5260E-04
  42  1.6890e-04  1.7130E-04  1.7820E-04  1.8400E-04  1.8740E-04  1.9210E-04  1.9990E-04  2.1230E-04  2.2700E-04  2.3660E-04  2.3880E-04  2.3610E-04
  43  1.5580e-04  1.5780E-04  1.6450E-04  1.7090E-04  1.7380E-04  1.7660E-04  1.8170E-04  1.8980E-04  2.0200E-04  2.1390E-04  2.2140E-04  2.2160E-04
  44  1.4360e-04  1.4550E-04  1.5150E-04  1.5850E-04  1.6180E-04  1.6350E-04  1.6650E-04  1.7180E-04  1.8020E-04  1.9070E-04  2.0160E-04  2.0690E-04
  45  1.3210e-04  1.3430E-04  1.3950E-04  1.4660E-04  1.5090E-04  1.5210E-04  1.5350E-04  1.5710E-04  1.6270E-04  1.7000E-04  1.8070E-04  1.8990E-04
  46  1.2100e-04  1.2380E-04  1.2830E-04  1.3500E-04  1.4040E-04  1.4200E-04  1.4250E-04  1.4440E-04  1.4840E-04  1.5300E-04  1.6110E-04  1.7120E-04
  47  1.1030e-04  1.1410E-04  1.1810E-04  1.2410E-04  1.2980E-04  1.3260E-04  1.3290E-04  1.3370E-04  1.3650E-04  1.3950E-04  1.4460E-04  1.5290E-04
  48  1.0050e-04  1.0480E-04  1.0880E-04  1.1400E-04  1.1960E-04  1.2320E-04  1.2440E-04  1.2460E-04  1.2600E-04  1.2810E-04  1.3150E-04  1.3700E-04
  49  9.2130e-05  9.5870E-05  1.0020E-04  1.0480E-04  1.1000E-04  1.1390E-04  1.1620E-04  1.1690E-04  1.1720E-04  1.1820E-04  1.2080E-04  1.2420E-04
  50  8.5260e-05  8.7650E-05  9.2230E-05  9.6460E-05  1.0120E-04  1.0500E-04  1.0800E-04  1.0980E-04  1.0980E-04  1.0970E-04  1.1160E-04  1.1400E-04
