pixel,1100A,1150A,1200A,1250A,1300A,1350A,1400A
1	0.00007480269634328324	0.00007361840234123798	0.00007617905970790974	0.0000820843811506914	0.00008620203273590746	0.0000825967700959775	0.00007950867917487216
2	0.00007667126585612875	0.00007247757355212503	0.0000769744791487917	0.00008297615107563198	0.00008481817616425346	0.0000838732385817977	0.00008130871388413844
3	0.00007846527040319722	0.00007185006903304066	0.00007797858080418437	0.00008346832104585816	0.00008331894236251607	0.00008444630622724016	0.00008320779889158673
4	0.00007980593842102649	0.00007177819708068492	0.0000789189401589933	0.00008352623390684433	0.00008187052482316634	0.00008435163000127015	0.00008520604508704873
5	0.00008067963853720009	0.00007213810953803128	0.0000797326232293335	0.00008341510974910381	0.00008060999807623584	0.00008390424983705625	0.00008751595577383957
6	0.00008112638580267412	0.00007279781562284188	0.00008038634150877285	0.00008345772234897955	0.00007969782221445885	0.00008337474831761743	0.00009014680025406919
7	0.00008118587054762344	0.00007361109718706975	0.00008097173379834063	0.00008385298542558729	0.00007901270987960404	0.00008282874936341292	0.00009291582358147984
8	0.00008091589682314123	0.00007453769623355886	0.00008143661214154104	0.00008447420706641578	0.00007848133276479622	0.00008242984278503625	0.00009526428184240766
9	0.00008031382792531384	0.00007538601391886568	0.00008186088578254628	0.00008495992350877375	0.00007827930906354593	0.0000823790464544626	0.00009665458647012657
10	0.00007945515531998309	0.00007613717649083901	0.00008231370562928422	0.00008492978231108095	0.00007851164946423579	0.00008282263179755774	0.00009693751985233389
11	0.00007829331599293423	0.00007689831605688053	0.00008273017264709688	0.00008425036709295501	0.00007917383092344322	0.00008372504440276307	0.00009629458452076812
12	0.00007692911266893312	0.00007788624895990207	0.00008295763006976746	0.0000831302900072311	0.00008010944110679249	0.00008483612673851134	0.00009509852026758897
13	0.00007568420578074317	0.00007918761818100599	0.00008301114207189305	0.00008195941630755294	0.00008121999888008586	0.00008597208647780347	0.00009363246123058561
14	0.00007489077840024133	0.00008071649990994579	0.00008310315404004777	0.0000808817169571652	0.00008252425242361798	0.00008697003051921125	0.00009211985978122586
15	0.00007478724400414636	0.00008230143981318927	0.00008335616017698777	0.00007989507164007321	0.00008408832419728341	0.00008779132548883346	0.00009077868314826974
16	0.00007536997904297785	0.00008376814536550718	0.00008358453076174441	0.000079118496454144	0.00008605628426218076	0.00008858254784629747	0.00008958371998628117
17	0.00007664815394889931	0.000084996041112241	0.0000838028262254153	0.00007881747891132547	0.00008826706674175627	0.00008950746567940093	0.00008848439790139205
18	0.00007850796956201333	0.00008580157556706627	0.0000839950352533479	0.00007905304228316262	0.00009033260918224924	0.00009049621780366766	0.00008747609736645545
19	0.0000808199001356072	0.00008604089542757173	0.00008420402637676245	0.00007974148690937196	0.00009199548970133808	0.00009141033593078195	0.00008679930835008388
20	0.00008335440423397138	0.00008581417244136062	0.00008445575301883513	0.00008092510669907692	0.00009308336561449387	0.00009216372976502856	0.00008664971477752374
21	0.000085798875084006	0.00008530467199084763	0.00008488062506901963	0.00008269977496928257	0.0000936502967469152	0.00009273667510677684	0.00008708707473888308
22	0.00008792368160079449	0.00008470293710590469	0.00008554314796214013	0.00008485435105544299	0.00009370533751757574	0.00009310407868616661	0.00008806170640982107
23	0.00008969424955783956	0.00008398586292639033	0.00008628315138604465	0.00008703343857730465	0.00009349881840410118	0.00009334666817809925	0.00008964960624052619
24	0.00009123236860428228	0.00008324717929958805	0.00008679960043701092	0.00008887104151177702	0.00009311975920929817	0.00009362233207886138	0.00009192039757857187
25	0.00009251551972320956	0.00008271101652921176	0.00008711819935814013	0.00009038292414035734	0.00009255392938367674	0.00009413174717505005	0.00009481675130230509
26	0.00009336591347642982	0.00008263012390264238	0.00008743209504927147	0.00009153998095725177	0.00009187459135357447	0.00009489794212952015	0.00009821204045254775
27	0.00009364881728773386	0.00008313064756045597	0.00008802437545429325	0.00009242849317668226	0.00009115571631646233	0.00009598810263196798	0.000101907036039846
28	0.00009338437922602007	0.00008421913642377534	0.00008892578897662895	0.00009312983506255747	0.00009045048624848412	0.00009750743941150043	0.00010565042142404454
29	0.00009275691249946	0.00008589446859678427	0.00009010498408775903	0.00009382383237611496	0.00008987061523859384	0.00009942903797616235	0.0001089975345679726
30	0.00009190308489597183	0.00008801958190391898	0.00009141087551048627	0.00009445743985862556	0.00008958451251754564	0.00010146189936921862	0.00011170121978371421
31	0.0000909851413629586	0.00009040225170254575	0.00009270411029201859	0.00009494828973114274	0.00008997815481549836	0.00010348302611022101	0.00011374096397546205
32	0.00009023810138366858	0.00009291267119303802	0.00009384798116506835	0.00009525052763002158	0.00009136109801438893	0.00010556157706450604	0.00011525575821696788
33	0.00008987568009353311	0.00009562062504004118	0.00009470478965306063	0.00009556647985929061	0.00009373099825688603	0.00010759772301203019	0.00011639804777101644
34	0.00009001745519682964	0.00009856149198550557	0.00009532822342263882	0.00009597034913934213	0.00009669582018825088	0.00010930919463310117	0.00011725348985204822
35	0.0000906757722976301	0.00010146392559678653	0.00009590606876732223	0.00009653601814418459	0.00009979270684929395	0.00011046205217998337	0.00011788332202344903
36	0.0000919039840755744	0.00010386143843805455	0.00009651447252176395	0.00009727536344954045	0.00010285646882351617	0.00011122708459359595	0.00011821413299260794
37	0.00009383196935186209	0.00010541177094041287	0.00009702113526258212	0.00009834052924830314	0.00010615337953811922	0.00011199564679485548	0.00011812125770469084
38	0.00009655414505881935	0.00010612068987313852	0.0000973168027511363	0.00009984355744732994	0.0001098932118433522	0.00011283899335827576	0.00011743515577182784
39	0.00009998649345158485	0.0001061815745039068	0.00009754071959022026	0.00010178985988164845	0.00011370701744716643	0.00011379206955384955	0.00011620492127828231
40	0.00010376917271197276	0.00010585227046389972	0.00009791653753502844	0.00010398291308091998	0.00011711262070650491	0.00011479811442730221	0.00011469409053515573
41	0.00010741272349715838	0.00010524676085881477	0.00009862251360903885	0.00010634635647041664	0.00011979322038510639	0.00011590324308271368	0.00011340413948624573
42	0.00011049571931913432	0.00010435323919530778	0.0000999434330343395	0.00010887283093552043	0.00012178498470244331	0.00011703090128048645	0.00011277829016582841
43	0.00011293252720650395	0.00010334057100471214	0.00010214235882059406	0.00011172754209069464	0.00012316029816178807	0.00011803240129155187	0.00011306065867863229
44	0.00011471596549617295	0.00010250654255310041	0.00010510629423970863	0.00011462466932086019	0.000124106906772582	0.00011892743125090274	0.00011435194137158411
45	0.00011586997273900744	0.00010221275188807984	0.0001081867725779616	0.00011732449218549755	0.000124753752214923	0.00011960744301658611	0.00011652489804388003
46	0.00011626564880232461	0.00010261064035843955	0.00011091614726758023	0.00011960859670921043	0.00012501429918435568	0.00012024501866502657	0.00011926580339177351
47	0.00011593216584947344	0.00010381432843092618	0.00011343372570371233	0.00012161379136785603	0.0001249460463981697	0.00012116929860748774	0.00012239723046718307
48	0.0001150327415055811	0.00010580616220917079	0.00011623190169823095	0.00012343522059672174	0.00012454802882651001	0.0001228458580928687	0.00012579431529610512
49	0.00011393502215709576	0.00010867023811467514	0.00011942288198880107	0.0001252297151200797	0.0001239375970129547	0.00012547292993170375	0.00012954943096777467
50	0.00011304506056849548	0.0001124658295629379	0.0001228004755660052	0.00012696257522016492	0.00012332381046320805	0.00012868843538476468	0.00013373336907690535
51	0.00011263076192608293	0.00011690990706149472	0.00012589775527551938	0.00012842436276985647	0.00012293475229086862	0.00013199467528462924	0.00013838349345762622
52	0.00011296191592713255	0.00012176060544226345	0.00012861398192920987	0.00012940088040768838	0.00012327081590243945	0.00013510741127817225	0.00014337820606381057
53	0.00011417711044825636	0.00012674874438411147	0.00013092680060609887	0.0001300685569699076	0.00012463365015560738	0.0001381751107669296	0.0001484449665057892
54	0.00011630883835646159	0.0001317581455371934	0.00013325278880634578	0.00013069383841289028	0.00012707117755008366	0.0001416042908124061	0.00015316171837905423
55	0.00011938613994958076	0.00013658164426122026	0.00013566649896827476	0.00013154907110810395	0.0001302910241704945	0.00014556787201451323	0.000157239214349563
56	0.00012338737905541355	0.00014077248525572796	0.00013789028636264193	0.00013276990415582386	0.00013390885456711043	0.00014990924939111365	0.00016044778640145007
57	0.0001282251469094819	0.00014418876207550118	0.0001394927026458127	0.00013458657711435843	0.00013781575893215834	0.00015418809596054976	0.00016298141991752862
58	0.00013378394268784692	0.00014683861837038356	0.0001404252228253147	0.0001369774061859658	0.00014205478206438194	0.00015822833770531177	0.00016531891656651463
59	0.00013988681216320958	0.0001488790906087862	0.00014106671037998153	0.0001398372902841967	0.00014685566237174522	0.00016199342957297366	0.0001680178690532892
60	0.00014617593692908316	0.00015026702961153294	0.00014185583420659538	0.0001430432776650278	0.00015240777896565507	0.00016551918659183585	0.0001712871073842112
61	0.0001522301479043235	0.00015100034444333202	0.00014301211518923874	0.00014671285783796425	0.0001586795796619904	0.00016887472732389066	0.00017486378616354118
62	0.00015737694983538017	0.0001511087464807953	0.00014481934314257948	0.000150936650351914	0.00016531066642399775	0.0001722224982669097	0.00017844968001849075
63	0.0001614349757888163	0.00015075160543323276	0.00014732491814934301	0.00015582968192583157	0.0001717286762413991	0.00017572893842282414	0.00018170689207973778
64	0.00016422811514485149	0.00015045738608924174	0.00015070912426424745	0.0001612889840484598	0.00017749127646499765	0.00017945541123224712	0.00018445325383358838
65	0.00016576198701594188	0.00015077172863332212	0.0001548312057637837	0.00016710785307496041	0.00018280408655250023	0.0001833274081035776	0.00018686597091563856
66	0.00016610852621576773	0.00015213182040389682	0.0001594812325879753	0.00017311815069929068	0.00018788368686146329	0.0001874478724671202	0.00018941348689015605
67	0.00016571254329887048	0.00015466585869544058	0.00016452501915518896	0.00017930902063490603	0.00019272293025198557	0.00019173024615147942	0.00019247435353872023
68	0.00016538865773927202	0.00015824635680158677	0.00017012503271259682	0.00018556151047048006	0.0001973116148304652	0.00019611133852282062	0.00019612480634527014
69	0.00016561660032625658	0.00016295016669148782	0.0001764504171476716	0.00019179326565970222	0.00020168106833662477	0.00020031953880320888	0.00020017794239935295
70	0.00016679101447153745	0.00016902622344225276	0.0001833961120486623	0.0001980586092201704	0.0002058882120784102	0.00020478513090464801	0.00020451446253553972
71	0.00016894797672494349	0.0001764864050203852	0.0001906710458857048	0.00020435606108740647	0.00020960184954386696	0.00020988367647893324	0.00020951904412584805
72	0.00017235304791668327	0.0001847837758158751	0.000198376096570635	0.00021061299809457053	0.0002126696071083058	0.000215854604050405	0.0002154288893565516
73	0.00017722130527604904	0.0001931951506283374	0.0002063673112180948	0.00021680835088521664	0.0002155279340285825	0.00022245848391805103	0.0002226331980926033
74	0.00018370377262240766	0.00020147672098458667	0.0002143492239208459	0.00022312664222337602	0.00021910644896682048	0.00022927235521124216	0.00023114657339264814
75	0.0001918335377827496	0.00021015833414324156	0.00022180018539862343	0.00022922478266486379	0.0002241434169103648	0.00023600905509158347	0.00024085094086416815
76	0.00020121996948349748	0.00021955858433589864	0.0002287208457136917	0.00023483014380849598	0.00023047486749999387	0.00024283367435796083	0.00025149365293446527
77	0.00021124028629998894	0.00022947900415958862	0.00023538946536965472	0.00024026139858294502	0.00023756628287948135	0.00025009293366562896	0.0002627719250700229
78	0.00022146132932802186	0.00023951608039764392	0.00024191379686106993	0.0002457994406174641	0.00024502129735096085	0.0002581616890481244	0.0002741032601965793
79	0.00023211768450606573	0.00024941408529293395	0.0002481754298502094	0.0002518900411163836	0.0002525670064502874	0.0002670038250823133	0.00028457817190799366
80	0.00024363121180265212	0.00025850391952036137	0.0002543907742906597	0.00025824622268419515	0.0002605301137896823	0.00027668665782875745	0.0002932113093534554
81	0.00025624753855249814	0.0002662246013761195	0.00026087268806917097	0.00026492070664892035	0.00026923562456828483	0.0002869127456263763	0.0002998823904081607
82	0.0002694307542947584	0.0002728548352703596	0.00026760747623526016	0.00027132838678272254	0.0002794519213355424	0.00029710953228877376	0.00030493690040514737
83	0.0002821820753238898	0.00027934411677175205	0.0002742679191056318	0.00027776849092671347	0.00029122385360032835	0.0003062165909166203	0.0003095744648183041
84	0.00029341641480568054	0.0002863422607753418	0.0002807903312940038	0.0002852902044312999	0.0003042050392220403	0.0003136741113147592	0.0003142513151230148
85	0.00030243106971060993	0.00029340865803445976	0.0002871548016943472	0.0002948041327630344	0.0003172624995809367	0.00031966752299426203	0.0003190215843876058
86	0.0003102585933812121	0.00030005288931380704	0.0002939835308300958	0.00030656458824104225	0.0003293004656218079	0.00032516209563997125	0.0003236911517946573
87	0.0003181999765782044	0.00030668654537060775	0.0003021250501760593	0.0003199476255651148	0.0003395877081818069	0.00033082477120492264	0.00032797259180052335
88	0.0003270302102570874	0.0003139202289145586	0.0003135273221821704	0.000333994920052222	0.0003479954388375949	0.0003371379921370718	0.00033206801218118584
89	0.00033602535278421747	0.0003223948213966336	0.00032871371135042226	0.0003474387387996518	0.0003554352087571473	0.00034447000409044775	0.0003377272086879019
90	0.0003438603676013791	0.00033323830189126906	0.0003467156532614677	0.000359169125807509	0.0003629166239925146	0.00035298661501759426	0.0003468328286928449
91	0.00035065832339631884	0.0003482376674439738	0.00036480036713470754	0.0003695579454157047	0.00037134311194629257	0.00036307133649647193	0.0003609217326341987
92	0.0003575908392654665	0.00036807735600362943	0.00038097383297773177	0.0003797524163421784	0.0003812826519992733	0.000375633041790193	0.00037899961366294195
93	0.00036728562117108193	0.0003912166028486637	0.00039517005260895986	0.0003906236348594319	0.000392431183346332	0.0003921268865574518	0.0003994070798339741
94	0.0003817943750036474	0.00041437035731237967	0.00040856495322225665	0.0004027641436083162	0.00040508474046118423	0.0004132526473503082	0.0004208508841491226
95	0.0004015671747558918	0.00043494764460925034	0.0004226222581432655	0.0004169616363918754	0.00042011723321741865	0.0004381474676057064	0.00044337063135983145
96	0.0004258274707868892	0.0004536978787975372	0.00043798940543932335	0.00043422460480236594	0.00044005720447508285	0.00046535431386053865	0.00046832746434281614
97	0.00045232907892444235	0.00047213908934890615	0.0004553039294265509	0.0004550336476627618	0.0004664416075545532	0.0004939933135763789	0.0004971375879901662
98	0.00047892080877928186	0.0004912510629217856	0.00047552080763603785	0.00047939496401965134	0.0004986355419753932	0.000524901659544685	0.000531561535002567
99	0.0005040591834721068	0.000511333459097504	0.0004986415006366594	0.0005086645684155211	0.0005347238418092088	0.0005596105958594557	0.0005723775564254629
100	0.0005280571948283081	0.0005321934827842891	0.0005242198528257292	0.0005432389146040351	0.0005730435291483237	0.0005995357622348981	0.0006192525289121812
101	0.0005536105902312816	0.0005543533279885782	0.0005526851036772689	0.000583473923822473	0.0006148184695666569	0.0006463348033501715	0.0006720378626192554
102	0.0005817632165778793	0.0005789071249635574	0.0005872551265319578	0.0006286754328531226	0.0006614770493729915	0.0007001763158250052	0.000730271302689895
103	0.0006121524695611154	0.000607676298476363	0.0006310514626384461	0.0006789230699031243	0.0007152451567547754	0.0007608267520146177	0.0007931701900485551
104	0.00064310095120464	0.0006436879912677416	0.0006847100308461541	0.0007351539826475564	0.0007774013985579726	0.000828120340699891	0.0008601632600094069
105	0.0006748780244732454	0.0006892486286733031	0.000746843949950594	0.0007979470440203312	0.0008487056437943177	0.0009016000102689638	0.0009300042271863098
106	0.0007114638973578373	0.0007458672963974827	0.0008163525542046274	0.00086857658423062	0.0009292032176987237	0.0009804962366626428	0.0010016733792378568
107	0.0007568017493585429	0.0008136401921637734	0.0008921630804947118	0.0009479985604566604	0.0010172408739060079	0.001062456302733798	0.001075128645545472
108	0.0008151087130441738	0.0008937822475841651	0.0009745458619120254	0.0010372137350802575	0.0011113805279264598	0.0011465906894103858	0.0011515901426981225
109	0.0008877528426552326	0.0009860627758069363	0.0010647988487121737	0.0011365957024755543	0.0012095744539060975	0.0012342912387811162	0.0012341341807223728
110	0.000974417219120782	0.00108900611019608	0.0011657067696090849	0.0012458760323346173	0.0013111060245015258	0.0013277205305588027	0.0013238726015891943
111	0.0010754126893517224	0.0012014754624616647	0.0012785930311237617	0.0013632763354565155	0.0014172683220041104	0.0014305037731708048	0.0014229177841270772
112	0.001193470371079507	0.0013239552524069139	0.0014031894558243785	0.0014863820187149051	0.00152955529576141	0.0015432112527425797	0.0015344377992230352
113	0.001330731246247657	0.0014588563419270849	0.0015388482117717828	0.0016149604677665904	0.0016524573430187401	0.001667522776916579	0.00166349737300873
114	0.0014857309002266267	0.001606650754521491	0.0016840571022886655	0.0017504546148884084	0.0017876613352561307	0.0018054600542129916	0.0018142450223086414
115	0.0016544968304863232	0.0017666004002811792	0.0018369677752128773	0.0018962032556162772	0.0019373542053543558	0.001960767382085973	0.0019876382943851056
116	0.0018352638489747702	0.0019387384689028841	0.001995301066640999	0.0020539065862545613	0.0021030940306171783	0.0021410080035776003	0.002181167075233495
117	0.0020268515772785805	0.0021234567056276177	0.002161015714927355	0.002227103699076481	0.0022870697017382904	0.0023476022789487086	0.002384965782660834
118	0.0022302827058762235	0.0023193100073136113	0.002339225973465692	0.0024196628743893833	0.0024964149600987724	0.002575911488555547	0.002596728863310174
119	0.0024481914025012	0.0025267488944728037	0.0025366169525680676	0.002634127961246182	0.002734353677167292	0.0028185420529282575	0.002823792836140033
120	0.002681818799794333	0.0027485038138370457	0.0027573798617849705	0.002875737449726875	0.0029954935257683227	0.003074648973048679	0.0030829344845145655
121	0.002930749449691378	0.0029883064033234884	0.0029994596251244248	0.003148975019939488	0.003274597766672871	0.003358418841381141	0.0033801835161441974
122	0.00319689071175329	0.0032492373229578843	0.0032663681398170568	0.003450489137182563	0.0035736463038415598	0.0036816451979782947	0.0037061848145537235
123	0.0034829582924086194	0.003531301755010445	0.003565816371176341	0.003778345627004156	0.0039066491450477775	0.0040382068480096095	0.004038298597531536
124	0.0037899944656923585	0.00383761692347467	0.0039054774937820314	0.0041320124631056615	0.0042752446016269844	0.004399023567129798	0.004358434980778274
125	0.004114813233257572	0.004177981278834469	0.004284419029195434	0.0045221040145358524	0.0046643008215654855	0.004740754604185864	0.004647267380842544
126	0.004459014907007762	0.004564480473576311	0.004691917051374739	0.004940763219915273	0.005046017883018596	0.00504262909531802	0.004885944971646222
127	0.004829750440116986	0.005004556009449958	0.005129317767021888	0.005359299653448905	0.005391993937147556	0.005286560807315697	0.005076739586988667
128	0.005237404565808504	0.005482866228132851	0.005589591204304882	0.005751321206830088	0.005685150492180552	0.005475138898831659	0.0052527654847452886
129	0.005703155934809205	0.005991937480105802	0.006045844126825439	0.006094373757240664	0.005911403540708047	0.0056393622554135586	0.005453173947878711
130	0.0062442544772036476	0.0065279920000073394	0.006475358605093015	0.006374795108713607	0.006093340352163797	0.005825425957152554	0.0056961929125670194
131	0.006868019106284968	0.007083135996357753	0.006862568084000629	0.006597516660499269	0.006279392630722828	0.0060665446578773395	0.005967866894269994
132	0.007576977540469568	0.007650826136821406	0.007208345389947435	0.0068060206834434835	0.006521964050837111	0.006361372065331854	0.006298176885690832
133	0.008351946917933858	0.008196958469766669	0.0075056413524682754	0.007051362797948216	0.006840067493054428	0.006742676144346894	0.006716114868743658
134	0.009148727200100123	0.00868895725640881	0.007777877501668647	0.007370910181414238	0.007257415016640406	0.007231647101891221	0.0072911395133819935
135	0.009897206553464722	0.009094278550486503	0.008087136866943236	0.007788492422461711	0.00779420163645794	0.00789773563281688	0.008027480919419355
136	0.010547817403302316	0.009424171222189562	0.008478310196887282	0.0083318631109308	0.008515557524642982	0.00873941008157381	0.008907445118521684
137	0.011076203581148192	0.009757454942698151	0.00901021893583096	0.009059396871024005	0.009424263420328084	0.009729039353393382	0.009842467622818844
138	0.011501024301358641	0.010184725097333794	0.009713874330152509	0.010002728790763468	0.010487927862056563	0.010752872708845312	0.01076409684122991
139	0.011950357850314536	0.010819847849738603	0.010674540486227405	0.011152188051863975	0.011598139219102991	0.011740724731217542	0.011632211256457492
140	0.012590682594132478	0.011768937029143934	0.011910995114907175	0.01242255208959154	0.0126862888239516	0.01267518089773337	0.012491108315149548
141	0.013651206357095479	0.013151395248972957	0.013387017359799722	0.013728064124929062	0.013735409546545884	0.01361447677822052	0.013427899988787675
142	0.015247622537467344	0.014977202349932066	0.015021802962451614	0.015009850891983338	0.014801503147545672	0.014659618363719769	0.014565610093773076
143	0.01738403444676588	0.017104269663171873	0.016708886933683918	0.016307991706476767	0.016016683860325454	0.01594310034621841	0.01593214228351959
144	0.019963650929358975	0.01936600294596374	0.018428936634370917	0.0177676500597671	0.017495283549748615	0.01750766287452283	0.01747368196964097
145	0.022877912856240894	0.021697360909976475	0.02031779746179573	0.019566248459064108	0.01932712175519508	0.019329785890253335	0.019046411280294655
146	0.025958725666781517	0.024112946167236794	0.022529507211925863	0.021807320973148567	0.02147226224170563	0.02124931260411146	0.02068518612856954
147	0.029148294724907018	0.026726422991559702	0.025177178646123424	0.02439830157510711	0.023853877076250054	0.023469095371385317	0.022701474784795048
148	0.03249195949393054	0.029696801750210073	0.028227815639090725	0.02732933015309034	0.02669026856600898	0.02634408903310856	0.025498973353714684
149	0.03618384024410511	0.0332319703690768	0.031727885464534325	0.030858339911008333	0.030386284382897057	0.030271991157119198	0.029371268963100095
150	0.040482987589272997	0.037551697677436754	0.03604528437221906	0.03549955571715866	0.03544196381266619	0.03533685651576964	0.034134082703640475
151	0.04557542022240054	0.04287942464584212	0.04163889849592325	0.04160581212201769	0.04158982978798149	0.04102268340001519	0.0392932686856852
152	0.052436646671062126	0.04951048104203378	0.048714395553098214	0.04890223187199645	0.048222294667821144	0.0467757427280969	0.04443154197460107
153	0.06217593886142176	0.05823507834570063	0.057294987619430235	0.05666719777994206	0.05466453017837728	0.05216953440618986	0.049286020309076806
154	0.07669508858843381	0.07009541561148479	0.06687093772121813	0.06430041877000549	0.06083431335621271	0.057287022206978074	0.05404757916406718
155	0.09685767692082074	0.08577507235050007	0.07780890489476215	0.07224067575004808	0.06728608124309432	0.0629961162142134	0.05952632181233887
156	0.12316816255442202	0.10473095213300453	0.09100840579850837	0.08250722373281906	0.07633751729401783	0.07153687657807788	0.06782560611845179
157	0.15485712330064358	0.1275925870589205	0.10846431536560125	0.09812086481916985	0.09136940915066627	0.08601830687825017	0.08174827447894456
158	0.19133569975254172	0.1576464854243844	0.13487871840802457	0.12290413668010663	0.11571398210693856	0.1096525911036953	0.1044917459148053
159	0.23454414403785348	0.1985797468828947	0.17554146377345903	0.1628719940652168	0.1551191061756016	0.14818476794047228	0.1413606556093583
160	0.29361196283718943	0.2580774745631259	0.2363230420488997	0.22213205030698446	0.21342483854904007	0.20549661589500828	0.1959618107722944
161	0.38299572051358094	0.34838006772830593	0.3269501725662011	0.31109723129658595	0.3013020950133942	0.29140162755543947	0.2773795823087915
162	0.5044827090551576	0.4728648544606866	0.44687031499437796	0.4272443427642133	0.4153188324551604	0.40313465658601183	0.385217711230242
163	0.651837350856689	0.6292516925378068	0.5995217763012559	0.5745707069301611	0.5588730327736684	0.5441303384923687	0.5240554747503362
164	0.8061454509387409	0.7941655847987072	0.7686623867881451	0.7453259290334043	0.7294164236873016	0.7145447636961874	0.6946339293593251
165	0.9347266548887048	0.930702690791176	0.9187788190273926	0.9062804534073814	0.8969326561800324	0.8873236958814026	0.8709157757583061
166	1.	0.9999999999999999	1.	1.	1.	1.	0.9926223650277639
167	0.9846371101749221	0.9834824684651293	0.9811025955514421	0.9821806813407941	0.9857715642443967	0.9945968075550443	1.
168	0.9046756057884336	0.8940558324786058	0.8786593315834639	0.8700960600720009	0.8693872803174975	0.880551307599428	0.8952240920476203
169	0.7852043745383961	0.7593139546842881	0.7327607101916398	0.7173496226485461	0.7118056613098892	0.7199077208456728	0.7354078743806839
170	0.6433531857932733	0.6084304041782316	0.5814902178817508	0.567078192447023	0.5610523680711884	0.5653466881223439	0.5760786255384188
171	0.4948628021826331	0.46390356956124185	0.4450574351320528	0.43700422558419816	0.43407779611125424	0.4360497213487543	0.44102920008065205
172	0.35950115712877145	0.3389504502580682	0.328447798611862	0.3255263989121289	0.32557263452345714	0.32670005961146914	0.32743704034487214
173	0.2552912902577127	0.24235782534607583	0.23863657961524243	0.2396579480674178	0.24107420251338463	0.24121278752041755	0.23836254353214514
174	0.18220674504985246	0.17141676779736356	0.17070749887706083	0.1746948321020731	0.17679824759432103	0.17652400933061338	0.17198310804633699
175	0.13514223201611547	0.12537342584567907	0.1250021984213448	0.12871648710514494	0.1302674258667856	0.12955830575244834	0.1250297893471332
176	0.10696007659295534	0.09842028632325486	0.09636196013721465	0.09810668855846921	0.0987798857820366	0.09751720555109242	0.09349437319222352
177	0.09025522799129164	0.08302008023708936	0.0795357241679214	0.07888389199968074	0.07864480805566465	0.07700209237779056	0.07306557563326843
178	0.07892078754220938	0.07358933064321438	0.0700640071080723	0.06789010805259457	0.06675081459112711	0.06467841778471889	0.06099110449522184
179	0.07090919387403691	0.06669981615489473	0.06330065274353291	0.060601458606715515	0.05898092207236546	0.05687148432553798	0.053802801892039655
180	0.06493657469785204	0.060181498548049425	0.05701539243976173	0.05456092927549105	0.05285425661327795	0.05105313148212559	0.04894364604177476
181	0.05977984283085306	0.05367208018792975	0.05016667488120169	0.048297581850666405	0.047151366068401805	0.04601519985683155	0.04491285456488191
182	0.05426845989898825	0.04732989895076303	0.043276159250846595	0.041648280896831875	0.04117809602513349	0.04084241587083056	0.0407983095798651
183	0.048033405821164346	0.041626132215970446	0.037329129078105344	0.03557477421105529	0.03534020899154891	0.03545219399502172	0.0361393143621542
184	0.04152900227547058	0.03691281650434214	0.03308695403065537	0.03098389037676661	0.030394700047644153	0.030447782911922853	0.03118441948944882
185	0.03561340384413062	0.033075912303539956	0.03023025683868439	0.028020154899053972	0.02686067532198706	0.026434752132553502	0.026633586442090712
186	0.030784556935281326	0.029871414989830772	0.02813854561975887	0.026174028044377424	0.024695487811517206	0.0237316196410564	0.023179585550816874
187	0.027021278636528822	0.02705798828573908	0.026217734093565134	0.02481098781611117	0.02331890824424933	0.022066017395787778	0.02101424534773421
188	0.024092452379151984	0.02443916849324546	0.024175966636219938	0.023419922842422034	0.022272008090799454	0.02099470540418294	0.0197797689541645
189	0.021696130487993036	0.021820473108588506	0.021928688489964005	0.021736399343173982	0.02110145605476515	0.0201041352128738	0.018961219894242508
190	0.019478899830277868	0.019231745803956132	0.019510874244646422	0.019735257849905756	0.019628707781112843	0.019061147931335846	0.018178946250577012
191	0.017260752199313334	0.016715835148642257	0.017021708535432147	0.017524452581085113	0.01781941609753826	0.01771375493984775	0.0171783605917645
192	0.014965164285365241	0.014309867205027632	0.014573109384063471	0.01524233781066989	0.015820940088359048	0.01607456548849594	0.015892073563979106
193	0.012721627662322908	0.012061157419488846	0.012295285280949876	0.012991056304304487	0.013768693084538047	0.014278701447993609	0.014414352929254257
194	0.01074145836568404	0.010125387059061996	0.01035476326189795	0.010950238356396545	0.011755581601164359	0.01245069992348516	0.012838002351477978
195	0.009224172792232468	0.008664134796053595	0.008794282942333528	0.009256755437598055	0.009948583788712419	0.010684330697568833	0.011257782094592748
196	0.008188650144597643	0.007660895267862186	0.007626692098895159	0.007930177445829903	0.008448371485470398	0.009107671850451445	0.009737831484161836
197	0.007477380748446251	0.006978554589155197	0.0068031414775647685	0.006935253246116751	0.007281983320294336	0.007792050149729169	0.008366636632627917
198	0.0069052211334857125	0.006451659553608148	0.006202334354552924	0.0061861380950442215	0.006395213887457225	0.0067421719380988164	0.007195560603597653
199	0.006378329586866097	0.005988174508085555	0.0057339265937710404	0.005608407593432966	0.0057041522914211785	0.005923677529293121	0.006222602684186093
200	0.005833547396067496	0.005517343368269465	0.005297070792148888	0.005141364143968872	0.005159647088558605	0.005276916908032027	0.0054494999768087485
201	0.005266027760535174	0.005021448160611528	0.004861799520547084	0.004727951585019899	0.004707848342890549	0.004763110039486043	0.004842082720406868
202	0.004684693474624819	0.004508911557140608	0.00441452470034266	0.0043329711997693015	0.004322540160371718	0.004339599493570493	0.004368821063124391
203	0.004120803590024005	0.004002289847460244	0.003970151702725001	0.003938556530036645	0.003965733651530184	0.0039745866010094414	0.003991705800418342
204	0.003621778135833598	0.003537683332702401	0.0035448688205936734	0.0035479931365334713	0.003615856455470377	0.003647335908875691	0.0036772719077380767
205	0.0032034635547185447	0.0031310645988455975	0.003155965791392357	0.0031830815863849223	0.00326537107561351	0.003338320209542771	0.0033990801684038482
206	0.0028591434558645342	0.002775364829406299	0.002804042524794285	0.002858833063788623	0.002933483988276995	0.003036654105707334	0.0031350318727083734
207	0.002573616902161428	0.002463823392783907	0.002486407063917335	0.002570629845842865	0.0026397005263151564	0.002746227697562147	0.002872379745127911
208	0.0023434568288105604	0.002202683238475372	0.002206846244042996	0.002305598428366834	0.002386954358906073	0.0024767133524813303	0.0026068198671753964
209	0.0021685526441065565	0.0020030462936329978	0.0019705919943009656	0.0020613026794401015	0.002157065681193009	0.002241756338817628	0.002350590525218491
210	0.002034208297607192	0.0018607019700743871	0.0017830588961064095	0.0018445308811636926	0.0019399599194852603	0.0020345405071355753	0.002124400651138962
211	0.0019188824531327212	0.0017578055751109618	0.0016446906674082713	0.0016621571117939155	0.0017401135122186331	0.0018406263502899762	0.0019324796961110557
212	0.0018042315086461717	0.001671779702815635	0.0015476492368109746	0.0015190637732471542	0.0015683912247750115	0.001656849854369419	0.0017621712746402445
213	0.0016828332844470936	0.001584516706887286	0.001476172484092828	0.0014146231377248652	0.0014287755436952806	0.0014916804708171526	0.0015993254700065187
214	0.0015578880433621749	0.0014855672605418346	0.0014109887008720548	0.0013400684345097004	0.0013220804119841755	0.0013534969561239695	0.00144377433225021
215	0.001436529719161287	0.0013770895603000893	0.0013400900136060518	0.0012819746952636582	0.0012426194845042615	0.0012456387432825435	0.0013043166153347704
216	0.0013258597162664823	0.0012712025656785567	0.0012612885650617953	0.0012237004792428827	0.0011828590486692582	0.0011646958921866142	0.0011880849770087452
217	0.0012285487788332853	0.0011771547081328014	0.0011790127615806387	0.0011581177640287723	0.0011323819360216834	0.0011047397421060517	0.0010994581729708778
218	0.0011428748896093405	0.0010960693619686509	0.0010988729265504042	0.0010875864190806963	0.0010824037041746281	0.0010581675887817092	0.0010353880049597055
219	0.0010652944284832815	0.0010247781530372162	0.0010255598873847751	0.0010197633304967896	0.001027758209161268	0.0010170836286653346	0.0009904346371704994
220	0.0009913552956303893	0.0009600349275338548	0.0009611943162497083	0.0009581518423106847	0.0009700172999289157	0.0009761618193443712	0.0009559082744804822
221	0.0009193535763050954	0.000899134485237696	0.0009053690433970853	0.0009026048845430417	0.0009138958840102633	0.0009323362421295564	0.0009258400366914154
222	0.0008492604984929398	0.0008385738429528422	0.0008539380549243636	0.0008519641224507766	0.0008629110137525869	0.000886369278216092	0.0008950987122617823
223	0.0007842797157945371	0.000778237724579369	0.000802505941907028	0.0008057288100391542	0.0008170394131732832	0.000840757273424793	0.0008605156829971951
224	0.0007273983154487667	0.0007214662344041761	0.0007490112732569583	0.0007632543845734089	0.0007750278139602147	0.0007978126670323957	0.0008227560042069895
225	0.0006803133608686054	0.000671196861624283	0.0006953817047985337	0.0007210381498883355	0.0007356404814427837	0.0007576078443764574	0.0007841152529891884
226	0.0006426146046770078	0.0006286757107388842	0.0006453612826096301	0.0006778434312220018	0.0006976773596060262	0.0007193714640707404	0.00074680275488035
227	0.0006104833599633183	0.0005930636839113375	0.0006019242827147523	0.0006339434065748716	0.0006606602692669577	0.0006829689774418053	0.0007111417402095546
228	0.0005826510801083745	0.0005635816734675035	0.0005652918259249185	0.0005918604095709135	0.0006240148936762465	0.0006489588890375014	0.0006769826690618673
229	0.0005586370817865278	0.000538652190107433	0.0005357599116233803	0.0005543810308463828	0.0005877211742345356	0.0006173036647173849	0.0006451100123568678
230	0.0005380154519244659	0.0005158902517385896	0.0005122727772183483	0.0005215145828519263	0.0005521394628791319	0.0005867343089085438	0.0006146792342426293
231	0.0005188907135317491	0.0004944127989361765	0.0004933557248058537	0.0004938570280862852	0.0005185229975579855	0.0005559599576843043	0.0005855655649572391
232	0.0004989777135971154	0.000474654806523189	0.0004757455293766422	0.000471310022889255	0.0004880846290776145	0.0005252008010957509	0.0005561639965276363
233	0.0004783519673522856	0.0004572744624952721	0.00045754502839606817	0.0004535637750057693	0.00046064411863912605	0.0004956348341451468	0.0005261954849991462
234	0.00045787233353056857	0.0004424977370602216	0.00043883561256120754	0.00043884265924345247	0.00043702376707817657	0.00046834212604471314	0.0004956895493451696
235	0.0004383551690682069	0.00042871059817679635	0.0004208780665643283	0.00042412696226311217	0.0004178546164546851	0.00044328859130055584	0.0004658995462978925
236	0.0004198459851472736	0.0004143546144182688	0.0004056253809972791	0.000408648360353954	0.000403279847814137	0.0004206226604399254	0.00043861757144615085
237	0.00040228465789405964	0.0003990472937760827	0.0003932565196993384	0.00039263324358626415	0.00039142756544505034	0.0004008686826795122	0.0004142828458062564
238	0.00038580692639058814	0.0003834859450213126	0.00038239647141938277	0.00037744208278652473	0.00037950039531330846	0.0003847413793859621	0.000392697719027722
239	0.0003702374844960354	0.000368975493275491	0.0003710798391754193	0.0003644918618592223	0.0003667151590736408	0.0003722002949412624	0.00037393940616493995
240	0.00035546750233462387	0.0003556254010927245	0.00035805921183198667	0.0003539805709325613	0.0003539679026507072	0.00036187644063053425	0.00035824246442532463
241	0.0003413495940065864	0.0003432974783929833	0.0003443870946318626	0.00034533084354518615	0.00034274606901166775	0.00035165428150949065	0.00034610541686254414
242	0.0003275449252360288	0.00033163714043796147	0.00033126611418432593	0.0003367617581180697	0.0003340064645029597	0.00034087246939183517	0.0003367545461697729
243	0.0003137750744892557	0.0003201664153607257	0.0003198292002508436	0.00032707843240290733	0.0003273325999689015	0.000330048102294244	0.00032909077392026043
244	0.00030036121523897483	0.0003088845431586828	0.000309893541385805	0.0003161784065394518	0.0003217727935497126	0.0003201851224937769	0.00032131542426120367
245	0.00028753887442353873	0.00029760795902204556	0.00030042973872358014	0.0003048376137230068	0.00031534372994951456	0.00031187975340804926	0.00031287662301604985
246	0.00027531743561381885	0.00028661489734404025	0.00029073701318724416	0.0002942974202187667	0.0003074218273322908	0.0003051229712977468	0.00030449164215020074
247	0.00026377514635536083	0.00027581265096566815	0.00028075030561225547	0.0002850078352887658	0.0002980939467555823	0.0002995852167283676	0.00029747985298829405
248	0.00025381209682147517	0.0002651355747028169	0.00027102187014454147	0.0002768285862265481	0.0002882139348380841	0.00029413503312606586	0.0002923471857334097
249	0.000246073478007884	0.0002547561782319906	0.0002616629557865018	0.0002692857435602775	0.0002786849462698455	0.000288089894097689	0.0002886914547729039
250	0.00024043912735845972	0.00024458100874467974	0.00025256148999744377	0.00026164821792578783	0.0002703419374241306	0.0002810907535888219	0.00028561123203417666
251	0.0002357823116369974	0.00023506950390066362	0.0002441579477188589	0.0002537101428778746	0.0002631564724991895	0.00027315572023104545	0.0002817692603211742
252	0.00023093237956172067	0.00022669837659891704	0.00023655734985727483	0.00024567556508128753	0.0002561536768339163	0.0002647381055701236	0.00027633369259696966
253	0.00022524711831206713	0.00021984728467900404	0.00022953162292904458	0.0002378215770245498	0.00024827451456981	0.0002565503818747525	0.0002692090355337973
254	0.00021840527141590252	0.00021425221304768099	0.00022226626870464465	0.00023031950525332324	0.00023954325507041823	0.00024924472348251866	0.0002607494572506803
255	0.00021094890659972268	0.00020923573590995342	0.0002146238527635989	0.00022313968237960803	0.00023043428882387758	0.00024268266426055772	0.0002515896443625379
256	0.0002032224226102673	0.00020407302831481047	0.00020707087950568349	0.0002163736273469258	0.00022145295302340723	0.00023640983974703212	0.00024248699716488458
257	0.00019528507135664866	0.00019852481250452324	0.00020027734513295594	0.00020987247273824815	0.00021302793722150032	0.00022997315388732933	0.00023438032208796843
258	0.00018680513105530236	0.0001927643136260178	0.00019433262723745785	0.00020345198132628317	0.0002058614007367043	0.00022346609840592983	0.00022731978976266423
259	0.00017789432710064857	0.00018685069853329614	0.00018898509554127383	0.00019690302874992075	0.00019995226205155769	0.00021664243896246364	0.00022054722730971803
260	0.0001693777544264772	0.00018086662164672795	0.00018382219621605403	0.0001905570998032622	0.00019495732884977982	0.00020958121973665582	0.0002134753914413354
261	0.00016187699481683674	0.00017481639611603895	0.00017867159689711074	0.00018465749232099166	0.0001902371485235932	0.0002026526780807458	0.0002062501091661179
262	0.00015576672919601227	0.00016849621719660924	0.00017359556723120018	0.00017940215366178303	0.00018536458934045356	0.00019627559360158346	0.00019932030482546571
263	0.00015096831459323614	0.00016177270914056514	0.0001686770875118358	0.00017471794623883117	0.00018046260447715428	0.00019065150747704407	0.0001928475654041287
264	0.0001471926604930465	0.00015471011312866696	0.00016395863759756203	0.0001704443563383727	0.000175942022388867	0.00018542965248610223	0.0001870487817767879
265	0.00014431539750055892	0.00014798949497719222	0.00015935235019743884	0.00016627144565712945	0.00017225914599789196	0.0001801400368196782	0.00018215691106161254
266	0.00014239887794181646	0.0001422458570420179	0.0001548035722488622	0.0001621385472793494	0.00016945298664606108	0.00017459005213228492	0.00017820934807746177
267	0.00014147962209228802	0.00013764733201916237	0.00015023605110273586	0.00015823021368857831	0.00016699300813674572	0.0001690508571282689	0.0001750063488709654
268	0.00014139353979554045	0.00013398054238414412	0.0001455965347541263	0.00015444553821064949	0.00016442599521835196	0.00016424207848319481	0.00017208229021196974
269	0.0001415469321080604	0.00013119150472937972	0.00014108871719031372	0.00015064130841761208	0.00016146209819435463	0.00016047793647363693	0.00016904696609799558
270	0.0001412873370024437	0.00012944236640918678	0.00013698393712997583	0.00014655906774588485	0.00015828137956012508	0.00015782602832740533	0.00016574001342351436
271	0.0001402383267986787	0.00012862720955962313	0.0001333928779968659	0.00014225983074067186	0.0001550232000588539	0.00015569928200702526	0.00016255301627316471
272	0.000138262086554817	0.0001285639931311585	0.0001301780113303194	0.00013796292948593922	0.00015155828492137305	0.00015365906510933497	0.00016005375985978258
273	0.00013555605345835252	0.00012882318138899136	0.00012731651416787124	0.00013383130386594057	0.00014765331997213096	0.00015153250052097865	0.00015824458227088102
274	0.00013217705270794703	0.00012911194020718864	0.00012496524146144954	0.00012998383182381896	0.0001430054077891186	0.00014932321629417312	0.0001568389173688914
275	0.00012824762338729204	0.00012914169200090692	0.00012325542845299654	0.0001264097042580323	0.00013770589088281504	0.00014713784604521114	0.000155351707866242
276	0.00012375423643636537	0.00012864064787276402	0.00012221331191584277	0.00012335531956921453	0.00013206520423472142	0.00014486743576495084	0.00015358633960280106
277	0.00011892784842924217	0.00012744122695282752	0.00012169812074426142	0.00012089727355091161	0.0001266361882197772	0.00014242933592915213	0.00015126659490973996
278	0.00011414136067202648	0.00012544611935938035	0.000121535244797783	0.00011896448037338871	0.00012190856284100105	0.0001396986830002864	0.00014821834593330542
279	0.00010963843906345315	0.00012269357582955472	0.00012135703965934037	0.00011740668654305534	0.00011794358132808484	0.00013648570785309061	0.00014465645659167818
280	0.00010571373035895052	0.0001191784344431808	0.00012073627858858187	0.00011618718627852172	0.00011460551197529581	0.0001327400843427887	0.00014086758657810356
281	0.00010259768516855283	0.00011504913468455007	0.00011947199187446736	0.00011550477471513492	0.00011176206843651664	0.00012849497089954332	0.00013701782904459902
282	0.00010062538286275926	0.00011064488109050196	0.00011772689006415105	0.00011530125027422013	0.000109504389651353	0.00012414690811058098	0.00013312254484844477
283	0.00009987283646259741	0.0001063617974115398	0.0001157552700277534	0.00011532899579671546	0.00010801099125873707	0.00012012685198620592	0.0001290506808105927
284	0.00010005844174645743	0.00010255746515841255	0.00011349991759771079	0.00011522423995260039	0.0001074968362539032	0.0001167923995284239	0.00012468280517899846
285	0.00010083931702437609	0.0000993148591914701	0.00011079685216847949	0.00011476348347652666	0.00010790416830573346	0.00011428496236843817	0.00011998127629880503
286	0.00010191236140821047	0.0000967731214107399	0.00010767714960088174	0.00011387552128259187	0.00010906381104217733	0.00011230396474902317	0.00011537906893542403
287	0.0001031886264096697	0.00009491217672685087	0.0001044420345395565	0.00011253842454275131	0.00011058396223947473	0.00011045241400703851	0.00011134526453891702
288	0.00010456404005754053	0.00009370638630955573	0.00010132015032817155	0.00011080676658176074	0.00011213572888480276	0.00010850668433310229	0.00010826761477464615
289	0.00010582212351109185	0.00009314256515494724	0.00009842871921443048	0.00010873983773371237	0.00011333146811030677	0.00010676805083227097	0.00010608845922199702
290	0.00010665160700276297	0.00009326351488684447	0.00009602476384173083	0.00010632906297066116	0.0001137671695635574	0.00010562589522682337	0.00010465546978216767
291	0.0001066437976064623	0.0000940834039205094	0.00009435744828127399	0.00010367236405907861	0.00011336396761219839	0.00010516248525811175	0.00010384105157308284
292	0.00010553602995294282	0.00009541743310199662	0.0000933953326499706	0.00010087250193862712	0.00011227971219300524	0.00010524955435082467	0.00010356900383613758
293	0.00010331503115727982	0.00009694848443898627	0.0000928014833461063	0.00009823842307883056	0.00011078395866401286	0.00010566918020791135	0.0001037985413910088
294	0.00010023699593166623	0.00009822626621921718	0.00009232000878999773	0.00009594736488928278	0.00010901811773985333	0.00010621571022642956	0.00010450645455666454
295	0.00009669934940823274	0.00009896017970701816	0.00009200948065507716	0.00009416408000783109	0.00010682945720938055	0.00010663374599950714	0.00010565651580737002
296	0.00009305957618071075	0.0000990528859688544	0.00009196451701677204	0.00009290935023594729	0.00010414004770012833	0.00010667341338994572	0.00010715737465140384
297	0.00008962433525313525	0.0000984492428801106	0.00009221550976514223	0.0000920739787422872	0.00010086754855382786	0.00010642643424881424	0.00010879212074186408
298	0.00008663311597019891	0.00009723787770753728	0.00009252752334415592	0.00009148512884363916	0.0000971558064389493	0.00010609845009201112	0.00011022760575214831
299	0.00008437461208171644	0.00009545596867097243	0.00009272724705674848	0.00009103395601931804	0.00009339193602179908	0.00010578940648803041	0.00011111169183833048
300	0.00008297395845351257	0.00009327653513945423	0.00009260154109517645	0.00009071972730057069	0.00008997290444810731	0.00010537758223970127	0.00011131373578637713
301	0.00008251912870392476	0.00009087049712430528	0.0000920393583057529	0.00009052348215084675	0.00008730379620299431	0.00010464660770659986	0.00011081812962801487
302	0.00008287091484048991	0.000088360654187277	0.00009116953039925088	0.00009032015795865947	0.00008550812753418175	0.0001034115929642775	0.00010971796126613289
303	0.00008382687090864676	0.00008587881142811984	0.00009018866607495223	0.00009013899582301557	0.00008461581235499104	0.00010154790774237311	0.00010824699046610672
304	0.00008516550475327755	0.00008355639260603905	0.00008919775804492988	0.0000899677769417673	0.0000844286567756802	0.00009915107631136708	0.00010659445359594913
305	0.00008668477797041792	0.0000815174038450154	0.00008816777115525586	0.00008979005754381016	0.00008465990610786889	0.00009648510581378354	0.00010474248956851284
306	0.00008834016485069661	0.00007985481175360239	0.00008705537478538881	0.00008943962578911826	0.00008509517454651516	0.00009382768647947126	0.00010249175466853916
307	0.00008994052548294754	0.00007861757182743932	0.00008601573427355606	0.00008879161177837035	0.00008569272082190606	0.00009145722863625346	0.00009975569797819705
308	0.00009120475021697974	0.00007792408519799065	0.000084947832337623	0.00008779986695342416	0.00008652852280079436	0.00008952304482788608	0.00009672613092485003
309	0.0000918188048407415	0.00007783090089893076	0.00008383037869987697	0.00008657599975191663	0.00008763703371017536	0.0000881730356386947	0.00009366341770386375
310	0.00009160671896062163	0.00007841692934133612	0.00008259526624065682	0.00008536310276406455	0.00008889147449051909	0.00008734945533149349	0.00009068582606646851
311	0.00009066762035794153	0.00007958634131839123	0.00008154014370163098	0.00008433934011180895	0.00009018316420223928	0.0000868360058492179	0.00008787610107488517
312	0.00008909574324236597	0.00008103947824323285	0.0000808878989249095	0.0000834991371257787	0.0000912960039928362	0.00008650650127762938	0.00008543369987093275
313	0.00008702398558518943	0.00008256276374292379	0.00008068214114543827	0.00008266535404211448	0.00009195853950625832	0.00008627964109487378	0.00008364253728420027
314	0.00008446763536692218	0.00008387208992418951	0.00008077928070840549	0.0000817420178713882	0.00009181758734391579	0.00008624393355780213	0.00008271136222562242
315	0.00008153161840738933	0.00008472208545873471	0.0000809707614795585	0.00008075860876229604	0.0000906952244426649	0.00008644755051433023	0.00008270451320656794
316	0.00007857253865143745	0.00008493216122808964	0.00008114312360252587	0.0000797986918937022	0.00008874348125127601	0.00008687857609641736	0.00008356562261070093
317	0.0000760811268006021	0.00008448517736666738	0.00008128457020685732	0.0000790093868407808	0.00008636626247401764	0.0000874364838519157	0.00008521431405231452
318	0.00007446499526431277	0.00008370666447901146	0.00008138515945509918	0.0000785984242452071	0.00008405186989782834	0.00008794889381301205	0.00008738486692721002
319	0.0000737689712637269	0.00008275085188134728	0.00008152005932665036	0.00007859514057353495	0.00008200013917024183	0.00008821836400768698	0.00008979611054632336
320	0.00007371416172912756	0.00008162571368412957	0.00008164082504354176	0.00007889530364108945	0.0000802938571275443	0.000088161871302069	0.00009205923046651537
321	0.00007407615100560896	0.00008019008242085904	0.0000817379922117595	0.00007947518932746467	0.00007886134328390181	0.0000876830391614257	0.00009390293943820192
322	0.00007473819931525153	0.00007840709283704695	0.00008170303473777585	0.00008036880167774968	0.00007767700881180694	0.0000868641686564222	0.00009508908872707797
323	0.00007568152205241934	0.00007645790959888444	0.00008162871223473625	0.0000814862324315395	0.00007668536439129211	0.0000857576688455601	0.0000955165898900138
324	0.00007694590759835987	0.00007460910054083411	0.00008168064748303639	0.00008253404868550953	0.00007593792564944132	0.0000845695278497764	0.00009521625756338531
325	0.0000784393911853416	0.00007330442341536968	0.0000818656166635479	0.0000832581835882132	0.00007557718992136332	0.00008353076548735209	0.0000943213419046926
326	0.00007987321278115271	0.00007266420836854508	0.00008187839143963508	0.00008364282110089592	0.0000756522555363725	0.00008279280055301308	0.00009281712810106308
327	0.0000807608890894355	0.00007244509518049885	0.00008138934500505906	0.00008369159188554232	0.0000760745971780477	0.00008232048279234927	0.00009074735615324422
328	0.00008086106112477042	0.00007241089809028605	0.00008037647130569112	0.00008354768047409948	0.0000767593600818906	0.00008192452408066437	0.00008837494284662554
329	0.00008025760109094353	0.00007248858565623137	0.00007907278533888303	0.00008341451270121506	0.00007763604052162533	0.00008136721813953035	0.00008613073539469371
330	0.00007918523581605875	0.00007290064536224423	0.00007764889090373251	0.00008343548125497165	0.00007864460793925791	0.00008059228983489318	0.00008416867417873482
331	0.00007773136870546977	0.00007380746450767869	0.00007622110327942233	0.00008344486642827401	0.00007972815906643959	0.00007959433702190368	0.00008226767171892699
