pixel,1400A,1450A,1500A,1550A,1600A,1650A,1700A,1750A
1	0.00006569363386488988	0.00006334011884509914	0.00006075731799038424	0.00006842777409182867	0.00006983627666289496	0.00006465301159876735	0.00006578593064424093	0.00006432035793646798
2	0.00006657624364982824	0.00006439171770392323	0.00006083104230740782	0.00006884093085620775	0.00007089741684282502	0.00006618425741526186	0.00006704172693160248	0.00006469243724891498
3	0.00006720579236155921	0.000065524785920086	0.00006141897099423037	0.00006908338550763634	0.00007173686658830783	0.00006777929670344391	0.00006846795814149906	0.00006554678217096363
4	0.00006762728127387884	0.00006656476721991941	0.000062436862520753	0.00006927610445773638	0.00007212424077816577	0.00006928105868605698	0.00006992223367988924	0.0000669707732999312
5	0.00006780982295724841	0.00006744918984284488	0.0000637470265467652	0.00006954791221165347	0.0000721568291900832	0.00007068105974209042	0.00007138411233043812	0.00006889144116168726
6	0.00006777564205761703	0.00006823893470107807	0.00006528292443414228	0.00006999143396691992	0.00007206396691751106	0.00007214269106114048	0.00007292449354047235	0.00007110717016917933
7	0.00006765034555960748	0.00006902039326013427	0.00006704279547887401	0.00007056230379480014	0.00007206010694507225	0.0000738561930624649	0.00007464378037357698	0.00007336362942257097
8	0.00006760382119435948	0.00006976520825801495	0.00006895503578436503	0.0000710992253170405	0.00007226407792694388	0.00007580002171650715	0.00007663307865780866	0.00007550442063287167
9	0.00006769267186983272	0.00007034959345017	0.00007096566953594914	0.0000715587707833062	0.00007277632988593845	0.00007768713357990533	0.00007892742802273357	0.00007764301797839044
10	0.00006781067904266603	0.00007065623321922043	0.00007313109490478073	0.00007212505025632448	0.00007371098045840072	0.0000792082264487373	0.00008150159498384255	0.00008006697487680213
11	0.00006783979472380021	0.00007069648027137497	0.00007552581489042747	0.00007308766550792963	0.00007512792181904671	0.00008024407787159959	0.00008421769048238307	0.00008304469714717845
12	0.00006778191510916358	0.00007070261204135934	0.00007802747600661175	0.00007460909333719524	0.000076882003632823	0.00008085171104076216	0.0000869611191731375	0.00008660063157758429
13	0.00006778444527387571	0.00007103747125699899	0.00008034790372688964	0.00007662786321164216	0.00007857349203698849	0.00008129755383906759	0.00008963122669628666	0.00009056836839739271
14	0.00006813374695559112	0.00007188421245533266	0.00008231658825121527	0.00007893080654291572	0.00007975084793030481	0.00008187345658828161	0.00009216843615302169	0.0000947357273931924
15	0.00006913533734305979	0.0000731181572407708	0.00008393147869093661	0.00008126224198290203	0.00008018770435225974	0.00008269304828438051	0.00009454807545939565	0.00009892663920559745
16	0.0000709629925972337	0.00007450061739482414	0.0000852436354511985	0.00008350238958178452	0.00008015396263163154	0.00008373422220501662	0.00009673491951364372	0.00010297250905031774
17	0.00007357938640450661	0.00007591505620990165	0.00008629286708883237	0.00008568491092392372	0.00008029289692804702	0.0000849403440651414	0.0000986932169149509	0.00010668045693334235
18	0.00007671586400070612	0.00007747572032211039	0.00008709571617623018	0.00008779146103013856	0.00008124322084643735	0.00008636289684730348	0.00010048882116737912	0.00010985413491893388
19	0.00008004184379294676	0.00007939436017575616	0.0000877455061911844	0.0000895940081620674	0.00008330538670167925	0.00008806964164273245	0.00010230277430723877	0.00011243993057050936
20	0.00008340962293560501	0.00008170814480137197	0.00008830830514811332	0.00009081785055357628	0.00008631395840793343	0.00009005984427845012	0.00010432662275075086	0.00011447220234720592
21	0.00008681854000125726	0.00008424270346611512	0.00008874537241092431	0.00009151822559829245	0.0000898186405780253	0.00009227956243415798	0.00010656798286961829	0.00011605895795293873
22	0.00009027318484906507	0.00008678991421937296	0.00008899913303783322	0.00009207217898690669	0.00009333515559340493	0.00009465967228886647	0.00010882949421354773	0.00011728098934037597
23	0.00009376301833162801	0.0000892408417570807	0.00008909391079728692	0.00009282591890694546	0.00009648653594324994	0.00009723084187584551	0.00011096628750535467	0.00011819289795733949
24	0.00009725070351867843	0.00009155233786318758	0.00008906832726830887	0.00009398325705110425	0.00009915588799602604	0.0001001371128891634	0.00011293630462378463	0.0001187699822819334
25	0.00010058882937382024	0.0000936413661606182	0.0000889887201742727	0.00009553621084699221	0.00010158157989802931	0.00010354362435564514	0.00011459774748058524	0.00011908040109417319
26	0.00010357655426018104	0.00009540348400790054	0.0000890554599023396	0.00009730274794221238	0.00010411659357852039	0.00010749832697111859	0.00011580361319597811	0.00011917664226408448
27	0.00010609563374158771	0.00009675973762327427	0.00008951793128405247	0.00009910261721484967	0.00010710892239668587	0.00011182412614910794	0.00011671532157542132	0.00011911942457986069
28	0.00010817111897879741	0.00009769919168522732	0.00009053925562499935	0.00010093590731357057	0.00011067633372465577	0.00011612400139888672	0.00011768818363768805	0.00011895393199160618
29	0.00010979348539943797	0.00009819752013508089	0.00009226815078712881	0.00010295136273803687	0.00011471409868070635	0.00011994256583926891	0.00011892789489633918	0.00011878038578918282
30	0.00011072147266497224	0.00009826681269433488	0.00009479280800256816	0.00010524467778020065	0.00011888857108704814	0.00012291409309259807	0.00012036230787629321	0.00011864395952296114
31	0.0001107190769574193	0.00009810388206729096	0.00009794211211809746	0.00010789046332512906	0.00012272304464853713	0.00012495987057206673	0.00012188161058998955	0.00011852804804103892
32	0.00010994457017509873	0.00009809447472429992	0.0001013106764855681	0.00011085974913196901	0.00012581414899102473	0.00012641296205674323	0.00012348551297219575	0.0001184652053004162
33	0.00010878783392301364	0.00009869992990271776	0.00010456348444272829	0.00011397542484863311	0.00012793919990937574	0.00012774371389023467	0.00012521568997410915	0.00011873137489745055
34	0.000107543117539994	0.0001001571348251652	0.0001077014778235752	0.00011708085282076592	0.00012911649876355317	0.00012924492420416785	0.00012694630181874335	0.00011972688310424838
35	0.00010648704624277297	0.00010230176093387976	0.00011108063034595188	0.00012016507745611718	0.00012947223331789362	0.00013097866813039397	0.00012844429792299172	0.0001216539248966758
36	0.00010585394499578227	0.00010472280149102115	0.00011502748190181874	0.000123217722804106	0.00012932674815116575	0.00013281453194341223	0.00012963250008417654	0.00012428985604831522
37	0.0001057332546686884	0.00010709169101401921	0.00011955491136414564	0.00012605194973172742	0.00012926068616206742	0.00013453561669706857	0.0001308271135650925	0.00012731722493728738
38	0.00010616046022035456	0.00010944326742366592	0.0001244284488964938	0.00012835047226067125	0.00012987207236511938	0.0001359308894621262	0.00013251356381074476	0.00013058109217502854
39	0.0001071899330949525	0.00011217358011733622	0.00012927866387231373	0.00013003475360025008	0.00013136864982631646	0.0001368964889025685	0.00013492978227505948	0.00013395234422755548
40	0.00010892644564935484	0.0001157088125431462	0.0001337378979787961	0.00013144449310916693	0.0001334810187794124	0.00013753581381162794	0.0001380770603879748	0.00013749918849696773
41	0.00011149498705646643	0.0001201156718821156	0.00013753409049529133	0.00013303045445584274	0.00013568763053159062	0.00013818152029679206	0.00014181177276079826	0.00014155912552724138
42	0.00011496456962498691	0.00012506239057860313	0.00014053366507735168	0.0001351944687380882	0.00013758481548419707	0.00013918568148855632	0.0001459377786499446	0.0001463561651991298
43	0.00011927703790989766	0.0001300841350463441	0.0001428415091776119	0.00013805255801806673	0.00013913687737581457	0.0001406445839796635	0.0001502592718601804	0.00015165346977729906
44	0.0001241546510235488	0.0001347115990619177	0.00014467370782846503	0.000141310085483669	0.0001406081247284436	0.00014251322409549857	0.00015464461631712026	0.00015723098412132966
45	0.00012926469693759404	0.00013858018525603232	0.00014623725819261355	0.00014441354403362615	0.00014237764013860478	0.00014482072481326124	0.00015903605010187473	0.00016307623410312063
46	0.00013446530771058865	0.00014162777867670728	0.0001477434882679276	0.00014692143742494959	0.0001446632623852706	0.00014766772842398702	0.00016341465207392832	0.000169351738453772
47	0.00013978070311458288	0.00014402741591469274	0.00014937575864242756	0.00014877026754815496	0.00014746156936083646	0.00015109117573646513	0.00016773773371605975	0.00017600304904947112
48	0.0001452537740128313	0.00014608365722751834	0.00015111886446603697	0.00015025855675146273	0.00015081427196181495	0.0001551183144684924	0.00017208019613352223	0.00018262659498095393
49	0.00015071924113242585	0.00014826420230775142	0.00015274797263240073	0.00015197595691488755	0.00015488228974419016	0.0001596969512804464	0.0001766026822757263	0.00018859608209802211
50	0.00015586197564491566	0.00015105096808789122	0.00015405244479626656	0.00015443145968931316	0.00015974226036456497	0.00016463652155443914	0.0001813632292377018	0.00019366191848475836
51	0.00016043335813294867	0.0001545747809200541	0.00015495870371171557	0.00015782807988944008	0.00016513687695643125	0.00016980275375227445	0.00018633534219088518	0.000198082114038152
52	0.00016424159838292893	0.00015831267707921054	0.00015564259740888674	0.00016206422655006867	0.00017080366849737087	0.00017532464152906756	0.00019140459198876413	0.00020231311496544905
53	0.00016738992268430263	0.00016153007573014026	0.00015665756216593784	0.00016675107084071557	0.000176536619033753	0.00018131402490792245	0.0001963914174396349	0.0002065209440661351
54	0.00017030969873887042	0.00016403794983418774	0.0001586565776506652	0.00017156530110345425	0.0001820367021685701	0.00018775790828859222	0.00020121046764103753	0.00021044861811200308
55	0.00017316278725421037	0.0001661754403221266	0.00016190903420580183	0.00017644897929053563	0.00018733327230137188	0.00019456733986366437	0.00020578436685774823	0.00021369448313058735
56	0.00017573115039296361	0.0001683454933998698	0.00016612375645819075	0.0001814869488197525	0.00019281515873890282	0.00020150143080454848	0.00020995800552017565	0.00021574145443705066
57	0.00017773851731262276	0.00017078827262934827	0.00017085248201433926	0.00018669392356456584	0.00019879903690046453	0.00020842021280061197	0.0002134230685982508	0.00021620249907669897
58	0.0001792223431091334	0.0001736715831712211	0.00017614395499543988	0.0001921449050266033	0.00020532796101696132	0.00021506963542569603	0.00021603343089365135	0.00021523167760880167
59	0.00018061864033640105	0.00017721603453833086	0.000182337367270762	0.0001980578745343667	0.00021205629634731438	0.0002209795853309216	0.00021777930047791672	0.0002134203233648083
60	0.00018238525224423326	0.00018135574047655978	0.0001893874676578855	0.0002044782678904794	0.00021838180582314245	0.00022579611102081196	0.0002187460648402576	0.00021164869814907045
61	0.00018471685279539856	0.0001858793834375298	0.0001969190004063772	0.00021141887958417627	0.00022385040516923507	0.0002294915512114375	0.00021931491534987068	0.00021074916749431056
62	0.00018778759239388497	0.00019081518378739334	0.00020478281336685293	0.0002189454945943692	0.00022844245523577186	0.0002322182554984782	0.0002199790551981768	0.00021116612615297643
63	0.0001917451129845801	0.00019640990945250577	0.0002130514325759453	0.0002267596604608859	0.0002322563501356763	0.00023403204652372065	0.00022116354778592754	0.00021309673816334462
64	0.0001965473635659756	0.0002027340706502969	0.0002217179945977046	0.00023410319921437532	0.00023540709806773078	0.00023486324720232353	0.00022313520572380383	0.00021655157117432758
65	0.00020219339727852478	0.00020935397330636062	0.00023059188117710588	0.00024021728820152732	0.00023800567619835958	0.00023500168425334524	0.00022600453414416371	0.00022121456117979224
66	0.00020884296273268921	0.0002161729096408721	0.00023932491381328824	0.0002449289830271528	0.00024013707740847985	0.00023519136392008538	0.00022993702465204385	0.00022637276485326668
67	0.0002166793250981567	0.00022387595203007872	0.0002475243769015401	0.00024847627853861955	0.00024200611266983577	0.0002362029884406466	0.00023526775003749213	0.00023097189920298628
68	0.00022570815020396475	0.00023321075763933007	0.0002545678902434377	0.0002512289978556347	0.00024377804377932185	0.00023837740491994096	0.00024203143421880628	0.00023423990839792363
69	0.00023567626990976672	0.00024409046293752187	0.0002598439547610195	0.00025348456350031363	0.0002454898033598391	0.00024177130756056876	0.0002494362060386484	0.00023656505967541706
70	0.0002463639984055496	0.00025526630121269886	0.0002634439874084152	0.0002555631597992308	0.0002474847123128593	0.0002464719055519184	0.0002560924138946802	0.00023895258763122657
71	0.00025765746845191414	0.0002649885679931928	0.00026609509921272733	0.000257872771379223	0.0002505886118054882	0.0002524652704926341	0.00026073887073764225	0.0002424932768957282
72	0.0002694016757572164	0.00027235321789070925	0.0002685522568510017	0.00026072760073183584	0.0002556877221121786	0.0002591002659377555	0.00026345707123144715	0.0002485840739624464
73	0.00028125021288044285	0.00027785825116864336	0.00027119468573201587	0.00026433367620621115	0.00026324705044665736	0.0002652635388937034	0.00026535299569144076	0.0002584309164358406
74	0.00029244193643061307	0.0002825282216652136	0.00027395464361136453	0.0002690515575595218	0.00027286034666931276	0.0002701183266982469	0.0002682663684711795	0.00027215784635069746
75	0.0003019507223830478	0.0002870202127547422	0.0002765527978461438	0.0002754138852626462	0.00028303394652709013	0.00027411430330206754	0.0002744072270096328	0.00028877419561947813
76	0.00030922961104402544	0.00029147737106009286	0.0002788958589813158	0.0002838304830783725	0.00029233953057404143	0.00027840854140426615	0.0002853772338576553	0.00030696047428857304
77	0.00031440512762304583	0.00029583404065293585	0.00028172192452615054	0.0002940337175966229	0.00030012298052710455	0.00028442259004013366	0.0003011094672445093	0.0003259072461957744
78	0.0003182425138686139	0.000300065588750592	0.0002864417985843516	0.00030466562596359863	0.00030663428446487046	0.00029391746699743387	0.0003202960100066683	0.00034550748631174993
79	0.00032169497064556607	0.0003045144322672595	0.0002941567482926878	0.00031432490531681863	0.0003131474787323826	0.00030822030361832753	0.00034179712795176785	0.00036617790553262656
80	0.00032559645046715386	0.0003098847301684545	0.0003047834761012169	0.00032275969811541903	0.0003219585519337258	0.00032738106274363496	0.0003651511400763245	0.0003880631284340794
81	0.0003301537938039984	0.00031718130234012823	0.0003170797610117087	0.0003307296251243987	0.00033552307509200033	0.0003504448512068097	0.00039002992098650393	0.0004105492787811819
82	0.0003349774099692828	0.0003272407773415727	0.00032940743474695706	0.00033983456231151334	0.00035485612533749203	0.0003764678682298615	0.0004155213683800749	0.0004326823327015025
83	0.00033981038972990163	0.00033981264304056605	0.00034071409096500207	0.0003525854803939041	0.00037921262122529747	0.00040479073499642964	0.0004404389341420719	0.00045434870730830864
84	0.00034539164831108777	0.00035394771535532816	0.0003516008580762377	0.00037123128151721755	0.00040723386543643455	0.0004343953432047453	0.00046430887677661916	0.0004764969845110966
85	0.0003533648111757001	0.0003687781590400337	0.00036458797023193666	0.0003959573134926315	0.00043805309961953386	0.00046407537410443915	0.0004879813331361979	0.0004998993641776305
86	0.00036555299073142127	0.0003838597532646687	0.00038290317125269115	0.00042516643304144124	0.00047115147134946657	0.0004933472793763359	0.0005131287231853644	0.0005241737493909622
87	0.0003827441096391856	0.0003995759641649967	0.0004081808445513231	0.0004578566346731608	0.0005054543994857164	0.0005226891407826044	0.0005407507312555652	0.0005480289191635153
88	0.0004039099759257819	0.000417513813382136	0.0004397974029116371	0.0004941928653138457	0.0005396753217485428	0.0005535611613993965	0.0005704296992221195	0.0005706561539742681
89	0.00042730961921163	0.0004401085584083343	0.0004762368511347841	0.0005337287665629519	0.0005737914589399674	0.0005871264252072465	0.0006007364259962213	0.0005931682280851593
90	0.0004521157890305698	0.0004692597040898956	0.0005165668886611081	0.0005746843545039661	0.0006088836503293575	0.0006228030833360243	0.0006307823856076928	0.0006182528556249781
91	0.00047873175091940227	0.0005052135025176039	0.0005605087463242917	0.0006156030571353756	0.000646257939313619	0.0006589672400630622	0.0006614321125956773	0.000648974669336217
92	0.0005088880303391034	0.0005470114374833256	0.0006074312353207805	0.0006565710218133351	0.0006863467408637706	0.0006948334817015418	0.000695078545939059	0.0006874088372436558
93	0.000545217698199805	0.0005939851202871921	0.0006560988538398865	0.0006990581973579064	0.0007283890543225105	0.0007314830409252163	0.0007344352047809282	0.0007334451784676984
94	0.0005895374967427957	0.0006464867490253453	0.0007057955258430002	0.0007448198886825226	0.0007714989355815722	0.0007719904166680654	0.0007816524424953464	0.0007856210612189943
95	0.0006420956124549715	0.000704016198770768	0.000756938721738532	0.0007942832137499794	0.0008160243313940832	0.0008198761051596282	0.0008376040866766823	0.0008428187107719552
96	0.0007024152777220533	0.0007641748481856555	0.0008105971932082362	0.0008460626175901093	0.0008642472016450237	0.0008778379927669124	0.000901400288649186	0.0009050289283120351
97	0.0007696034110793549	0.0008246791539254707	0.0008669552363633773	0.0008988245992555509	0.0009195884919912214	0.0009466467610221039	0.0009711760857893109	0.0009734946050063408
98	0.0008416255738924665	0.0008853218268877986	0.0009254573148743247	0.0009535091751752344	0.0009853919581182225	0.001024864998579784	0.0010457968355931141	0.001049649456184374
99	0.0009153443337261747	0.00094799734901775	0.0009859860112463386	0.0010145190305131902	0.001063100997205418	0.0011098920151374663	0.0011264422372419044	0.0011350105249455541
100	0.0009886392706851892	0.001015167241498799	0.0010498775188319755	0.001087503647139721	0.0011515431430508122	0.0011997653233631418	0.0012152383088944807	0.0012318843941397702
101	0.001061981054800612	0.0010876013607221224	0.0011208442673435906	0.00117609144391378	0.0012482401529850316	0.00129555240365903	0.0013148700319152728	0.0013418373050819372
102	0.0011379562371577339	0.0011645034561858635	0.0012038387564095164	0.001279941580881304	0.0013516369501755227	0.0014003526220630583	0.001429268883054567	0.0014644076090948375
103	0.0012194415483545262	0.00124693109862719	0.0013025992243807236	0.001395414116602216	0.0014632852332718729	0.0015179315658659907	0.0015612960247996272	0.0015975671552455948
104	0.0013086478684969385	0.0013393897482145937	0.0014174025356448626	0.0015187469168593366	0.0015863353950598443	0.0016522472576196096	0.0017095379932651647	0.0017390594927685892
105	0.001407627875831001	0.0014463650662411554	0.0015459260292165873	0.001650389667749337	0.0017238502290436147	0.001804554866110947	0.0018686071017016514	0.0018876504401568101
106	0.0015176028108787134	0.0015701535200835115	0.0016857393307447915	0.0017943673797705469	0.0018784338449729502	0.0019711016276746504	0.002033267507649824	0.0020428338631062336
107	0.0016397461532631856	0.0017114382995959997	0.0018363208731106662	0.0019554987316646234	0.0020505618479723987	0.0021457532204188943	0.002200770359381402	0.0022015887230251155
108	0.0017760622068843587	0.001869819098276682	0.0019985773294056404	0.0021366096549120476	0.002236525784254926	0.0023244814940156	0.0023679774947373976	0.0023545043072338706
109	0.0019304440978321516	0.0020441361530714034	0.00217618292088486	0.0023363426626214455	0.002430654411843161	0.002505262648649216	0.0025273574776515494	0.002490618159837365
110	0.002107577170184753	0.002233112493716717	0.0023751367139658065	0.0025486983536698446	0.0026285519065030963	0.002684364164187603	0.002670968086358211	0.0026094333070692515
111	0.002308732555732726	0.0024374304068339636	0.0025982466572992352	0.0027662978664334944	0.0028244548113290887	0.002852094800012773	0.0028003586107327354	0.0027251029795465793
112	0.002530853715822955	0.002661069736247227	0.002839525339568047	0.0029840506751498876	0.0030101167854516596	0.0030000759017175726	0.002929503107104122	0.0028534305147278425
113	0.002770084223500468	0.0029071437868158126	0.0030869857037554155	0.003196806478908203	0.0031775770508314775	0.0031324739515749245	0.003071360209547859	0.0029948104818810933
114	0.003026373937259175	0.003172296068741569	0.0033297331729179517	0.0033934340950631785	0.003328499523395102	0.0032655176853334947	0.0032225706524676694	0.003139848989780095
115	0.0033044898570670075	0.0034463321342562124	0.0035589457520446752	0.0035619512086493173	0.0034796138785863563	0.003412222102610398	0.003373608188583134	0.003287559668034499
116	0.0036077109013464125	0.0037166848234477658	0.003765209353471398	0.0037055233402774057	0.003647404930240993	0.003573684951944861	0.003529139375792668	0.0034561639680353836
117	0.003929106596161683	0.003973148078918073	0.003946055677451785	0.0038489256035187545	0.0038288375393008465	0.0037516720649212864	0.003712146186253909	0.003674608147213821
118	0.004253873703394532	0.004206618893072501	0.004117597305857102	0.004018451815157276	0.0040140369134540384	0.003961152559704587	0.003949970033941629	0.003964204655463833
119	0.004569615245191261	0.00441493751772509	0.004306028560687564	0.004221386744779527	0.004213039038593239	0.0042268458912843665	0.0042586206563736875	0.004323233722206489
120	0.004867639079826869	0.004614678524751611	0.004525871326777789	0.00445417937745041	0.00445828852871016	0.004565068824000717	0.004638209211781677	0.004727569447521105
121	0.005144179160131145	0.004838345335549234	0.004770489818136928	0.004721797424698561	0.0047831634276176765	0.004975210652901561	0.005073980326858326	0.005143771214953944
122	0.0054108269173751816	0.005104876025526852	0.005031134643747608	0.005046397969114144	0.005200230860874411	0.005444940775757716	0.00553641019498027	0.005548112787817825
123	0.005692322544751162	0.005399096338485786	0.005327723616086977	0.00545603524074522	0.0056981195205206975	0.0059489272724666115	0.0059909208370019385	0.005933103604817703
124	0.005999117259310508	0.005703518346818273	0.005703506515345313	0.005959723901535505	0.0062430365361138785	0.006449105593448398	0.006414725965782502	0.006300846456531596
125	0.006316375771915364	0.006041397521889722	0.006183503491366184	0.0065321334314464895	0.006787102048344314	0.006913257115738794	0.00680906540740076	0.006669156808434172
126	0.006633992785101746	0.006466010288201536	0.0067541325252508414	0.007121390163840466	0.007294813385249964	0.0073374918817352905	0.0072061675449307345	0.007077858262566771
127	0.006988713510349417	0.007005219297139316	0.007376695789752431	0.007679156197797006	0.007763107977757141	0.007760624927983827	0.007660013625952379	0.007577220732569957
128	0.0074521292493635325	0.007649529307801129	0.008007840305731349	0.008190328932693145	0.008234701058596697	0.008247588052560225	0.008217598083735915	0.008186526991720547
129	0.00808105241967282	0.008376448129564524	0.008619270564366897	0.008689063906564811	0.008777173560909377	0.008843866415291725	0.008875381064733899	0.008857443828163818
130	0.00889362160265404	0.009154075405463995	0.009208431505867387	0.009245316535755688	0.009434007160979382	0.009532767838550445	0.009567904162173187	0.009498246155755966
131	0.009860890808417727	0.009930282453982683	0.009811244445156377	0.009921443948942617	0.010187110168100963	0.010240386502171982	0.010213686670944485	0.010042777049484903
132	0.010893352041048325	0.010669512374665364	0.010503454960052947	0.010728969176150025	0.010962000946869256	0.010893048573562804	0.01077600670124063	0.010496947877642385
133	0.011892937620209192	0.011430259923205193	0.011350772428358863	0.011606346583307376	0.011686944857545995	0.011471419935312742	0.011283585422984433	0.01093362927896605
134	0.012855489662103382	0.012332791953282005	0.012332291683696107	0.01246640521657539	0.012349052073159943	0.012025284660604091	0.01181894318805867	0.011454126943513825
135	0.013900206637054342	0.013434679382990545	0.013345467445099023	0.013274443431415192	0.013013104993260433	0.01266352714878337	0.012490654857128154	0.012146017981059224
136	0.01514295892476609	0.014654563154063252	0.014309188636401038	0.014089637044362474	0.013805859232858517	0.013512196752404282	0.013387924060106658	0.013033724790445511
137	0.016566238580731436	0.015862746097468957	0.015252978764223516	0.015046643267549956	0.014848109114598555	0.014641442068863003	0.014500918107120564	0.014061056437973214
138	0.01804929473691303	0.01702410014425326	0.016324875224848264	0.016279672394436805	0.016181009651788127	0.01600503047287115	0.01573320991298651	0.015136705797465152
139	0.01952800916058317	0.018274095985757834	0.01771534560209568	0.017854780190372982	0.01775226628906005	0.017498736929186392	0.01702316258798225	0.01625422287834372
140	0.02108720107346806	0.01985441607229903	0.019559499628117292	0.019733352521379373	0.019493866311529027	0.019101532326467458	0.018476411387936403	0.017572382443392487
141	0.022950160538290305	0.021969221171930047	0.02185356763968881	0.021833496313215295	0.021452809698309715	0.020957864123857813	0.020287204727576457	0.01929589991533305
142	0.02538080415975362	0.02466644880842971	0.0244941457670897	0.02420622014573854	0.023814799843435167	0.02323499524787136	0.022542395973185563	0.021476861032106175
143	0.02850478034986974	0.027863009306313205	0.027459068948279142	0.027029275038964188	0.026673819128893866	0.025953270600209872	0.025133836163588687	0.02399125531766096
144	0.032237279022608464	0.031476952799830454	0.03087495177691184	0.030343754146565	0.02986862598439382	0.028969524598442695	0.02792196877321167	0.026727587494478282
145	0.036525002372797204	0.03552363544271963	0.03475332587442828	0.03393450450284991	0.03317574567849549	0.03213783020637056	0.030815646956385664	0.029564143890828183
146	0.04165389488195982	0.04003422804926107	0.03888302074840418	0.0375933402988601	0.036512012942229964	0.03533756545635003	0.03367484336223747	0.032303494626125494
147	0.04800589737917363	0.044953846093548876	0.04312379355709866	0.041296154500931374	0.039895711807956355	0.03857057338216508	0.036594337412601326	0.03506925299937892
148	0.055747780874905783	0.05048609399780565	0.047629185603309414	0.04532346468004263	0.04371659723991033	0.04231199933215653	0.04022378269485144	0.03853379546925023
149	0.06521896824309881	0.05734054853117051	0.053092836361129006	0.05057490873848103	0.04897931243667669	0.04751046676937913	0.04545955981821469	0.043605941955378605
150	0.0774399620952047	0.0667683895616027	0.061030875661248776	0.058577533763607664	0.05713512261512282	0.05555600291301729	0.053520716338375955	0.05154622310287495
151	0.09409661748304571	0.08088020475034415	0.07384836165829489	0.07159558162012768	0.07049644622071671	0.06888253560190184	0.06674022331524847	0.06455970355600102
152	0.11732985837492678	0.10250478131966806	0.09484972452797372	0.09305766319352714	0.09264132936878032	0.09114099534551973	0.08867473339279114	0.08572814422510541
153	0.1500839508792193	0.13491529263999566	0.1279108269637266	0.12704962214871027	0.12742528647820667	0.12593923959030232	0.12271686807997288	0.11797265111234492
154	0.19870994779124754	0.18283927139269762	0.17680354754441688	0.17669798200155848	0.1772045498242247	0.17522142722082845	0.17057739185549306	0.16316883230956866
155	0.2735349053794501	0.25396809214612787	0.2460764334744257	0.24453855850371847	0.24363400232385393	0.24034047854926183	0.23366116141256715	0.22364976583899834
156	0.3820874388161423	0.3566429248130475	0.342769556854601	0.3365408983358744	0.33221811347801905	0.32647291215400787	0.31741886617877	0.30581367390278696
157	0.5217430286422912	0.4942989696785441	0.47502368249178745	0.463499706440315	0.4548240950258169	0.44581052570182733	0.4345112171243877	0.4225932749134611
158	0.6805059193637428	0.6609851482738879	0.6442310876156735	0.6317170051982897	0.6204777617693621	0.6090268374754917	0.5966645086979357	0.5856451984237864
159	0.8381948262268166	0.8340963000954795	0.8281809350845212	0.8205766086840603	0.8108190254788094	0.800142786136345	0.7894781983349011	0.7807072263175965
160	0.959248063256691	0.9657924577641938	0.969260946444658	0.9680386881115357	0.9633398762243799	0.9574578837701007	0.9516412373338063	0.9465530059958125
161	1.	1.	1.	1.	1.	1.	1.	1.
162	0.9407401763546539	0.918082312899917	0.9030575480027835	0.8983356654933994	0.8992763244974332	0.9019000443314724	0.9049029697506696	0.9093538238483726
163	0.8014709877706662	0.7586072050129954	0.7326614243685563	0.7243300918878031	0.7242494245520158	0.7259892997062579	0.7278117723589662	0.7323451502448733
164	0.6269040117752642	0.5818870654931872	0.5586183840359132	0.552311242429089	0.5523790245303742	0.5524401964404494	0.5507947801656968	0.5507001950703186
165	0.4609667797696859	0.42843906582192726	0.41636727017202074	0.4157143473883083	0.4176471328744748	0.41696878866258386	0.41192877313293336	0.40564677726494686
166	0.3272043420053275	0.3094229497381659	0.3076594463261208	0.3121373614677949	0.3161047958212971	0.3155007202966837	0.30857784343266537	0.2979735291984115
167	0.22898910607819206	0.2216874685199672	0.22485830739773272	0.23125674688738593	0.2357404215680035	0.23526550440227786	0.22856339686950924	0.21725879853164673
168	0.16061524073507558	0.15899127600831675	0.16290930444083665	0.1684505994048453	0.17198496691988888	0.1714284671624397	0.1663064524611747	0.15698095728942787
169	0.11512881244390562	0.11551164080752854	0.11852031357329879	0.1222973896417875	0.12444147586790756	0.12378565758319882	0.1202717023850891	0.11344236205308382
170	0.08622722125163808	0.08639525810165613	0.08826141459572077	0.0905574249779941	0.09144785454320933	0.09078308988528717	0.08832927800283151	0.08339937636415586
171	0.06872118052665342	0.06772735064388423	0.06858960567775417	0.0698652102108182	0.0698161530175108	0.06912218857952711	0.06719659049721409	0.06354584310487649
172	0.0588059395348663	0.05652938130076695	0.056467030639991686	0.05691490098818175	0.056337411180621924	0.05548577011758131	0.05362546004209232	0.05078351594447078
173	0.0535481769296144	0.05022486467259985	0.04927015684803125	0.0489371773853111	0.04815967882634267	0.047158157932245724	0.045128842201622874	0.042685067749933844
174	0.050258561791010535	0.046337658615245754	0.044541907747650496	0.04358404839683419	0.042751684987418236	0.04179871572385204	0.039796321708792375	0.03756836399985747
175	0.046671268056145805	0.04279585515378569	0.04039904585805867	0.03907490282124253	0.038206779813144395	0.03756035430341849	0.03604237957011162	0.03418972292390707
176	0.041722993754085225	0.03854080888697446	0.03608570136864678	0.034669588889114616	0.03372140085313795	0.033406468121466484	0.032621661712427724	0.0314788840504886
177	0.035822393452579086	0.033560039152362775	0.031688854654751276	0.03047313474965679	0.02949879576530754	0.029296254868557366	0.02903023425528401	0.028660694580924802
178	0.030139522453966054	0.028488410760514372	0.02748088034540965	0.026732294880663837	0.02593692498539518	0.025643073045912075	0.025539212857787992	0.025589495778602887
179	0.025734389450718598	0.024185555081835296	0.023733892075750905	0.02351005719534402	0.023112479918344385	0.022682223560454108	0.022560664801858456	0.02260302831506588
180	0.02300721245271769	0.021251637393705846	0.02076199862402974	0.02078493341229864	0.02081474132331258	0.020340899333709816	0.020195938218513846	0.020033176723531745
181	0.021603371622108052	0.019675009386314075	0.018775290215229872	0.018625656011364903	0.018837141784137184	0.01839288414539307	0.018261755950731703	0.0179316262984955
182	0.02074204798203287	0.01890620688663673	0.01764095164825548	0.01710233656710055	0.017151511577567228	0.016702976816227826	0.01655374147954409	0.016155900338422412
183	0.019693169953072655	0.018266306573481914	0.016933762190666418	0.016075432991954654	0.015796048030666393	0.015279993825277925	0.015038773364175126	0.014595409931551053
184	0.018183207812734647	0.017337200184325937	0.016252975439026585	0.015278602937099326	0.014726127397477745	0.014143597240732367	0.013793955686260495	0.013278345419709504
185	0.016396004429690126	0.01604663671870654	0.015388453464543714	0.014536165030272165	0.013867450611491174	0.013248724450857985	0.012838762619140656	0.0122811010838743
186	0.014579523189698278	0.014523435770439031	0.014272024314516029	0.013744684317546718	0.013151727567747306	0.012538445441291174	0.012101249719580391	0.01157701325290384
187	0.012838705505021758	0.012937174541730946	0.01295572799808872	0.012811480423965956	0.012461806482605427	0.011939705264461226	0.011494620414424792	0.01103273993329878
188	0.011200396507212766	0.011380512626781844	0.01156787719265695	0.011704684283799966	0.011661443201997112	0.011337403078097923	0.01094328415951069	0.010533967000039952
189	0.009696303057966303	0.009888796707235983	0.010196638159911722	0.010494964467331017	0.0106871365557148	0.010614345209621649	0.010354770216375337	0.010024862824046974
190	0.008373382082984028	0.008526246385534012	0.008879744648456417	0.009276327084656462	0.009595815321671669	0.00972613036390987	0.009645872783879409	0.009442180185521757
191	0.00726888664940161	0.0073697228770257936	0.007675368415092407	0.008115741764993889	0.008491467135543093	0.008735947909310298	0.008801885728794397	0.00873450124496321
192	0.00637566518837694	0.006446160164276102	0.0066619766363294666	0.007069016412512198	0.007453880488854216	0.00774406985048293	0.007892996527823885	0.007924058101592408
193	0.005644609369637336	0.005710988212440433	0.005859446658658862	0.006189344306684013	0.006532351966925833	0.006820994104575574	0.0070016376708803875	0.007093222565019071
194	0.005027489285197416	0.005089603808932665	0.005216506336629302	0.005480113122822777	0.005760771462365572	0.006005279952919045	0.00617896434720445	0.0063031732662768925
195	0.004506914013912219	0.0045383944874234534	0.004668586247653021	0.004892582996014561	0.005134760841197641	0.005321554918652263	0.005455889850986093	0.005579720089050552
196	0.004080516641954866	0.004054467677491055	0.004182140109283388	0.004376562370114956	0.004611781325702291	0.004763455803695005	0.004854131384262711	0.004941600091166258
197	0.003739321456867425	0.003649873247237232	0.003750881892806735	0.0039110462311179725	0.004145350351314611	0.0042927949770147	0.004365122057231977	0.004408818169967234
198	0.0034579493101855817	0.0033253556717769053	0.0033782985150525606	0.003500640611898383	0.003715628352211945	0.0038668680559418235	0.003951165979210555	0.0039793334205251
199	0.0032025656939965357	0.0030626813964744638	0.0030653194821651793	0.003152225799500065	0.0033314896621547204	0.0034690650441773084	0.0035723059581010785	0.0036203497356192527
200	0.002948475586356673	0.002833586382652151	0.002806263843976483	0.0028633454043905425	0.003002369644240274	0.0031106392666405405	0.003213816678631646	0.0032917373559799407
201	0.0026909669557715864	0.002614168640660139	0.0025837599627283317	0.002624473933868174	0.002724354717918936	0.0028066945378209733	0.002887654266540328	0.00297291429308849
202	0.0024382025239827747	0.0023929885666171217	0.002378962307293446	0.0024182136256003465	0.0024875551415361073	0.002555114503846409	0.0026104687458547112	0.0026724766183024496
203	0.0022019197482708573	0.002174107057748276	0.0021821792817198903	0.0022276665071719196	0.0022806812519938326	0.0023448502330954413	0.0023830487203401213	0.0024118328253696104
204	0.001990784121458875	0.001969533032146295	0.0019924291014489824	0.0020451861224678692	0.0020942637272125465	0.002162491963563283	0.0021937599642792645	0.002200472217205937
205	0.0018044625000779512	0.0017882519793396125	0.0018133213594656104	0.0018714649276829992	0.0019228190162835135	0.001996199983613928	0.002028817995124141	0.0020308548781907743
206	0.0016353212386071697	0.0016301012673113145	0.0016504130661197317	0.0017106346368096518	0.001764656292056218	0.0018377199749974342	0.0018774986748990499	0.001887878798031516
207	0.0014785312781077226	0.00148591769503185	0.0015074624919972218	0.001565874217242416	0.0016195267716263555	0.0016854846481596096	0.0017341940492147225	0.0017589636443063228
208	0.0013371599486434271	0.0013496425297161206	0.0013822417502626027	0.0014376198521353588	0.0014868307924790728	0.0015429531411297005	0.0015986808692631015	0.0016376284092943537
209	0.001218752743810571	0.0012250513626044003	0.0012681273705222743	0.0013224487671325757	0.0013659348443945437	0.0014134169657536296	0.0014731954039020375	0.001519470983215077
210	0.001128551736006326	0.0011195178390551689	0.0011614890297278254	0.0012151620048234861	0.0012561003233914985	0.0012981681491678692	0.001358861880377001	0.0014031399881950402
211	0.001064732685864468	0.0010365684124334666	0.001065207344703267	0.0011136158574805394	0.0011559667365093967	0.0011968601645200975	0.0012554087064125304	0.0012921320665940429
212	0.001019367048619102	0.00097443566665089	0.0009842215785362941	0.0010218675558953424	0.0010640565425857722	0.0011064525611538508	0.001162451414860173	0.0011906838209413166
213	0.0009838359017761795	0.0009282228912480926	0.0009199708186189231	0.0009443124238389125	0.0009796941937756435	0.0010231630854400996	0.0010786007602336862	0.001099933227623444
214	0.0009509920006300392	0.0008919069093374913	0.0008700794867082477	0.0008815441715485001	0.0009040332499510241	0.0009446661398544344	0.0010010374078030801	0.0010183227473492332
215	0.0009163626474066331	0.0008599506886758511	0.0008306943263675122	0.000831666728788586	0.0008387949662102809	0.0008715715605680941	0.0009270587905487633	0.0009439150853827093
216	0.0008788532871199366	0.0008285951468624054	0.0007977835896446744	0.0007922827110197552	0.0007849504240327951	0.0008064145953047316	0.0008563006713474391	0.0008752859635111801
217	0.0008401269537182168	0.0007961621546457615	0.0007677050184879921	0.0007603620094291897	0.0007426587387182522	0.0007509672940227075	0.0007914322375674196	0.0008111149841090985
218	0.0008018798461778684	0.0007636757287065817	0.0007386303696740662	0.0007319967758137433	0.000710951623044425	0.0007057778289733862	0.0007355734537420039	0.0007508808377497658
219	0.000764435081818343	0.0007325485302977802	0.0007107589915691366	0.0007043853191444258	0.0006869022414345446	0.0006707275318678665	0.0006895551346875354	0.0006961404405788633
220	0.0007274922482010774	0.0007023658763777273	0.0006855159363385097	0.0006770832810122381	0.0006660437969859851	0.000644817185994041	0.0006523580490741483	0.000648286336603885
221	0.0006911436662381456	0.0006722184641624623	0.0006632031055335905	0.0006514633883709924	0.000645280200742032	0.0006254405404499217	0.0006229619761575539	0.0006077027020806855
222	0.0006564252686068255	0.0006421100236510924	0.000641722334673966	0.0006287227089518985	0.0006238472330122366	0.0006086477744120004	0.0006008963591015272	0.0005747282944894928
223	0.0006238324882088088	0.000612433891337392	0.0006188444276608305	0.000608697409865881	0.0006029027992275237	0.0005914811531914373	0.00058475925119128	0.0005495903101288347
224	0.000592447891855836	0.0005836916367061763	0.000594093965024394	0.000589743127818657	0.000583985803770537	0.0005731923510776378	0.0005713290709867514	0.0005319884775105325
225	0.0005612224612513	0.0005563028672939413	0.0005686375189466258	0.0005703396790184703	0.0005676972358035978	0.0005553739308747429	0.0005576099556251199	0.000520528205337401
226	0.0005300846985757276	0.0005302335637064358	0.000543754676516419	0.0005499963624446027	0.0005528581139893672	0.0005400329823947727	0.0005420034683347647	0.0005123172196224153
227	0.0004995672674002634	0.0005046964721538553	0.0005198226652057168	0.0005290411011877314	0.0005375310909325416	0.0005278617445934201	0.0005253375806622703	0.0005038898538590622
228	0.00047040267156927754	0.0004788881456802739	0.0004964997469572202	0.000507910824082736	0.0005205233558434711	0.0005176415645857207	0.0005098442939491046	0.0004930227977713951
229	0.00044280852999184294	0.0004531694136601753	0.00047327727804526257	0.00048683832759157406	0.0005019969226477157	0.0005072637084877803	0.0004970650680155422	0.0004802711263638939
230	0.0004165227030197216	0.000428855812623832	0.00044996556308343793	0.00046564485581369723	0.00048312185588887614	0.0004950955768098013	0.00048622238784562185	0.0004680056474452939
231	0.00039194370726199334	0.00040656794370403103	0.00042690920187562895	0.0004441851289423798	0.00046474967070755604	0.0004807782369971866	0.0004751041411548648	0.0004582291034181129
232	0.00037056146947103794	0.0003861557701393666	0.0004049239538862903	0.00042332451664366837	0.0004467963192997075	0.0004649972114246915	0.00046199764789438296	0.0004508122190288544
233	0.0003534277936625397	0.00036712292803634856	0.0003845411632097396	0.0004042917045150665	0.0004286722631887643	0.00044840694947498696	0.00044688193442696706	0.0004439954820277296
234	0.00034018985701224125	0.0003494644567018164	0.0003659415019974859	0.0003873192283450781	0.00041027323991436876	0.000431004864769586	0.0004310455318237194	0.00043609152625492695
235	0.00032946159404079016	0.00033394660899576143	0.0003490074643446522	0.00037158467278256615	0.00039204097120143294	0.00041271237280095496	0.00041579214748216386	0.0004264541003104125
236	0.00031958319834632197	0.00032107438935074584	0.0003333007344697526	0.00035627787343291356	0.0003744434853682401	0.00039385338934783755	0.0004015078333983804	0.00041546247083463204
237	0.00030986676260699026	0.00031050179794345797	0.0003187087034986509	0.0003413089131524841	0.00035779110975165513	0.0003754402081184688	0.0003875881912623234	0.0004036535467636844
238	0.0003009234270980297	0.00030134829718995966	0.00030539289103062047	0.0003265858893203588	0.0003420820858780694	0.000358441699508928	0.0003732433941185162	0.00039106329769649623
239	0.00029362693233698107	0.00029270446897626214	0.0002934047813318765	0.00031183387674894045	0.0003274667858306295	0.00034294073222739517	0.0003586658704987033	0.00037737952296266195
240	0.0002883659641644458	0.00028421714684403744	0.0002828588782487244	0.00029734394002110543	0.0003141033822039141	0.0003283785712298015	0.0003447025336972577	0.0003624811681570614
241	0.00028499134460007537	0.00027607562532795936	0.0002736683877177467	0.0002838928399421222	0.00030156024018381493	0.00031426480803707516	0.0003319121425148595	0.0003467502009783025
242	0.0002829745668702984	0.0002687192315322292	0.0002658020986522853	0.00027212407424161996	0.00028930075284558897	0.0003008158348823399	0.00032027422516951384	0.00033142133562032237
243	0.00028111572188755285	0.0002626993114459567	0.00025930171387569	0.00026238051145998444	0.0002770825870188042	0.00028840437226737803	0.0003092679781446165	0.00031751758963935255
244	0.00027786944493772553	0.0002583230639596112	0.0002539548321031147	0.0002547835701342173	0.0002650744867169005	0.00027720765758521855	0.0002982724736003203	0.0003050110292902081
245	0.0002724898663786801	0.0002553424542825932	0.0002494561327657693	0.00024903640316437423	0.00025403128233062323	0.00026726555823473126	0.00028707307573411407	0.0002933639314948174
246	0.00026542726700596323	0.0002529063368805838	0.0002457742395908347	0.00024431854567783396	0.0002447799358454589	0.0002582826678036199	0.0002755577624816704	0.0002821942601136261
247	0.00025788953459764314	0.0002498813879995777	0.0002429654491244182	0.0002397998107281843	0.00023783454266440826	0.00024992221673887514	0.00026386649628889347	0.00027140811764497737
248	0.00025089343641887627	0.00024540601690756545	0.00024077876022486681	0.00023520446726997622	0.00023306044079825962	0.00024221731283220318	0.0002525455169083047	0.00026068682046438165
249	0.0002445280686176857	0.00023932479461142428	0.0002387947396105385	0.0002308622469685499	0.00022971462786184677	0.0002354168162941713	0.00024208270021693981	0.00024989258240363843
250	0.0002380682830748923	0.00023212318323929091	0.00023656574375802063	0.00022728509177476975	0.00022690683274330503	0.00022973896911539327	0.00023281429198860387	0.0002395703496013734
251	0.0002308460444601424	0.00022473813587972803	0.00023373840471663574	0.00022476103986748678	0.0002241850360035183	0.00022524206740484457	0.000224807772617679	0.0002303541920680541
252	0.00022277006160440635	0.0002180353803413554	0.00023034869681613201	0.00022320713858784032	0.0002218650378313891	0.0002217985650982635	0.00021800484951549768	0.0002223509078504087
253	0.00021438911961352356	0.0002121951457813119	0.00022647695978491716	0.00022194820595047352	0.00022040209863008408	0.00021912740129954365	0.00021248850517715005	0.00021542076745044358
254	0.00020624577894354137	0.000206863410519286	0.00022205297763600308	0.00022003153765611853	0.0002196651036390909	0.0002169030563014669	0.00020838769207713175	0.0002093825456819998
255	0.00019859572583451665	0.00020169663878935712	0.0002171628793996772	0.00021699687783869348	0.0002190487052515074	0.0002151176110611387	0.00020551743325892982	0.0002039831500648666
256	0.00019159601295202215	0.00019658895989466214	0.0002119979532109426	0.00021289742205254808	0.00021805798065272598	0.00021401194189240457	0.00020353014284575568	0.00019934368605892386
257	0.00018519390219256176	0.00019161117769451175	0.00020652191715274138	0.00020797593570582703	0.00021654894583636133	0.00021346558761649838	0.0002022333330306106	0.0001957871090832297
258	0.0001793066064309145	0.00018660204707793502	0.00020040136943394986	0.00020269177044625732	0.000214545376855183	0.00021280824615234507	0.00020144438005220502	0.00019333318316505546
259	0.00017400065457670962	0.00018138747257244933	0.00019354694644233152	0.0001976564192634317	0.00021176280445413804	0.00021148056200996773	0.00020082632401683832	0.00019184264006563101
260	0.00016926979194240057	0.0001761359023865964	0.00018634488762361837	0.00019324010565185026	0.00020770288653911248	0.00020932098875878544	0.00020008740523074376	0.0001912051035122726
261	0.00016495111137652762	0.00017135442017417413	0.00017907849878892032	0.00018929974976829994	0.0002023208062427144	0.00020648300251323336	0.0001991241508874617	0.00019128252524038913
262	0.00016075098880019632	0.00016742814819997596	0.00017200262179736103	0.00018540167677172657	0.00019620646798928135	0.00020307995669994835	0.0001980042757347985	0.0001920015588889888
263	0.00015664831161516884	0.0001642598971312346	0.00016542356285132936	0.00018125152255402582	0.00019011830618240777	0.00019892786065615661	0.0001968514679574637	0.0001931525400553447
264	0.00015308643373584206	0.00016127336635794317	0.00015946434739310037	0.00017661719253693977	0.0001845435347190846	0.00019390295450131696	0.0001957065294387565	0.00019432665683763364
265	0.0001505384371726358	0.00015773695202602272	0.00015414272310792411	0.00017132313029381697	0.00017963292331192482	0.0001882151677907138	0.00019428530646080813	0.00019522218426486435
266	0.00014922448818797666	0.00015328080855055967	0.00014957941723508844	0.00016558124526458795	0.00017515928501507608	0.0001823006506617776	0.0001920262689764156	0.00019567824983484397
267	0.0001489511161216305	0.0001483471726073544	0.0001459847381660629	0.00015992211236530603	0.00017078443891896023	0.00017674475088258324	0.00018845201755480633	0.00019547085480842852
268	0.00014913644557108203	0.00014395732493471198	0.00014321919213481382	0.00015481243687393356	0.0001662282609305492	0.00017184777690740414	0.00018361784534682833	0.00019446393894844585
269	0.00014907588023700577	0.00014079976395273402	0.00014076239613440846	0.0001504639482506069	0.0001614290339746755	0.00016731848522001568	0.00017825599652478272	0.00019267343074220924
270	0.0001482131665514017	0.00013872050304334412	0.0001380844778286255	0.00014687264324484184	0.0001563980733265287	0.00016277747500191287	0.00017321998870180918	0.00019012119082879953
271	0.00014638011401481855	0.00013707708552595493	0.00013523569083023716	0.00014383560617771187	0.00015107369012059137	0.0001581226211708639	0.00016889756804935318	0.00018663921233018113
272	0.00014385038414350677	0.0001353838256247693	0.00013284220052183865	0.00014107798826743014	0.00014566099190034456	0.00015347924590586562	0.00016524522064054078	0.00018208111496309556
273	0.00014092096556348298	0.00013338499661381609	0.00013147287625543368	0.00013824093744596778	0.0001406886710662088	0.0001489787723556023	0.00016191236619866675	0.00017646481517568196
274	0.00013762349361258155	0.00013097582764361055	0.00013117079116077378	0.00013507886444989205	0.0001366903869968199	0.00014467952525478415	0.0001584566298660515	0.00017023238671230427
275	0.00013378521670168064	0.00012818232517526891	0.00013151301981710525	0.0001317273072146929	0.00013378249131255318	0.00014059880483756823	0.0001545788752024853	0.0001640296049370244
276	0.0001291842287703611	0.0001252016633980471	0.00013195360726838388	0.00012855260084156458	0.00013171257314416218	0.00013692498800962606	0.00015036346145549297	0.00015819417016484013
277	0.00012376107483039225	0.00012227189143723137	0.00013205137540267783	0.00012597922384568008	0.0001299081112845305	0.00013395178974755082	0.00014610171274832663	0.00015271941001174748
278	0.00011781008603752441	0.00011942903451975839	0.00013152991158337359	0.00012426555095691326	0.00012790962079717248	0.00013182225782585466	0.00014203466776055253	0.00014740732063589813
279	0.00011189115513699868	0.00011644978124202303	0.00013025675476969787	0.0001232610140925275	0.00012576857788749012	0.00013045771569345814	0.00013821172504806324	0.00014205700305419732
280	0.00010653261358455783	0.0001130467703872728	0.00012831087393667425	0.0001225591126878899	0.00012380402726636474	0.00012964464870309127	0.0001345843831829884	0.00013681548828421675
281	0.00010200237198263395	0.00010919927021909167	0.00012593466527176697	0.0001217463906600415	0.00012241321921736435	0.0001289749468245854	0.00013115091962161957	0.00013193568797137428
282	0.00009827265728389117	0.00010529512974138974	0.00012324640399802037	0.0001205309138942094	0.0001217751296962403	0.00012813140905185947	0.0001279744604189484	0.00012752872807350135
283	0.00009519859531640208	0.00010181482585372995	0.00012009430597555414	0.00011881482138202846	0.00012162522841399485	0.00012714238179222065	0.00012511529524646136	0.0001235497859298462
284	0.00009270888141439492	0.00009899108511092117	0.0001161687506227815	0.00011669616876195341	0.00012157481343574821	0.00012626262324171584	0.00012242721259986172	0.00011991326913088572
285	0.00009091148604510538	0.00009675386792533334	0.00011138625405812146	0.00011438789114111407	0.00012132084117266764	0.00012578143222158195	0.00011969537749297203	0.00011673143186648401
286	0.00008997080637097583	0.00009495651512446056	0.00010608407810325366	0.00011213649561674018	0.00012065104509120004	0.00012573647359783702	0.00011699121518663201	0.00011427394263763767
287	0.00008998119351980044	0.00009355927267206134	0.00010077193046070859	0.00011002939338753168	0.00011951671945572374	0.0001258012947067486	0.00011473382019631398	0.00011272720533632145
288	0.00009092121620918489	0.0000925338446173848	0.00009588086206046285	0.0001078209726827118	0.00011798977230828843	0.00012552296281793818	0.00011316901752927831	0.00011198174888276357
289	0.00009257982237410033	0.0000918160374126191	0.0000916412827926976	0.00010518034078810286	0.00011612866194514679	0.0001244677594545281	0.00011221451233828435	0.00011166485186153157
290	0.00009449500292019087	0.00009135678009475383	0.00008808866571133652	0.00010209317233133051	0.00011397707082947543	0.0001224218790142454	0.00011166034467377444	0.00011138937862695666
291	0.00009612898551483547	0.00009108487467206034	0.00008525904833902548	0.00009883961825405966	0.00011158064760472023	0.00011954640004076567	0.00011124095260972806	0.00011102120639073002
292	0.00009722219795181841	0.00009094348898135649	0.00008319387378554358	0.00009576002249684594	0.00010895627905564764	0.00011624553148074554	0.00011071576826096217	0.00011060598071110926
293	0.00009790862328227655	0.00009093356363920327	0.00008186437469538102	0.00009310364170104257	0.00010613874178786027	0.0001128513226863662	0.00010994770280858541	0.00011029988661243098
294	0.00009838741697873616	0.00009096950715415884	0.00008125384309615695	0.0000909524716590412	0.00010312285344412652	0.00010941437560271476	0.00010897520612045125	0.00011025622918021923
295	0.000098623141041481	0.00009074790981380253	0.00008135282111059	0.00008930973554928975	0.00009979274219989977	0.00010595572412211199	0.00010793408135305961	0.00011054469360717871
296	0.00009836599671842032	0.00008995256315824982	0.00008214334858862374	0.00008811246806668311	0.00009613592623737669	0.00010244802026822348	0.0001068229638519931	0.0001111628433840275
297	0.00009732119238373344	0.00008852208721073331	0.00008346919336426106	0.00008720085806387647	0.00009234767928581744	0.0000987574023391962	0.00010542198919267827	0.0001119538499135558
298	0.00009530852684906419	0.00008665100194920665	0.0000848733486947936	0.00008644121724044047	0.00008867382190670499	0.00009477427916110372	0.00010352460354335568	0.00011258807748373963
299	0.00009240617316407283	0.00008462526233833442	0.00008586227165859952	0.0000857922582012887	0.00008534400398631767	0.00009058954525958811	0.00010121914524287625	0.000112744855038581
300	0.00008887401826418457	0.00008267658423937172	0.00008627367973795843	0.00008529371991982381	0.00008257726939363552	0.00008653289952494908	0.00009884284706925255	0.00011225365049887477
301	0.00008506961665129777	0.00008085912938898673	0.0000863259218668011	0.00008495295998644869	0.00008047544294254204	0.00008307591501995679	0.00009662429804931174	0.0001110839204366534
302	0.00008137865190806093	0.00007912122409661213	0.00008627197974404913	0.00008462026738577288	0.00007895573545200598	0.0000805326360795722	0.00009454469750688414	0.00010925442709778324
303	0.00007803989636738813	0.00007742921255567321	0.0000860918259207668	0.00008412365030144802	0.0000777681891262011	0.00007889815280523503	0.00009246966372138365	0.00010680941787650712
304	0.00007506752309373203	0.00007581086504281403	0.00008564925906439097	0.00008337530401514717	0.00007668160760657022	0.0000779085017432804	0.00009028464336444591	0.00010391874223661233
305	0.0000723915510568135	0.00007437084126092799	0.00008489797421891733	0.00008236983393724573	0.00007566346508029999	0.00007731306521464342	0.00008797197950605034	0.00010075265481509887
306	0.00007008521508962977	0.0000733228709611925	0.00008377101194765972	0.00008114993451890997	0.00007482773042176733	0.00007697635697420351	0.00008560629595990927	0.00009733755862993363
307	0.00006821355570869432	0.00007278875770276198	0.00008213796392767873	0.00007981523594202939	0.00007424638717288408	0.00007682579422828879	0.00008333496756024742	0.00009369946974781576
308	0.00006668844396958368	0.00007258448711710877	0.00007998828949285418	0.00007839753098336744	0.00007390665728208822	0.00007681335524698177	0.0000813064709261689	0.00008993026371967373
309	0.00006541543724559526	0.0000724507740759433	0.00007752235664921363	0.00007682425914396331	0.00007375652766658435	0.00007687737717073261	0.00007963113232502748	0.00008611791242386113
310	0.00006438439627298346	0.00007225613159229023	0.00007512306942084885	0.00007512528745257206	0.00007371058729730127	0.00007701126167797024	0.00007830050562992224	0.00008233110058646842
311	0.00006366041676503454	0.00007193830687431432	0.00007306306020605833	0.00007353994926023239	0.00007366428946578456	0.00007720440158625381	0.00007711141311947389	0.00007864591383446516
312	0.00006340583538187937	0.00007143053448929555	0.00007129325424657748	0.00007228385363481384	0.00007348748122733922	0.00007736274710291527	0.00007583839294886765	0.0000752330928686587
313	0.00006374263685203118	0.00007070935498233566	0.00006957066944148682	0.00007133456764311419	0.00007310275021519373	0.00007733907431396216	0.00007439135212936736	0.00007233315333279777
314	0.00006456328533887198	0.00006985070129017989	0.00006770419181300024	0.00007045026646320316	0.00007257024089593345	0.00007698909354801333	0.00007289640981064243	0.00007015683276572573
315	0.00006553380623329884	0.00006891615115278948	0.00006566832456609187	0.0000694716140476186	0.0000721193422671708	0.00007614739190000976	0.00007152730462100013	0.00006871808605513458
316	0.00006628774734374105	0.00006787385866222679	0.0000635740952121109	0.00006843869009324387	0.00007193968377855381	0.00007474863994968924	0.00007029058280701221	0.00006782824116537203
317	0.00006663940060837045	0.0000667413750344476	0.00006165774041317352	0.00006749307842416331	0.00007195348410739414	0.00007295889899983961	0.0000690906529091601	0.00006719302069309431
318	0.00006663213781398262	0.00006558412001361543	0.00006015091518341214	0.00006681553550565903	0.00007185055293641172	0.00007105095171757573	0.00006790223367369747	0.00006655743476083278
319	0.00006643388960916759	0.00006443820602889481	0.00005912800518463561	0.00006650592531092715	0.00007141957699426238	0.00006920168798109933	0.00006672800201159146	0.0000657737013872386
320	0.00006617286477700512	0.00006325472982175811	0.00005853594412057077	0.00006652140849333098	0.00007070153672221562	0.00006753545167621314	0.00006560147853931986	0.00006490015279528835
321	0.00006588067291926629	0.00006197852324461153	0.000058244533800793464	0.00006669848594647504	0.00006984393619997825	0.00006620390320507776	0.00006460647808289247	0.0000640440665114292
