pixel,1050A,1100A,1150A,1200A,1250A,1300A,1350A
1	0.00007602491681364711	0.00007975391792121645	0.00008216582218525378	0.00009051729409149818	0.00010434725509313335	0.00012862971353992447	0.00014458701793263105
2	0.00007622547287874218	0.0000807707310317106	0.00008085139263518445	0.00009137554542204616	0.00010431688804891658	0.00012725163327879525	0.00014437294034503486
3	0.00007658908794549195	0.0000817998013014778	0.00007961521800968615	0.00009209932578913933	0.00010441475343582631	0.00012610695823621403	0.00014359488341829485
4	0.00007706851305890385	0.00008282620990393162	0.00007851387744544799	0.00009262498650815899	0.0001045670822738255	0.00012545162896688186	0.00014248739468422295
5	0.00007757431396854176	0.00008357976508372117	0.00007768091280227599	0.00009305000980443951	0.00010471124700451204	0.00012518030826818316	0.0001416030557896636
6	0.00007822376080351987	0.00008393871710968955	0.00007728663536227308	0.00009341166826273042	0.00010492987444434882	0.00012504762362802288	0.0001412394527761324
7	0.00007914441859983563	0.00008384297968804013	0.0000773573995815949	0.00009360169748551157	0.00010530226788421588	0.00012467534534501017	0.00014148567367796785
8	0.00008039979983328709	0.00008348007690037583	0.00007791213817893419	0.00009336263478275158	0.00010584732471938456	0.0001242356840429501	0.00014238679289748713
9	0.00008185803601658947	0.00008301245726985673	0.00007879279713897408	0.00009258759361785253	0.00010646686379719551	0.00012398437116468113	0.00014377698566652694
10	0.00008334787908478446	0.00008246101384205445	0.0000798353409165788	0.0000915645742240496	0.00010684952878494115	0.0001241325526265014	0.0001451227579943419
11	0.00008465791431689432	0.00008182879764968402	0.00008096138589966089	0.00009063490975409697	0.00010685770051176717	0.00012468912108804938	0.00014596998060589667
12	0.00008563178039768303	0.0000809086065663695	0.0000823008219344661	0.00008996540688901159	0.00010650981387461517	0.00012554343766463526	0.00014664804120610307
13	0.00008624231625633105	0.00007978327651401271	0.00008397175516507782	0.00008962701936739799	0.00010604463219011503	0.00012654781649953196	0.00014761006871231557
14	0.0000865099224077411	0.00007856151557116554	0.00008566511281485182	0.00008963829683524127	0.00010560881342926836	0.00012738552450928847	0.0001492307175964849
15	0.00008646480768681533	0.00007744840140542268	0.00008698326733450697	0.00009005768619365853	0.0001052260046829047	0.00012795822383375037	0.00015141351035182586
16	0.0000860644919545555	0.00007689726485928716	0.00008767783647190421	0.00009060370088772167	0.00010489865301254403	0.00012841123584422676	0.00015380535732952152
17	0.00008537298002214237	0.0000772636327644513	0.00008781255293233514	0.00009098544933326283	0.00010454922100046636	0.0001289490014680215	0.000156194309255182
18	0.00008449467258026184	0.00007867289207940666	0.00008760355725162052	0.00009089671711803565	0.00010433456025531273	0.0001298088402377282	0.00015830158866136563
19	0.00008359588733690637	0.00008067900319807836	0.00008721028315744497	0.00009027818106289157	0.00010437353380365126	0.0001310411156694594	0.0001599440149217246
20	0.00008278411508337279	0.00008281302002041453	0.00008679281045671479	0.00008939452697858831	0.00010470918655990395	0.0001324024520400528	0.00016098886333687214
21	0.00008204816196484075	0.00008482485567810029	0.0000863240217993988	0.00008866217488397053	0.00010537408032975114	0.0001333734916893334	0.0001615928169599545
22	0.0000815012676115812	0.00008664390415035419	0.00008568243258230668	0.0000883984407629995	0.00010639453266880973	0.00013357024852132395	0.0001622166562659973
23	0.00008125368279427189	0.00008827879412233607	0.00008468350697796809	0.00008859859336814044	0.00010812245792309544	0.00013323342158257337	0.00016318255407021283
24	0.00008157785582652633	0.00008957747817140781	0.00008336367572135641	0.0000892256301552582	0.00011039137235195407	0.0001328492231893006	0.00016457446425236305
25	0.0000825878089537974	0.00009036902533833548	0.00008216271995112277	0.00009033586106898465	0.00011287942657891924	0.0001327035852220588	0.00016601229760120501
26	0.00008428185173982642	0.00009048435190194927	0.00008154281983417543	0.00009180582257403931	0.00011489235034251534	0.00013281331785705504	0.0001672369411973662
27	0.00008648782440411144	0.00008993034175607698	0.00008173700011458211	0.00009344605131636309	0.00011606220619254703	0.00013327510481888903	0.00016806580402766152
28	0.00008896351290913146	0.000088925872023681	0.00008262129182308507	0.00009508538212394909	0.00011630926353370361	0.00013431857561657963	0.00016859162979550657
29	0.00009140670099948544	0.0000877907435591281	0.0000840142352810694	0.0000967485153049427	0.00011602718846319025	0.0001361445642327297	0.00016897859023595928
30	0.0000934895406791732	0.0000869257172856854	0.00008583450183964482	0.00009830378823957928	0.00011585415773439144	0.0001384901824987944	0.00016949857235112772
31	0.0000949951915130081	0.0000865569062689049	0.00008801847220896771	0.00009940854133821294	0.00011632027304538678	0.00014101432329239932	0.00017046366365191132
32	0.00009586001005546761	0.0000866302158886892	0.00009041334768775415	0.00009989019299304358	0.00011756456840590225	0.00014331685656639103	0.0001722180366835715
33	0.00009621246966876302	0.00008691158697563355	0.00009289427948407421	0.0000998532204004045	0.00011938166889525993	0.0001453275668465229	0.00017483358299084524
34	0.00009625105068629041	0.00008730151096233471	0.00009524733087628147	0.00009957715105268121	0.00012133153902765104	0.00014731690418155408	0.0001779926518198553
35	0.0000962145065062423	0.00008797318428283245	0.00009728358821991365	0.0000993179829070654	0.00012311849704456815	0.00014971272579948484	0.00018124365473029883
36	0.00009617464589339772	0.00008919799133693174	0.00009882407885689637	0.0000993603211891829	0.00012453869860211926	0.00015283469674593912	0.0001844494377919566
37	0.00009621834367290529	0.00009115518593402522	0.00009977733683958311	0.00010003224180821411	0.00012584146697780624	0.0001565681344205643	0.00018768514389397244
38	0.00009649661022327872	0.00009391430536140654	0.00010014531302935887	0.00010142634645512945	0.00012739142163370912	0.00016067352200517098	0.00019107580375199497
39	0.00009716341396190823	0.00009718941643219058	0.00010009017057339116	0.00010347315772057102	0.00012959579701242658	0.000164770588612229	0.0001947438687135194
40	0.00009832086376999071	0.00010051693049687324	0.00009995627893756054	0.00010587307718432057	0.0001322192166489499	0.00016852993500135179	0.00019888915918321985
41	0.00009994506888491017	0.00010346976285593506	0.00009997296834452522	0.00010839380598412953	0.00013493554832761425	0.00017183745128199188	0.000203588794085472
42	0.00010213999406125853	0.00010587798122276629	0.00010022799997255085	0.00011097067953912903	0.00013741015451784337	0.00017476722047280317	0.00020873934425499224
43	0.00010488634789615826	0.00010779535817706515	0.00010054718186766459	0.0001136674929162526	0.00013975182755661565	0.00017740576231737757	0.0002139529702411253
44	0.00010796283640144895	0.00010925998912251899	0.00010086377226592211	0.00011661394778513408	0.00014236021441687034	0.0001796895804416155	0.00021839489247516832
45	0.00011116171460514652	0.00011025753782868337	0.00010143219979876462	0.00011986519226337203	0.00014562966694421704	0.0001816492944230292	0.00022158289471063566
46	0.00011425806764506516	0.00011075034901376684	0.00010276043284482941	0.00012339106435415518	0.0001494802259369867	0.00018359760968364222	0.00022364268558703273
47	0.00011708033726667189	0.00011074659080335248	0.00010518424235670715	0.00012694352437208763	0.00015337321425644657	0.00018575671975670048	0.00022527206200699112
48	0.00011936584997032768	0.00011035233780626529	0.00010858269273310491	0.00013008925782978634	0.00015682660054379185	0.00018799473344358102	0.00022728510482479932
49	0.00012106725235667347	0.00010978977181535025	0.0001124927845406332	0.00013266472379299104	0.0001595622847019115	0.00018987238787519922	0.00023005431236754239
50	0.00012215849594262093	0.00010948623921128137	0.00011657524398736345	0.00013473080003196627	0.00016159274898393003	0.00019138140675373293	0.00023343518717592693
51	0.00012262842535598988	0.00010986356496403115	0.00012075858063402302	0.0001365678392939949	0.00016315525509042242	0.00019264705749915688	0.000237154232951998
52	0.000122484067932226	0.00011122008654997064	0.00012509673003569693	0.00013818871791400412	0.00016457079391191766	0.00019417887911010666	0.0002408924563377091
53	0.00012195772733972717	0.00011360284570330807	0.00012938332366583074	0.00013960021302188684	0.00016606267001628486	0.00019646051046012344	0.0002445205744911211
54	0.00012141718491912063	0.00011697611412495924	0.00013350206521492994	0.0001408751055268351	0.00016756727361464914	0.00019996932402020317	0.0002479972443529044
55	0.00012124459260439087	0.00012117420394698856	0.00013724015071936118	0.00014211527247319475	0.0001691025753344148	0.00020464381706545993	0.00025141351922717463
56	0.00012172122918088641	0.0001260127054203433	0.00014042478926540075	0.0001433450770037765	0.0001705949239629866	0.00021023980682159855	0.0002551930765174519
57	0.00012297931896197546	0.00013121097227322524	0.00014290250980349145	0.00014443172893053704	0.00017224705914226	0.00021642739746843774	0.00026011238448344856
58	0.00012516561128709822	0.00013662163404819857	0.00014485419189968983	0.00014535737247640683	0.00017448088836969668	0.0002230668934020972	0.00026652922825277865
59	0.00012833265806422674	0.0001421557657976352	0.0001464607969170754	0.00014657850817622508	0.00017798902954596797	0.0002300815660575294	0.00027408948481735405
60	0.00013273891635562067	0.00014754406621068258	0.00014788502362474555	0.0001487222359115819	0.00018303591019443348	0.00023755405683292135	0.00028234922523979577
61	0.00013828338829581562	0.00015248746490772783	0.0001490229048356087	0.00015223272601365802	0.0001893731297035309	0.0002455270857100062	0.00029061624573900656
62	0.00014467495513204777	0.00015656572929481353	0.0001498027119557532	0.00015669478994518636	0.0001964612054248696	0.0002537806062112323	0.0002982855831654271
63	0.00015137706885575672	0.0001596815088966605	0.00015032148588381387	0.00016160347558186796	0.00020393989274329467	0.0002619014431591286	0.00030500622177105484
64	0.00015803871094876112	0.0001616616086686729	0.0001510351481083513	0.00016664409347437402	0.00021162482805082622	0.00026957083163278516	0.000311430543365079
65	0.00016433713658740712	0.00016253562088515975	0.00015245689390796138	0.0001721027039295508	0.00021954338306428482	0.00027663082121553393	0.00031905132471013686
66	0.00017003686378182993	0.0001625035893882943	0.00015493742374608999	0.00017812688168918685	0.00022767218380042868	0.00028325287023733446	0.0003289407882260358
67	0.00017492535474435567	0.00016212348218970737	0.00015865115063164393	0.00018471599476699895	0.00023550895325858044	0.0002889978225975289	0.00034134578100057357
68	0.00017868576039939798	0.00016222783981835448	0.0001634537645720825	0.00019220451852214763	0.00024291018541191433	0.0002938395559403826	0.0003564710842334544
69	0.00018117827439278222	0.0001631734942350754	0.0001690244554660319	0.00020082508670982364	0.00024990282083378433	0.00029844461262719813	0.0003742988591939098
70	0.00018254991470566872	0.00016527949849127804	0.00017517102157448412	0.00021023900303817136	0.0002566543618721665	0.000304259284441756	0.00039322740047196083
71	0.00018328203342661288	0.00016848412693247828	0.00018206920515414306	0.00021936842133401206	0.0002630047936696601	0.00031288480403010013	0.00041019728627906323
72	0.00018395509201184034	0.00017281767808213804	0.00019024408264297133	0.0002271979852991241	0.0002685962545680859	0.0003250237407765449	0.00042248024623223673
73	0.00018486721239898373	0.00017844047442876137	0.00019987001439990043	0.00023400449398581466	0.0002737232532968195	0.0003404378041848266	0.00042979490232090224
74	0.00018634857140353064	0.0001854393585041254	0.00021043491486464822	0.0002403967752611884	0.00027932942463471566	0.00035748959880847167	0.0004341098407057507
75	0.00018891267482751045	0.00019404431050227394	0.00022122168476606076	0.00024693224860284306	0.0002867711511528105	0.0003740404820857284	0.0004373519703112701
76	0.00019323511431592577	0.00020367565289905815	0.00023170246329929533	0.0002532713397291568	0.00029701374230627477	0.0003879418567523612	0.00044109385854046706
77	0.00019951343698735926	0.00021377464161764412	0.00024167910032323316	0.0002592072404313937	0.0003099162477109619	0.00039811820391326153	0.00044565570332452643
78	0.00020754481633284628	0.0002240970187600306	0.00025077273903243027	0.00026472720266308805	0.0003243292303552132	0.00040494557034630386	0.0004508507632131392
79	0.0002168000372310278	0.00023517997812833204	0.0002590383545017745	0.0002706076878521421	0.0003379542481029376	0.0004099661039633228	0.00045651012078441245
80	0.00022726740426525427	0.00024745025002948347	0.00026671552347968196	0.0002782261249284011	0.0003489805503963397	0.00041529358625854633	0.0004634599925934912
81	0.00023901186769170697	0.0002607559740467373	0.00027386046457319085	0.00028836414602336586	0.0003569277410978404	0.0004224617495054546	0.00047310376046986996
82	0.0002518723090731181	0.00027424155567669264	0.00028012089079523247	0.00030061757760945363	0.0003628025996772492	0.0004308626997545316	0.0004864189670414746
83	0.0002653029456425612	0.00028642075932658404	0.00028557931226160535	0.0003129691955420126	0.00036859290021812167	0.0004399850619677525	0.0005039577383640221
84	0.0002790693973292414	0.00029687105487927835	0.0002913466054871973	0.000323550823130506	0.00037633408166444884	0.000449989515042654	0.0005255471448721951
85	0.00029319637864773157	0.0003057156617083083	0.0002988475458628594	0.00033163805366017985	0.0003870065177222398	0.0004620926412922602	0.0005516413652764849
86	0.0003077915685731091	0.00031394283030818863	0.00030808684808000185	0.0003382701251505665	0.0003996980865830506	0.0004779032926239745	0.0005824228949103194
87	0.0003222006154831197	0.0003217956202191635	0.0003180314464295661	0.00034528712435916495	0.0004127314318103353	0.0004985208696676437	0.0006181666651090967
88	0.0003360938051996729	0.00032900414584484736	0.0003274975928107679	0.00035425629920729816	0.00042611727564496166	0.0005240916932770297	0.0006590626203545814
89	0.00034944030719086017	0.0003354851427652583	0.0003369701928665212	0.00036589579146250847	0.00044159260884240654	0.0005540568814787805	0.0007040137126961774
90	0.00036238685731588573	0.0003415516493381563	0.00034750551537575847	0.00037997891382505214	0.00046066496282844133	0.0005879734471217166	0.0007496078877116259
91	0.0003745826060641649	0.0003483969341683612	0.000360549944913789	0.00039588205835186963	0.0004840855403977248	0.0006261581862126911	0.0007921347972301959
92	0.00038537872585434426	0.0003568731627445128	0.00037712521181828304	0.00041274819136814567	0.0005108462854001348	0.0006684122866494267	0.0008312515658690844
93	0.0003946442387566916	0.0003686000291374181	0.0003972699601351239	0.0004301658879623111	0.0005402502236077945	0.0007127183913420643	0.0008710609665593572
94	0.00040305626306450475	0.0003853141575821755	0.0004195764373854789	0.0004487834866014878	0.0005721203414482059	0.000756649465032961	0.0009189857028597615
95	0.00041217815925202565	0.00040748221924031647	0.0004417449424478385	0.00046962767070779347	0.0006081424487272821	0.000798762113446939	0.0009806913582839558
96	0.00042495917310788266	0.0004336286636761569	0.0004626485271414578	0.0004933596918572295	0.000649685753664284	0.0008420422809616506	0.0010569048543642053
97	0.0004429240288738659	0.00046008443010764143	0.00048311130213979787	0.0005196877637341006	0.0006960938662689156	0.000891928659765327	0.0011449706308005263
98	0.0004662646584476769	0.00048471719706594284	0.000504686070450394	0.0005494264586236198	0.0007454518544562505	0.0009543653393303756	0.001242003089769017
99	0.0004933520230440499	0.0005079756464389435	0.000528651888845157	0.000584597420939839	0.0007974449153665843	0.0010312879918502786	0.0013464653334807361
100	0.0005239259686208936	0.0005323570489923146	0.000556302321386662	0.0006278712135241662	0.0008533835819605927	0.001119767547921469	0.0014566511191731104
101	0.0005570410832826615	0.0005598231844266644	0.0005891020598075763	0.0006797679536418988	0.0009173725114228969	0.0012178363462845253	0.0015714282559874406
102	0.0005912137875245053	0.0005906101038658774	0.0006276614920038276	0.0007391325607016862	0.0009919126149790561	0.0013249020933364134	0.0016912603156939586
103	0.000625213033616414	0.0006239722690045398	0.0006726909294175797	0.0008042449270337821	0.001078346872942777	0.0014408645472415997	0.0018210586242583655
104	0.0006590995378330578	0.0006600530039351678	0.0007262375461385181	0.0008749819760334979	0.0011755559118498365	0.001564432722516808	0.0019634065778529673
105	0.0006944226149949913	0.0007002379893304712	0.0007904560549852009	0.0009536193782055937	0.001282794238693818	0.0016936442113975893	0.0021206636161842938
106	0.0007323834386575671	0.0007461513542887619	0.0008654449534539129	0.0010427029030686819	0.0013999216369763956	0.001830799219132905	0.002291408794583529
107	0.0007741041169147943	0.0008009233296987487	0.0009490042219175956	0.0011435176750696468	0.001525510301117654	0.0019787488990309246	0.002477467818910696
108	0.0008209193503806677	0.000867996328658778	0.0010400475514241397	0.001255677686989326	0.001656160106473703	0.002140377574290076	0.0026839038566168205
109	0.0008748820949865282	0.0009500068761720284	0.0011389972139654017	0.0013786042144849386	0.0017909752321316743	0.002319208070359447	0.002919492634780637
110	0.0009394843151554908	0.0010478609250948975	0.001246880916443227	0.0015098008364121387	0.0019339728375671436	0.0025170228978250975	0.0031922265833936253
111	0.0010177664357435487	0.0011611291817530086	0.0013647300739760518	0.0016467547955274439	0.002093695827393818	0.002740792660741537	0.0035030594958827812
112	0.001111047941422952	0.0012884872916493727	0.0014943898882030327	0.0017895809248123563	0.0022754005427775633	0.0029955315759843345	0.003849109853570084
113	0.0012211878795489377	0.0014284835596897482	0.001636970093624279	0.0019435646481793384	0.002479539302407115	0.0032862055201819626	0.004217888621331387
114	0.00135361472306603	0.0015803708998540441	0.0017923558929536447	0.0021160035074968167	0.002704528661129941	0.0036122846260073717	0.004596009169428247
115	0.0015143236350647691	0.0017459944441349832	0.001959272514782384	0.0023078731946031997	0.002951917242525088	0.003964393469318355	0.004985279205502688
116	0.0017040621755771072	0.0019248765068219185	0.0021375863070129297	0.0025167354268060683	0.003226183409514214	0.004329451401278883	0.005399105851473304
117	0.0019161101008260577	0.0021163428834337786	0.0023276139319575724	0.0027419576777616412	0.0035333729946644705	0.004700933010459896	0.005841006052747255
118	0.0021435774103431182	0.002321126237040127	0.0025288275838198228	0.0029873462863679963	0.003870331496039631	0.005089277051654501	0.006289157224224694
119	0.002382047477817711	0.002539628953297495	0.0027442027210918705	0.0032573283557299788	0.004222940743643698	0.005506739188815287	0.006710927665724222
120	0.0026301360858482516	0.0027717352145438775	0.0029766320455907607	0.003553543541728636	0.0045856434282893635	0.005943884381443424	0.007082984189404175
121	0.0028901365285788822	0.00301654390604275	0.0032315154967668684	0.003879971970961674	0.0049674769564056935	0.006367576657629066	0.007382075360067181
122	0.0031688836206309047	0.0032754256309265217	0.0035090016003015115	0.004233805812961659	0.005380498795036952	0.006743315901536696	0.007608442363468094
123	0.0034724882812463163	0.003552335724688518	0.0038155389474888294	0.004612278183736509	0.005801125873928428	0.007046443130976645	0.007797457349110682
124	0.003801112829948851	0.0038513960825942908	0.004162570087242606	0.005012384360983037	0.0061883649261564085	0.007273969013730525	0.00802899693703278
125	0.004148869546845655	0.004174063047312187	0.004548188823520543	0.005428233403507703	0.0065100826493850045	0.007451163658887821	0.008342708632698103
126	0.004514657659063073	0.0045289600817346835	0.0049662985195422	0.005841487405020689	0.006757202272962402	0.00765299684145965	0.008730808873973867
127	0.0048936171727824405	0.004931320797660186	0.005411088663131809	0.006220989419564626	0.006944212477237785	0.007931542102422478	0.009172516738647092
128	0.0052851538485348395	0.005394071700427159	0.005882610695196803	0.006545781043764789	0.007117218708407223	0.008296867352249509	0.009710914622425477
129	0.0056997050182278	0.005910513443296811	0.006356652894864609	0.006802093333063588	0.0073366345753965315	0.00871563220776582	0.010399022672524322
130	0.006156623338622282	0.00645676389238253	0.00678411671075389	0.00698549425562705	0.007629620889147851	0.009220251039182382	0.01128321473375898
131	0.0066933724735473935	0.007026173078753231	0.007130988790221466	0.0071312103700692095	0.007987178237180854	0.009859238176863596	0.012323615612282053
132	0.007351478848684959	0.007606667080058268	0.007392621548575307	0.007295848494784351	0.008426272877873217	0.010691578273912717	0.013455789168191927
133	0.008155558950682866	0.008190557840042172	0.0075984268385371635	0.007544399709815474	0.008998688108981523	0.011705905571588932	0.014547858918408865
134	0.009092994159241708	0.008755349133935423	0.007798211475676913	0.007911230195911773	0.009780663844037675	0.012842218337212942	0.015518363254551417
135	0.010098018563898607	0.009278145078029309	0.008061223435548593	0.008458379036858551	0.010778981799449713	0.013967523758614073	0.016417474490315182
136	0.011101673967016824	0.009734223096072173	0.008470051617672355	0.009265334036262902	0.011959205424670728	0.014994904863034546	0.017420722540553997
137	0.01205083037320725	0.010119768597493	0.009087734629508954	0.010334156264877456	0.013159112190013022	0.015949777352961853	0.01859782310112662
138	0.012906810948280872	0.010509914368297592	0.009915393068613	0.011585242913944391	0.014250550450789509	0.01695695640930056	0.019871768319814184
139	0.013647657761673522	0.01102239955144209	0.010963846722605693	0.012837489667834847	0.015215724297501888	0.018086076981909456	0.021098728914210784
140	0.014345171428115068	0.011786474616208058	0.012220269287360789	0.013975942041380654	0.0161464588612891	0.019327783435437708	0.02232606104980873
141	0.015191924486273914	0.012924777171866918	0.013637595268927064	0.014987549990197798	0.01719993272016135	0.02064339805759142	0.023662863033267405
142	0.016428561534058618	0.014543685125734057	0.015125600875010378	0.015947301374590016	0.018425678158008815	0.022090232327514035	0.02553411794739432
143	0.01826502716845689	0.016627855547277293	0.016621641076101167	0.017051601565256567	0.019923055794072875	0.023848573813213397	0.028626633695907094
144	0.02077282176053196	0.01906848254575657	0.018185808125070327	0.018495081052659595	0.02171830552556861	0.026552288512347647	0.03310214100842171
145	0.02380791929517212	0.02168857109733923	0.01996465301503785	0.02049350596053001	0.024081336573968853	0.03066778701380702	0.03870106233496453
146	0.02719241807869595	0.024412640955985485	0.022148391867336917	0.023032722455813615	0.027652882953014882	0.03622072224465503	0.04506505968155516
147	0.0309107174613789	0.02723058529238746	0.024983353023732436	0.026294421066496477	0.03268044342729828	0.04292602021613131	0.051642349838713394
148	0.034979290285544445	0.030327328909244104	0.028446010775838117	0.030591572940001865	0.039253123220665855	0.05002992960430244	0.05811413980430939
149	0.03946565621075946	0.03395154760160684	0.03258138542824227	0.03626962922366912	0.046584819491768	0.056967352839907705	0.06387817671356018
150	0.04435446428126079	0.03832910918827278	0.03755617124066126	0.043308045471563875	0.05396689906614308	0.06316554858465788	0.06923654378416681
151	0.05012623953475287	0.0438665774277815	0.04397941810505714	0.05109864423812952	0.06071807715557616	0.06871806093734516	0.07482719755965453
152	0.057760876348987224	0.050631028924752144	0.052131822963302266	0.05900691201828409	0.06665158829272436	0.07443221824626783	0.08189197945180542
153	0.0694686620437171	0.05950759603460664	0.06166559236542199	0.06640582149298586	0.07242628986192755	0.08168829622188359	0.09225841742232108
154	0.08641065170013423	0.07135839299172236	0.07170224293064677	0.0733779435273445	0.07959306290011588	0.09305519222419088	0.1085743986153797
155	0.10989093145256339	0.08748654334316817	0.08148044204575731	0.08109771024364511	0.0910817742056203	0.1110899782891204	0.13485378720704194
156	0.14017259014867223	0.10776431268551954	0.09219347675654113	0.09271898884268248	0.10929270237715541	0.13980605559556145	0.17757108012255446
157	0.1769439271106322	0.13222251057700699	0.10803472358773876	0.11132890319778338	0.13862354238992713	0.18497267684836022	0.24148975577382212
158	0.218690894611564	0.16337676608608367	0.13283459170973813	0.14235413005188188	0.18326740474229428	0.25089517839285413	0.32893756609200736
159	0.2677567269758377	0.20473090020545967	0.1732771980903009	0.1895013222060116	0.24811721090731506	0.33820130816116456	0.4345643278468617
160	0.3314156002638487	0.26441801068752946	0.2347740882032687	0.2581609460220736	0.3338914491987713	0.4409001105145251	0.5534300226466625
161	0.418605813945528	0.35468647447379076	0.3272969866816735	0.3537754236083845	0.4360973149300124	0.55778262961927	0.6828651119591199
162	0.5322778765215506	0.4793237981920074	0.44648697018814487	0.4717384519009138	0.559931663267942	0.6894375507835863	0.813810484040527
163	0.6695431887863981	0.6355565527996417	0.5929657658225066	0.612968237219724	0.7037531434276064	0.8204763999294021	0.9197051668734423
164	0.8171095985264669	0.7989169909169721	0.7599388498687596	0.7731916940275992	0.848290249570239	0.9260447509783709	0.9806382771217819
165	0.9417776169245545	0.9323559881017845	0.9147201573925215	0.9222534293340791	0.9571882041315404	0.984944162608291	1.
166	1.	1.	0.9999999999999999	1.	1.	1.	0.997510495550896
167	0.9756505041384719	0.9856938309037504	0.9749208218490883	0.9661542628857231	0.9704301661087192	0.9805671424582534	0.9831462459879932
168	0.8912827663676681	0.9016356116649713	0.8599666737785604	0.8457288730331453	0.8829653893891711	0.9300786781861904	0.9545038925883252
169	0.7793592285077826	0.7709793336742211	0.7105551726652554	0.6998582798875308	0.7661604535956842	0.8549561265495121	0.9113714891987339
170	0.6527557040690929	0.6199324353610051	0.5664756351261709	0.5724709672559195	0.6494325115762725	0.7637438464248164	0.8564342823232693
171	0.5174600463712901	0.47178348143779936	0.4424465885468346	0.4696958435791022	0.5497618554307828	0.6703969773001098	0.786690788158776
172	0.3895935183425445	0.3427868880425893	0.33638434104882137	0.38254763444477863	0.46852959265672384	0.582932331798279	0.7033993352671442
173	0.28699288462646805	0.24426233389488342	0.2532123283919914	0.307633422545981	0.39577721727063236	0.5033973846846014	0.6145635494647361
174	0.21290720488734213	0.1740453910942631	0.18876923679029098	0.24103513541738514	0.3268694416947782	0.43098831608325167	0.5311265549091725
175	0.16063884956080596	0.1295666405750506	0.1419242946183074	0.18490387036363848	0.2608551962524028	0.35764657534357164	0.4504310985448984
176	0.12505008071137078	0.10366098149953443	0.11042819135645743	0.14147892052321295	0.2007208877997018	0.2840100543990162	0.3690084132716505
177	0.10276245090245027	0.08796980876157248	0.08992601489288092	0.1102023316468175	0.15089571482193168	0.21523282940418925	0.2890848401097229
178	0.08839571374923409	0.07782576164415303	0.07639127820792822	0.08698801390416022	0.11385626948533771	0.15864131325353314	0.21692190141869883
179	0.07869495463622488	0.06984740645297627	0.06605728554989287	0.07005208296065488	0.08728515398881727	0.11786227897650314	0.15956578634137708
180	0.07211639888464046	0.06263454002604128	0.0569928418862558	0.05778296960376982	0.06970862950781302	0.09084627102022769	0.11902800914599872
181	0.06680273135130983	0.05571224083111251	0.04875299456753683	0.049037091467236615	0.05832789975585516	0.0745721651832805	0.09342671464419444
182	0.060959367412875595	0.04917238960051726	0.041952014364417534	0.04312249556612131	0.05055789429095906	0.0639299225393755	0.07838799379462717
183	0.05377869511754465	0.043382447687574044	0.03702164407619099	0.03863572641998716	0.045126700400644204	0.05549274383622186	0.06772586324130009
184	0.045745222009074896	0.038549209465188236	0.03374965824566424	0.0348561089346145	0.040804077981313386	0.048766218302717414	0.058861572148752116
185	0.038154862234883714	0.03454115993095621	0.031517502959725024	0.03166151455873919	0.036955595418294844	0.04359841912293246	0.05133200715329414
186	0.032093550376923526	0.03109699255130069	0.029693195384721562	0.029116110975409018	0.03325436385200778	0.03953094022333283	0.04541374241531115
187	0.027862459071907823	0.0279713042861263	0.027743564622820505	0.027121932255853638	0.029807317535858864	0.03577590683404259	0.040897499313380416
188	0.024961821167878654	0.024977773570194747	0.025367597212206685	0.025299964746220358	0.026851815777487173	0.0318302045883623	0.03705988695933275
189	0.022750344435454383	0.022042207314391108	0.022577527332029747	0.023277746595791786	0.024540904368092666	0.028114272997848085	0.03326008384772571
190	0.020695219176106765	0.019202254224954793	0.019565032915274116	0.02100621576254334	0.022675242611992604	0.025191050498881293	0.029413379325537573
191	0.01858492104184582	0.01643027461140658	0.01656997307432818	0.018551952810516015	0.02101499612951104	0.023208302470942927	0.02618258105500694
192	0.01631359193427861	0.013812601387034081	0.013840956006130459	0.01616876930341164	0.01938744552355228	0.021879764479262192	0.023938456148990817
193	0.013960893357831074	0.011550890221677492	0.011622035599570578	0.013986129808654458	0.017658175833659754	0.02074984454711488	0.022570827049818918
194	0.01177382862248237	0.009858391270138857	0.009968227121246662	0.012106997256071889	0.015847463513621603	0.019533508826142125	0.021608689151639195
195	0.010042297428412434	0.008700068405086634	0.008771804123113397	0.010547824598079047	0.014020871706577176	0.01803031032252823	0.020670462452987214
196	0.008814246088155241	0.007920990027602777	0.007850117409165039	0.00928403652171671	0.012312034381102793	0.01630539565080248	0.019526191208993016
197	0.007964654269235151	0.007305257385469959	0.007105071160911973	0.008239950081545672	0.010783996322929671	0.0144858194230558	0.018054406143450052
198	0.007327220036631147	0.006756179692860663	0.0064579867606547655	0.007321383045830893	0.009434088823398308	0.012744409224351067	0.016309821438435533
199	0.006773227930447545	0.006192877840585911	0.005867605212274406	0.006502765673337659	0.00827529294498501	0.011155066614208257	0.014471856404441194
200	0.00620301959359025	0.005600344872537073	0.005285735368403756	0.0057583629141610675	0.007261163586521433	0.0097427351044787	0.012732209834217457
201	0.005588103134117649	0.004997895475104386	0.004720313770420499	0.005101478594768678	0.00637822227954548	0.008509397546766322	0.011160327832168575
202	0.004951637923898315	0.00441617037799364	0.004205782192799176	0.004525845298497288	0.005613921137814414	0.007464215411943179	0.009761654020073689
203	0.00435117501001827	0.0038880212166743375	0.003756953010158179	0.004027254113218283	0.004952907767925138	0.006575295881061905	0.008544555948789409
204	0.003837667794027876	0.0034180183715080497	0.0033620880259137773	0.003598601927148349	0.004385534518180403	0.005805066248619912	0.007520478054917722
205	0.0034181082536180706	0.0030055655214164174	0.0029990092056716468	0.003230489189330746	0.003884826048629426	0.005110788602988894	0.006650872692908354
206	0.0030730059521389434	0.002656059333537019	0.002664498469865498	0.00291600698961795	0.0034560312038963343	0.0045017570759774694	0.005889236169470418
207	0.0027748171549590245	0.002378015143506854	0.0023734063235039695	0.0026454970468776902	0.003111057502954775	0.003975135640637944	0.005188217229155354
208	0.0025223483287803044	0.0021731313723966695	0.0021335074481029126	0.0024066481743366596	0.002848414253213303	0.003548828987437418	0.004570644639076312
209	0.0023174341998140266	0.0020275898063430295	0.0019459715067698278	0.0021919767936105033	0.0026452872457474715	0.003222550344980262	0.004042373427694849
210	0.0021574504995895737	0.001916647619124018	0.001801950198555124	0.002000679018124231	0.0024631490276181413	0.002979277757725515	0.003627365121113625
211	0.0020234426338156357	0.0018146508521392432	0.0016852505740570546	0.0018298717687905597	0.0022819357165272903	0.0027870883984139065	0.0033139901030556926
212	0.0018943691242895053	0.0017013524452322614	0.001578911013133452	0.0016782745263960942	0.0020947952070397434	0.002605511086773312	0.003075328311237865
213	0.0017580070187713849	0.001577591069425881	0.0014733487966030402	0.00154353874115816	0.001908658109379872	0.002419196479252343	0.0028757840147655075
214	0.0016183209128875734	0.0014551893285649636	0.0013701565973307907	0.0014258246536879172	0.0017349775488944546	0.002228058753105376	0.002686656740482409
215	0.0014842275640132296	0.0013437718995413434	0.0012736479024488098	0.0013250269252659105	0.0015830302748495357	0.0020410924601258007	0.002494817491114836
216	0.0013628697976088653	0.0012472773726387185	0.001187223675994037	0.0012410175490948567	0.0014553144553565965	0.0018665295504776693	0.0023060779969683687
217	0.0012566284882164465	0.0011630068986067722	0.0011108913242843413	0.0011691736692007412	0.0013502145438863203	0.00170903905188656	0.002122883436908296
218	0.0011631143774149895	0.0010878233982465119	0.0010426671242513104	0.001104958403029511	0.001263687905004277	0.0015721588552120751	0.0019519221758907618
219	0.0010788581628286304	0.001017643302976261	0.0009802988181473243	0.0010460778296767887	0.0011909845248956666	0.0014547797921198628	0.0017960934180575921
220	0.0009989801583603001	0.0009469399065824108	0.0009208138076541707	0.0009899699762397	0.0011264055562264558	0.0013559681882200096	0.001660851187644708
221	0.0009229721107067419	0.0008760046810176138	0.0008623941625663223	0.00093521680459735	0.001065937496014774	0.001272537868738757	0.0015467506908467875
222	0.0008523571261739633	0.0008085236290144995	0.0008054337746891762	0.0008805840664401628	0.0010075069467139154	0.001201118105919649	0.0014491088994838977
223	0.0007887279727589846	0.000748919127648724	0.0007506801672303359	0.0008274819303287595	0.000952539985475726	0.0011375944255899927	0.0013627573829635264
224	0.0007343697516724773	0.0006989547737394063	0.0007001038076549041	0.0007786198199763188	0.0009024399481556666	0.0010792150414421595	0.0012856944291319027
225	0.0006907049474751134	0.0006578739622864283	0.0006550571700876674	0.0007346230547786731	0.000857539385208615	0.001024966658774481	0.0012165427377842813
226	0.0006570544887224701	0.000624466657229227	0.0006164616652122807	0.0006930037597379716	0.0008166306185000401	0.0009762113574379565	0.00115366901363397
227	0.0006301668316668497	0.0005958576371300404	0.0005840192993954677	0.000653139449710716	0.0007783409529249087	0.0009345673456724057	0.0010959292818970075
228	0.0006052324591281495	0.000569599862571746	0.0005567433802654363	0.0006156432658089772	0.0007423847867911877	0.000898496138013306	0.0010459918156402019
229	0.0005795739275421276	0.0005446120177514967	0.0005331035946053835	0.000582816583949128	0.000707672307136483	0.000864878695577586	0.0010042879677546262
230	0.0005520495185486579	0.0005215178560608009	0.0005110372049678416	0.0005548184989636438	0.000673048104381617	0.0008311815774854104	0.0009690362808211632
231	0.0005248903098883953	0.0005009313172775051	0.0004896184674295897	0.0005307348860950742	0.0006389261102830263	0.0007963232344985411	0.0009360094013637439
232	0.0004997620530667701	0.00048211748615675467	0.0004688216155339927	0.0005089855116276779	0.0006071311686133005	0.0007611904023943533	0.0009039329254459905
233	0.0004779006462979629	0.0004640628181295219	0.00044973955116424136	0.0004876488812491539	0.0005798458468718572	0.0007261789329166389	0.0008701955452562447
234	0.00045847519585638506	0.00044584707335358214	0.00043352089988661516	0.0004661013721098717	0.0005566502925610221	0.0006920629466815316	0.0008341187981688687
235	0.000440737315928535	0.0004275237577437743	0.0004196258168729833	0.00044556455613336215	0.0005358960204175893	0.0006590034210381543	0.0007977691673909874
236	0.0004243554952986023	0.00040987040281317946	0.0004065721071608739	0.00042776814822823245	0.0005155634630522678	0.0006291370849885082	0.0007649225560261442
237	0.000409202040775559	0.00039348147637033646	0.00039221704569965157	0.00041356325049477866	0.0004949370861929011	0.0006040250488144841	0.000735860805709817
238	0.00039511066829595563	0.00037888527120681154	0.00037667042223428514	0.00040164513309153243	0.0004749693486890187	0.0005830457125126122	0.0007075272224404133
239	0.00038108847671769274	0.0003660936825432407	0.00036185012809506715	0.0003905215013229556	0.0004566306723210038	0.0005639115868164811	0.0006780354439990451
240	0.00036602458874932355	0.0003549031952651814	0.00034981900247821584	0.0003793966493880662	0.0004413775564149217	0.0005442253324546362	0.0006495521729776276
241	0.0003496530359669907	0.0003445035077311115	0.00034098547120668487	0.0003684314415036769	0.0004289436699983601	0.000523208068428578	0.0006242068566017192
242	0.000332158196204781	0.0003341658608011495	0.00033382883959081705	0.00035816633635133826	0.0004182431922119947	0.0005022823231184398	0.0006016516010429131
243	0.0003140684204438769	0.0003229500103653079	0.0003263010146497297	0.00034914717322445806	0.0004074274476335326	0.00048356566801763967	0.0005794890277086544
244	0.0002968857490937328	0.00031053251723378356	0.00031731021300700554	0.0003417917234098606	0.00039595650428044947	0.0004684852148777126	0.0005574953964466003
245	0.0002823960999680764	0.0002972629684041028	0.00030681654562045015	0.00033597694888655997	0.0003845891267313952	0.0004562332006554868	0.0005366940472346355
246	0.0002719371216766898	0.0002836913028031837	0.0002958275722372764	0.0003303603531569522	0.00037426853163963594	0.00044491436554573575	0.0005184806092497646
247	0.00026489444494179413	0.0002703574828162404	0.00028449662683699813	0.0003229802309243758	0.0003656317323445184	0.000432924566457347	0.0005032867963662313
248	0.0002590354739764803	0.000258320040722285	0.0002732483888835085	0.0003128724719399373	0.0003586402699417042	0.000420541090786156	0.0004910768835612859
249	0.00025243513477357426	0.00024824215299564824	0.0002620431462642951	0.0003004743768625061	0.00035239574728874117	0.00040993779523925994	0.0004806763473242787
250	0.0002443321291361094	0.00023984053565239942	0.0002513846778766613	0.00028765675019564157	0.000345615450289013	0.00040182244551902546	0.0004705012335249418
251	0.0002355248916830844	0.0002321660165513392	0.00024115402979426158	0.00027538424938225014	0.00033692574214219114	0.00039571582685531045	0.0004596035577616301
252	0.00022650302701253557	0.00022474319520495256	0.0002311288150814439	0.0002642381213501965	0.00032659114271875694	0.00038958720676015684	0.00044903961546015775
253	0.00021735712223234181	0.00021742515177467438	0.00022146982504762144	0.0002543627309440974	0.0003150417046836673	0.0003822048153979845	0.0004406911844619298
254	0.00020796319502540896	0.00021012560665536909	0.00021292242551613867	0.0002454744564595219	0.00030302601537932316	0.00037339197966187185	0.0004346156761935961
255	0.00019878084919071638	0.00020299819882030483	0.00020585939950246314	0.0002366186189619295	0.0002911322509829633	0.0003634374135727408	0.00042899635044541494
256	0.00019036918283136603	0.00019638041539380455	0.00019976082126592877	0.00022707865368813807	0.0002801270928476717	0.0003527630932015662	0.00042129918379869114
257	0.0001829408250859203	0.0001901497221220341	0.00019374212837218132	0.0002172554147926974	0.000270695488381049	0.00034141313274770225	0.00041072148525184767
258	0.0001763939530136355	0.00018370686499524276	0.00018787305515581402	0.00020833586890823625	0.0002622766738617674	0.0003291526299807328	0.00039846068126814043
259	0.00017044911664087085	0.00017686899984203209	0.0001822087458112562	0.00020111370710631057	0.0002541443128448111	0.0003161115162761902	0.00038632283999352274
260	0.0001651850296662063	0.0001701696587814038	0.0001770832534401598	0.00019545851572221143	0.00024572139219633835	0.00030329251194482294	0.00037499932726124116
261	0.00016081976105722173	0.0001640534903820854	0.00017213355057023763	0.00019064758689437038	0.00023688242606655796	0.00029262782272616535	0.0003636382401202426
262	0.0001575509922417255	0.00015859834835629759	0.00016725440065741922	0.00018636029979155123	0.00022807627344973786	0.0002842847788274458	0.00035157642967543513
263	0.00015522171610917525	0.0001536493667897505	0.00016237640777749934	0.00018224008096836753	0.00021950456292368277	0.0002773915356532916	0.0003391579738271561
264	0.00015336496906142138	0.000149211074101978	0.0001576569162236535	0.00017806580339641226	0.0002116542531644419	0.00027009347254885904	0.00032721352740618993
265	0.00015164565512515468	0.00014539724913147748	0.0001531872572616076	0.00017362255935770215	0.00020457134897545944	0.00026176175705970464	0.0003165296069415104
266	0.0001496023145161749	0.00014244387004789673	0.0001489333799622218	0.00016919111760955414	0.00019824753608994644	0.000252669114254464	0.00030724677232823425
267	0.0001470859954163618	0.00014057385850449328	0.00014487462192809713	0.00016501402400783164	0.00019283403632123271	0.00024364199414333388	0.0002991702077061358
268	0.00014411443079607043	0.0001396006254593861	0.0001411725705921706	0.0001611776488209653	0.00018855667265875816	0.00023558654398436453	0.00029170862835069825
269	0.00014090066747546458	0.00013903685958801255	0.0001379274153840059	0.00015740510670637898	0.00018536515104458463	0.00022886926215959601	0.00028429765290460015
270	0.000137476743954572	0.00013834474488958395	0.00013514281369388762	0.0001534811310706838	0.00018254707091513913	0.0002230866975906411	0.0002763659565950846
271	0.00013364541096198083	0.00013722499005802157	0.00013280077760960255	0.00014936060536860889	0.00017955307415063381	0.00021743383742003049	0.00026795356365461775
272	0.00012945411013932332	0.00013550535176434558	0.00013105994617692914	0.00014511427077558013	0.00017624192801861396	0.00021172168752322482	0.0002595737838356796
273	0.000125301199588669	0.0001330251854947085	0.00012994513080776524	0.0001411091943503034	0.00017282842160183394	0.00020653260771791488	0.00025216284215762245
274	0.00012163570672118382	0.00012977951302252036	0.00012920876561989074	0.00013762474336025268	0.00016965697729555835	0.00020219655565364986	0.00024579164804322626
275	0.00011859933676448008	0.000125885232004125	0.00012839865784965566	0.00013475406206765145	0.00016694299789917136	0.00019867270438187918	0.00024009776117855437
276	0.00011613326745877939	0.00012159955511770214	0.00012709429835753785	0.0001321763569463938	0.00016467271228133042	0.00019558142387589265	0.00023483676801153467
277	0.00011421040165583378	0.00011713873051278601	0.00012518216855623648	0.00012980594098621113	0.00016249791440773074	0.00019264252372581183	0.00023009419163584646
278	0.00011293605635164251	0.0001129089072391189	0.0001227213475137879	0.00012774651503646688	0.00016021374479055318	0.0001898887534413886	0.00022612958395793907
279	0.00011225610266583901	0.00010927591565362733	0.00012003135997196047	0.00012607856506410354	0.00015781078795193274	0.00018738979645537563	0.00022260890270329426
280	0.00011202397432670647	0.00010644763671965989	0.00011720951472492705	0.00012487196728921463	0.00015536238798669993	0.00018496807346620576	0.00021917378382372877
281	0.00011200754874449011	0.00010428669268871152	0.00011415477370382225	0.0001239768356167702	0.00015267807381098356	0.00018247479609546235	0.0002156842659625937
282	0.00011202521698464714	0.00010266988078516724	0.00011068330771098832	0.0001232286529693785	0.00014968523722647226	0.000180002063393008	0.0002124174813746134
283	0.00011182643840076153	0.00010164839003610202	0.00010686947756308621	0.00012237212060637134	0.00014666634901000134	0.0001779608272767806	0.00020985424300675788
284	0.00011124071795865623	0.00010118866122449116	0.00010307991289616949	0.00012119052673317748	0.00014385016738262496	0.00017640919737761627	0.00020809269764508032
285	0.00011017425405730204	0.00010116443331907853	0.00009970211284668552	0.00011968189114953461	0.00014118409637418653	0.00017502202520726376	0.00020690844673583355
286	0.000108705615575941	0.00010131326829142399	0.00009698425739327563	0.00011773740629357008	0.00013854531911406675	0.00017326016819355756	0.00020570973365343666
287	0.00010699255607417421	0.00010159004026581958	0.00009505254294787325	0.00011524918454223523	0.0001358067667047965	0.00017091437407654042	0.0002041444888297031
288	0.00010497279655909441	0.00010186327626166452	0.00009385902964483556	0.00011226832679634219	0.00013310793745591176	0.00016819192403719202	0.00020214750416698617
289	0.0001026068891602132	0.00010188462022904487	0.00009330154246071618	0.00010914233452863122	0.00013059509678808114	0.00016551280084362285	0.00019983651032041833
290	0.00010003515979785279	0.00010149071907613356	0.00009312522298232567	0.0001063369148257831	0.0001283554873368275	0.00016307459876104945	0.00019735032186409546
291	0.00009765333338686435	0.00010057323468488653	0.00009322494278981669	0.00010400292257679184	0.00012621684704084205	0.00016072488729951316	0.00019441659999261564
292	0.00009581762384915287	0.00009919108077164838	0.00009345273407524373	0.00010202595271629983	0.0001240019635849141	0.00015813327879870867	0.00019087376653262192
293	0.00009449466129088138	0.00009719243045332373	0.00009367790502641041	0.00010015179091019869	0.00012166328426604227	0.00015537433989447206	0.00018698403324595678
294	0.00009351577652524134	0.0000946686326834648	0.0000937144032195608	0.00009845344439632826	0.00011955363904146944	0.00015265948113852564	0.00018329266934354892
295	0.00009261976704168527	0.00009196903207955956	0.00009350035140900844	0.00009715382781720576	0.00011803961636148878	0.00015006352075311275	0.00018009504695145275
296	0.0000917884404868954	0.00008947253741930617	0.0000930013016072863	0.00009639750478080715	0.00011728484313645965	0.00014757495527914169	0.00017718875369346595
297	0.00009102295213121551	0.0000873443740468475	0.00009215571616859059	0.00009604396103226406	0.00011686804143863134	0.00014513922789624107	0.0001744211673503646
298	0.00009041139918896197	0.00008552979081159964	0.00009095949094849279	0.00009597565519997097	0.00011633987649878687	0.00014277005582000857	0.00017160438596239806
299	0.00009005655103831462	0.00008406187901326057	0.00008945785697741837	0.00009596198833253231	0.00011538952815603582	0.00014044050272981777	0.00016886550002881363
300	0.00009005130806631364	0.00008302098234059178	0.00008777048474619931	0.00009583575227252297	0.00011417438279548031	0.00013822315787358718	0.00016633095611094886
301	0.00009024123597524193	0.0000824819949333117	0.00008592186535762743	0.0000953413558442928	0.00011308201377859393	0.00013626325590368818	0.00016396242032593665
302	0.0000903095640549761	0.0000824809904332479	0.00008395076779890419	0.0000945050791236202	0.00011238499982297952	0.00013458202877156633	0.0001615394728619609
303	0.00008994553588093372	0.00008298313704734201	0.00008202925207336886	0.00009344681335977565	0.00011208380982998008	0.00013325310809834842	0.00015903596285880557
304	0.00008920544332425954	0.00008384007659031314	0.0000802997871906305	0.00009224242157673056	0.00011193776619153994	0.00013233768374275673	0.00015675514787743435
305	0.0000882145192019098	0.0000847232095218144	0.00007879968048614328	0.0000908225566001906	0.0001115657983612216	0.0001319126101257409	0.0001552076269247464
306	0.00008695352320696184	0.0000853910385379859	0.00007757432252623478	0.00008930260636032964	0.00011065580355126995	0.00013196960529518852	0.00015457660791477466
307	0.00008538807377446508	0.00008570709183195073	0.00007682885160949415	0.00008789633881619461	0.0001089349413243551	0.00013230007191513887	0.00015454557181957665
308	0.00008365624915561842	0.00008572317557215365	0.0000767630367262531	0.0000868741059212559	0.00010653683338410842	0.0001325923428924671	0.00015464732584623248
309	0.00008207868902612585	0.00008538261830342146	0.00007726286815867159	0.00008615292849729284	0.0001038738743949228	0.00013254351536412886	0.00015456206966710885
310	0.00008099650697958763	0.00008474816968084129	0.00007810506031649474	0.0000856012463121403	0.00010160642384921646	0.0001320632308279769	0.00015435873691844622
311	0.00008050305445047679	0.00008385836228263999	0.00007903490685792369	0.00008516035791684375	0.00010010231665221942	0.00013126934034239944	0.00015449838017402782
312	0.00008059151082593482	0.00008291816897548235	0.00008009356257337972	0.00008485812891488958	0.00009946875497944186	0.00013030779779744245	0.0001549973452259252
313	0.00008107546793276569	0.0000820740802534545	0.00008135549546584578	0.00008462023835141902	0.00009949265223540422	0.0001292550118539407	0.0001555575125278677
314	0.00008177107616645521	0.0000812264472726146	0.00008280559452400837	0.0000843008595515112	0.0001000377297674509	0.0001280870482829972	0.00015564599830262467
315	0.0000825235853594994	0.00008036296588270905	0.00008426030927581393	0.00008398142510374089	0.00010098091991379943	0.0001268025577939743	0.00015523536343037275
316	0.00008325329703937716	0.00007945927236381291	0.00008552176142374374	0.00008392815466863432	0.0001022761063054013	0.0001254148655296786	0.00015428682371084032
317	0.00008392004058407909	0.00007858609550530254	0.00008637415635149074	0.00008423766800143123	0.00010349890425379343	0.00012387550436788753	0.00015268668912461026
318	0.00008434436791779842	0.0000778281349572012	0.00008659403610611779	0.00008493022034936872	0.00010424748807351789	0.00012219980023190174	0.00015061134972391916
319	0.00008431006070121262	0.00007740334405241953	0.00008606945130580224	0.00008593118118886129	0.00010432517136909189	0.00012067387083618233	0.00014840444670532918
320	0.0000837395947236124	0.00007766493237778948	0.00008484959200818359	0.00008726280941609244	0.00010386599628868847	0.00011961028024998	0.0001464687357256748
321	0.0000828079429108501	0.0000785413544809444	0.00008317549127412326	0.00008873945929849745	0.00010316194410649852	0.00011930792223641923	0.00014474924269831208
322	0.00008181431853252986	0.0000796399576057568	0.00008140464031102483	0.00009014440686756524	0.00010242393966091188	0.00011965297967107176	0.00014325151866801623
323	0.00008090839043332352	0.000080508540559861	0.0000797996564846613	0.0000913630131061041	0.00010184486906979963	0.00012038800943199495	0.0001420170747748693
324	0.0000800832462949059	0.00008099588806439312	0.00007862594219233873	0.00009237814485586988	0.00010156935442310843	0.00012113719083845476	0.00014096864367048735
325	0.0000793418797672976	0.00008126777276243285	0.0000780072432558695	0.00009311072009574949	0.00010157611564899932	0.0001216344050435966	0.0001399335015506278
326	0.00007867004642157702	0.00008138307572040383	0.0000779244600718959	0.00009344978159330815	0.00010187494713450005	0.00012193159603551043	0.00013898365794652977
327	0.00007819217391164565	0.000081340660035784	0.00007821593885071963	0.00009337693689841	0.00010229388219548678	0.0001221374826428528	0.00013821941953484984
328	0.00007791035988718371	0.00008110183897329555	0.00007873228219656363	0.00009290938778082541	0.00010289447827119925	0.00012256202611747477	0.000137851586543178
329	0.00007781967476173402	0.00008070887655870422	0.00007934830757738828	0.00009216283255871551	0.0001034522199974119	0.00012322281520448864	0.00013779496798887184
330	0.00007780577808324605	0.00008025829155452632	0.00007994120611301237	0.00009123056052654104	0.00010377023869196726	0.00012408040515278178	0.00013820531272877508
331	0.00007777584575456764	0.00007974037111641732	0.00008061009295345585	0.00009021280201749671	0.00010365513049543966	0.0001248878075791273	0.00013889612465812904
