rel_pix,1450A,1500A,1550A,1600A,1650A,1700A,1750A
1  6.67028e-05  6.67003e-05  6.60958e-05  6.50469e-05  6.33661e-05  6.06323e-05  5.90037e-05
2  6.82284e-05  6.82258e-05  6.76074e-05  6.65346e-05  6.48154e-05  6.20191e-05  6.03532e-05
3  6.98049e-05  6.98022e-05  6.91696e-05  6.80719e-05  6.63130e-05  6.34521e-05  6.17477e-05
4  7.14345e-05  7.14318e-05  7.07844e-05  6.96611e-05  6.78611e-05  6.49334e-05  6.31892e-05
5  7.31196e-05  7.31169e-05  7.24542e-05  7.13044e-05  6.94620e-05  6.64652e-05  6.46799e-05
6  7.48628e-05  7.48600e-05  7.41815e-05  7.30043e-05  7.11179e-05  6.80497e-05  6.62219e-05
7  7.66667e-05  7.66638e-05  7.59689e-05  7.47634e-05  7.28316e-05  6.96894e-05  6.78175e-05
8  7.85340e-05  7.85310e-05  7.78192e-05  7.65844e-05  7.46055e-05  7.13868e-05  6.94693e-05
9  8.04677e-05  8.04647e-05  7.97354e-05  7.84701e-05  7.64425e-05  7.31445e-05  7.11798e-05
10 8.24710e-05  8.24679e-05  8.17204e-05  8.04236e-05  7.83455e-05  7.49655e-05  7.29519e-05
11 8.45471e-05  8.45439e-05  8.37776e-05  8.24482e-05  8.03178e-05  7.68526e-05  7.47883e-05
12 8.66995e-05  8.66963e-05  8.59105e-05  8.45472e-05  8.23626e-05  7.88092e-05  7.66923e-05
13 8.89320e-05  8.89287e-05  8.81227e-05  8.67243e-05  8.44834e-05  8.08385e-05  7.86672e-05
14 9.12486e-05  9.12451e-05  9.04181e-05  8.89833e-05  8.66840e-05  8.29442e-05  8.07163e-05
15 9.36532e-05  9.36497e-05  9.28009e-05  9.13283e-05  8.89684e-05  8.51300e-05  8.28434e-05
16 9.61505e-05  9.61469e-05  9.52755e-05  9.37636e-05  9.13408e-05  8.74001e-05  8.50525e-05
17 9.87452e-05  9.87414e-05  9.78465e-05  9.62938e-05  9.38056e-05  8.97586e-05  8.73476e-05
18 1.01442e-04  1.01438e-04  1.00519e-04  9.89239e-05  9.63677e-05  9.22101e-05  8.97333e-05
19 1.04247e-04  1.04243e-04  1.03298e-04  1.01659e-04  9.90321e-05  9.47596e-05  9.22143e-05
20 1.07165e-04  1.07161e-04  1.06190e-04  1.04505e-04  1.01804e-04  9.74121e-05  9.47956e-05
21 1.10203e-04  1.10198e-04  1.09200e-04  1.07467e-04  1.04690e-04  1.00173e-04  9.74826e-05
22 1.13366e-04  1.13362e-04  1.12334e-04  1.10552e-04  1.07695e-04  1.03049e-04  1.00281e-04
23 1.16663e-04  1.16658e-04  1.15601e-04  1.13766e-04  1.10827e-04  1.06045e-04  1.03197e-04
24 1.20099e-04  1.20095e-04  1.19006e-04  1.17118e-04  1.14091e-04  1.09169e-04  1.06237e-04
25 1.23684e-04  1.23679e-04  1.22558e-04  1.20614e-04  1.17497e-04  1.12428e-04  1.09408e-04
26 1.27426e-04  1.27421e-04  1.26266e-04  1.24262e-04  1.21051e-04  1.15829e-04  1.12718e-04
27 1.31333e-04  1.31328e-04  1.30137e-04  1.28072e-04  1.24763e-04  1.19380e-04  1.16174e-04
28 1.35415e-04  1.35410e-04  1.34183e-04  1.32054e-04  1.28641e-04  1.23091e-04  1.19785e-04
29 1.39684e-04  1.39679e-04  1.38413e-04  1.36216e-04  1.32696e-04  1.26971e-04  1.23561e-04
30 1.44149e-04  1.44144e-04  1.42838e-04  1.40571e-04  1.36939e-04  1.31031e-04  1.27511e-04
31 1.48824e-04  1.48819e-04  1.47470e-04  1.45130e-04  1.41380e-04  1.35280e-04  1.31646e-04
32 1.53721e-04  1.53715e-04  1.52322e-04  1.49905e-04  1.46032e-04  1.39731e-04  1.35978e-04
33 1.58854e-04  1.58848e-04  1.57409e-04  1.54911e-04  1.50908e-04  1.44397e-04  1.40519e-04
34 1.64239e-04  1.64233e-04  1.62744e-04  1.60162e-04  1.56023e-04  1.49292e-04  1.45282e-04
35 1.69891e-04  1.69885e-04  1.68345e-04  1.65673e-04  1.61393e-04  1.54430e-04  1.50282e-04
36 1.75828e-04  1.75822e-04  1.74228e-04  1.71464e-04  1.67033e-04  1.59827e-04  1.55534e-04
37 1.82070e-04  1.82064e-04  1.80413e-04  1.77550e-04  1.72963e-04  1.65501e-04  1.61055e-04
38 1.88638e-04  1.88630e-04  1.86921e-04  1.83955e-04  1.79201e-04  1.71470e-04  1.66864e-04
39 1.95552e-04  1.95545e-04  1.93773e-04  1.90698e-04  1.85770e-04  1.77756e-04  1.72981e-04
40 2.02839e-04  2.02832e-04  2.00993e-04  1.97804e-04  1.92693e-04  1.84379e-04  1.79427e-04
41 2.10525e-04  2.10517e-04  2.08609e-04  2.05299e-04  1.99994e-04  1.91366e-04  1.86226e-04
42 2.18639e-04  2.18631e-04  2.16649e-04  2.13211e-04  2.07702e-04  1.98741e-04  1.93403e-04
43 2.27212e-04  2.27203e-04  2.25144e-04  2.21571e-04  2.15846e-04  2.06534e-04  2.00986e-04
44 2.36279e-04  2.36270e-04  2.34129e-04  2.30414e-04  2.24460e-04  2.14776e-04  2.09007e-04
45 2.45879e-04  2.45870e-04  2.43641e-04  2.39775e-04  2.33579e-04  2.23502e-04  2.17499e-04
46 2.56052e-04  2.56042e-04  2.53722e-04  2.49696e-04  2.43244e-04  2.32749e-04  2.26498e-04
47 2.66845e-04  2.66834e-04  2.64416e-04  2.60220e-04  2.53496e-04  2.42560e-04  2.36044e-04
48 2.78307e-04  2.78296e-04  2.75774e-04  2.71398e-04  2.64385e-04  2.52979e-04  2.46183e-04
49 2.90494e-04  2.90483e-04  2.87850e-04  2.83282e-04  2.75962e-04  2.64056e-04  2.56964e-04
50 3.03467e-04  3.03455e-04  3.00705e-04  2.95933e-04  2.88287e-04  2.75849e-04  2.68440e-04
51 3.17294e-04  3.17282e-04  3.14406e-04  3.09417e-04  3.01422e-04  2.88418e-04  2.80671e-04
52 3.32050e-04  3.32037e-04  3.29028e-04  3.23807e-04  3.15440e-04  3.01831e-04  2.93723e-04
53 3.47818e-04  3.47804e-04  3.44652e-04  3.39183e-04  3.30419e-04  3.16163e-04  3.07671e-04
54 3.64690e-04  3.64676e-04  3.61371e-04  3.55637e-04  3.46447e-04  3.31500e-04  3.22596e-04
55 3.82771e-04  3.82757e-04  3.79288e-04  3.73269e-04  3.63624e-04  3.47936e-04  3.38590e-04
56 4.02176e-04  4.02161e-04  3.98516e-04  3.92192e-04  3.82058e-04  3.65575e-04  3.55755e-04
57 4.23034e-04  4.23018e-04  4.19184e-04  4.12533e-04  4.01873e-04  3.84535e-04  3.74206e-04
58 4.45492e-04  4.45476e-04  4.41438e-04  4.34433e-04  4.23207e-04  4.04949e-04  3.94072e-04
59 4.69714e-04  4.69696e-04  4.65439e-04  4.58053e-04  4.46217e-04  4.26966e-04  4.15498e-04
60 4.95885e-04  4.95866e-04  4.91372e-04  4.83574e-04  4.71079e-04  4.50755e-04  4.38648e-04
61 5.24215e-04  5.24195e-04  5.19444e-04  5.11201e-04  4.97992e-04  4.76507e-04  4.63708e-04
62 5.54944e-04  5.54923e-04  5.49893e-04  5.41167e-04  5.27184e-04  5.04439e-04  4.90890e-04
63 5.88344e-04  5.88322e-04  5.82989e-04  5.73738e-04  5.58913e-04  5.34800e-04  5.20435e-04
64 6.24727e-04  6.24704e-04  6.19042e-04  6.09218e-04  5.93476e-04  5.67872e-04  5.52619e-04
65 6.64452e-04  6.64427e-04  6.58405e-04  6.47957e-04  6.31214e-04  6.03982e-04  5.87758e-04
66 7.07931e-04  7.07905e-04  7.01488e-04  6.90357e-04  6.72518e-04  6.43504e-04  6.26219e-04
67 7.55643e-04  7.55615e-04  7.48766e-04  7.36884e-04  7.17843e-04  6.86874e-04  6.68424e-04
68 8.08142e-04  8.08112e-04  8.00788e-04  7.88080e-04  7.67717e-04  7.34595e-04  7.14864e-04
69 8.66078e-04  8.66045e-04  8.58195e-04  8.44577e-04  8.22754e-04  7.87258e-04  7.66112e-04
70 9.30209e-04  9.30174e-04  9.21743e-04  9.07116e-04  8.83677e-04  8.45552e-04  8.22841e-04
71 1.00143e-03  1.00139e-03  9.92318e-04  9.76571e-04  9.51337e-04  9.10294e-04  8.85843e-04
72 1.08081e-03  1.08077e-03  1.07097e-03  1.05398e-03  1.02674e-03  9.82446e-04  9.56058e-04
73 1.16960e-03  1.16956e-03  1.15896e-03  1.14057e-03  1.11110e-03  1.06316e-03  1.03460e-03
74 1.26933e-03  1.26929e-03  1.25778e-03  1.23782e-03  1.20584e-03  1.15381e-03  1.12282e-03
75 1.38183e-03  1.38178e-03  1.36925e-03  1.34752e-03  1.31271e-03  1.25607e-03  1.22233e-03
76 1.50931e-03  1.50926e-03  1.49558e-03  1.47184e-03  1.43381e-03  1.37195e-03  1.33510e-03
77 1.65451e-03  1.65445e-03  1.63945e-03  1.61344e-03  1.57174e-03  1.50393e-03  1.46354e-03
78 1.82078e-03  1.82071e-03  1.80421e-03  1.77558e-03  1.72970e-03  1.65507e-03  1.61062e-03
79 2.01230e-03  2.01223e-03  1.99399e-03  1.96235e-03  1.91164e-03  1.82917e-03  1.71563e-03
80 2.22658e-03  2.20447e-03  2.17091e-03  2.12286e-03  2.05274e-03  1.95961e-03  1.85206e-03
81 2.42041e-03  2.38403e-03  2.33903e-03  2.28337e-03  2.20853e-03  2.12733e-03  2.04541e-03
82 2.60645e-03  2.56261e-03  2.51985e-03  2.47422e-03  2.41331e-03  2.36075e-03  2.31238e-03
83 2.81294e-03  2.77730e-03  2.75640e-03  2.73163e-03  2.69060e-03  2.66382e-03  2.63430e-03
84 3.08761e-03  3.07884e-03  3.08286e-03  3.06439e-03  3.02668e-03  2.99826e-03  2.95917e-03
85 3.47137e-03  3.48870e-03  3.48557e-03  3.43631e-03  3.37060e-03  3.31212e-03  3.24969e-03
86 3.96909e-03  3.97078e-03  3.90783e-03  3.79648e-03  3.68611e-03  3.59066e-03  3.51568e-03
87 4.53206e-03  4.45578e-03  4.30662e-03  4.13806e-03  3.99573e-03  3.88391e-03  3.81110e-03
88 5.11160e-03  4.92810e-03  4.71715e-03  4.52759e-03  4.37884e-03  4.26838e-03  4.18799e-03
89 5.71841e-03  5.46092e-03  5.24790e-03  5.07763e-03  4.93538e-03  4.81664e-03  4.68462e-03
90 6.44404e-03  6.18306e-03  6.02595e-03  5.89683e-03  5.75060e-03  5.59048e-03  5.35301e-03
91 7.41221e-03  7.22528e-03  7.15588e-03  7.06249e-03  6.88328e-03  6.65071e-03  6.28444e-03
92 8.77582e-03  8.70761e-03  8.71490e-03  8.62062e-03  8.37849e-03  8.06207e-03  7.60061e-03
93 1.07628e-02  1.07833e-02  1.08203e-02  1.06681e-02  1.03372e-02  9.94518e-03  9.46838e-03
94 1.37725e-02  1.37889e-02  1.37820e-02  1.35456e-02  1.31297e-02  1.27012e-02  1.22882e-02
95 1.85938e-02  1.85023e-02  1.84542e-02  1.81652e-02  1.77055e-02  1.73011e-02  1.70484e-02
96 2.65807e-02  2.63678e-02  2.63422e-02  2.61026e-02  2.57204e-02  2.54710e-02  2.55284e-02
97 3.93305e-02  3.90735e-02  3.91467e-02  3.90806e-02  3.89481e-02  3.91040e-02  3.96225e-02
98 5.71938e-02  5.71172e-02  5.73174e-02  5.75491e-02  5.78489e-02  5.86118e-02  5.95761e-02
99 7.74532e-02  7.79128e-02  7.83129e-02  7.89441e-02  7.97578e-02  8.11012e-02  8.21993e-02
100 9.43425e-02  9.56735e-02  9.63566e-02  9.73833e-02  9.85705e-02  1.00334e-01  1.01093e-01
101 1.01979e-01  1.04124e-01  1.05075e-01  1.06290e-01  1.07683e-01  1.09456e-01  1.09926e-01
102 9.81801e-02  1.00514e-01  1.01361e-01  1.02473e-01  1.03862e-01  1.05435e-01  1.05804e-01
103 8.51479e-02  8.67638e-02  8.73347e-02  8.80658e-02  8.91642e-02  9.02716e-02  9.09051e-02
104 6.73722e-02  6.77931e-02  6.80009e-02  6.83151e-02  6.89798e-02  6.94887e-02  7.03626e-02
105 4.92069e-02  4.86369e-02  4.86279e-02  4.86525e-02  4.88541e-02  4.87745e-02  4.96631e-02
106 3.37689e-02  3.27694e-02  3.26858e-02  3.25720e-02  3.24322e-02  3.19540e-02  3.26049e-02
107 2.25386e-02  2.15861e-02  2.14745e-02  2.12971e-02  2.09977e-02  2.03906e-02  2.06701e-02
108 1.54380e-02  1.47062e-02  1.45346e-02  1.43188e-02  1.39821e-02  1.34172e-02  1.33776e-02
109 1.13180e-02  1.07833e-02  1.05760e-02  1.03451e-02  1.00138e-02  9.54109e-03  9.27993e-03
110 8.91803e-03  8.50951e-03  8.29460e-03  8.06960e-03  7.78472e-03  7.37650e-03  6.99995e-03
111 7.36253e-03  7.02230e-03  6.82452e-03  6.62696e-03  6.39337e-03  6.05341e-03  5.64746e-03
112 6.25801e-03  5.94495e-03  5.75227e-03  5.57581e-03  5.39296e-03  5.13344e-03  4.77198e-03
113 5.46906e-03  5.16328e-03  4.95272e-03  4.77325e-03  4.61792e-03  4.42923e-03  4.15364e-03
114 4.91582e-03  4.63241e-03  4.40144e-03  4.20265e-03  4.04178e-03  3.88490e-03  3.68253e-03
115 4.49505e-03  4.27330e-03  4.05151e-03  3.83954e-03  3.66063e-03  3.49945e-03  3.32232e-03
116 4.09571e-03  3.96980e-03  3.80031e-03  3.60954e-03  3.42939e-03  3.25719e-03  3.06910e-03
117 3.66520e-03  3.63020e-03  3.54128e-03  3.40793e-03  3.25988e-03  3.10321e-03  2.90519e-03
118 3.22105e-03  3.23986e-03  3.22166e-03  3.15835e-03  3.06686e-03  2.95217e-03  2.77466e-03
119 2.81294e-03  2.84171e-03  2.86196e-03  2.85103e-03  2.81014e-03  2.74424e-03  2.61173e-03
120 2.47983e-03  2.48942e-03  2.51594e-03  2.52707e-03  2.51423e-03  2.48041e-03  2.39384e-03
121 2.22951e-03  2.20935e-03  2.22076e-03  2.23248e-03  2.22616e-03  2.20285e-03  2.14651e-03
122 2.04444e-03  2.00052e-03  1.98812e-03  1.98779e-03  1.97827e-03  1.95373e-03  1.90899e-03
123 1.89542e-03  1.84926e-03  1.81512e-03  1.79498e-03  1.77642e-03  1.74776e-03  1.70288e-03
124 1.71502e-03  1.67325e-03  1.64236e-03  1.62414e-03  1.60735e-03  1.58141e-03  1.53308e-03
125 1.55841e-03  1.52045e-03  1.49238e-03  1.47583e-03  1.46057e-03  1.43700e-03  1.39308e-03
126 1.42165e-03  1.38702e-03  1.36141e-03  1.34632e-03  1.33239e-03  1.31090e-03  1.27083e-03
127 1.30157e-03  1.26987e-03  1.24642e-03  1.23260e-03  1.21985e-03  1.20017e-03  1.16349e-03
128 1.19561e-03  1.16649e-03  1.14495e-03  1.13225e-03  1.12055e-03  1.10246e-03  1.06877e-03
129 1.10167e-03  1.07484e-03  1.05499e-03  1.04329e-03  1.03251e-03  1.01585e-03  9.84796e-04
130 1.01803e-03  9.93237e-04  9.74900e-04  9.64087e-04  9.54119e-04  9.38724e-04  9.10032e-04
131 9.43266e-04  9.20292e-04  9.03301e-04  8.93283e-04  8.84046e-04  8.69782e-04  8.43197e-04
132 8.76179e-04  8.54840e-04  8.39057e-04  8.29751e-04  8.21172e-04  8.07922e-04  7.83228e-04
133 8.15773e-04  7.95905e-04  7.81210e-04  7.72546e-04  7.64558e-04  7.52222e-04  7.29230e-04
134 7.61203e-04  7.42663e-04  7.28952e-04  7.20867e-04  7.13414e-04  7.01903e-04  6.80449e-04
135 7.11753e-04  6.94418e-04  6.81597e-04  6.74038e-04  6.67068e-04  6.56305e-04  6.36245e-04
136 6.66812e-04  6.50572e-04  6.38561e-04  6.31479e-04  6.24949e-04  6.14865e-04  5.96072e-04
137 6.25859e-04  6.10615e-04  5.99342e-04  5.92695e-04  5.86566e-04  5.77102e-04  5.59463e-04
138 5.88441e-04  5.74109e-04  5.63510e-04  5.57260e-04  5.51498e-04  5.42599e-04  5.26015e-04
139 5.54171e-04  5.40674e-04  5.30692e-04  5.24806e-04  5.19379e-04  5.10999e-04  4.95380e-04
140 5.22711e-04  5.09980e-04  5.00564e-04  4.95013e-04  4.89894e-04  4.81990e-04  4.67258e-04
141 4.93767e-04  4.81741e-04  4.72847e-04  4.67602e-04  4.62768e-04  4.55301e-04  4.41384e-04
142 4.67082e-04  4.55706e-04  4.47293e-04  4.42332e-04  4.37758e-04  4.30695e-04  4.17531e-04
143 4.42431e-04  4.31656e-04  4.23686e-04  4.18987e-04  4.14655e-04  4.07964e-04  3.95495e-04
144 4.19617e-04  4.09397e-04  4.01838e-04  3.97382e-04  3.93273e-04  3.86927e-04  3.75101e-04
145 3.98463e-04  3.88759e-04  3.81581e-04  3.77349e-04  3.73447e-04  3.67422e-04  3.56191e-04
146 3.78816e-04  3.69590e-04  3.62767e-04  3.58743e-04  3.55034e-04  3.49305e-04  3.38629e-04
147 3.60539e-04  3.51757e-04  3.45263e-04  3.41434e-04  3.37904e-04  3.32451e-04  3.22290e-04
148 3.43508e-04  3.35142e-04  3.28954e-04  3.25306e-04  3.21942e-04  3.16747e-04  3.07066e-04
149 3.27615e-04  3.19636e-04  3.13735e-04  3.10255e-04  3.07047e-04  3.02093e-04  2.92859e-04
150 3.12763e-04  3.05146e-04  2.99512e-04  2.96190e-04  2.93128e-04  2.88398e-04  2.79583e-04
151 2.98864e-04  2.91586e-04  2.86202e-04  2.83028e-04  2.80101e-04  2.75582e-04  2.67159e-04
152 2.85841e-04  2.78879e-04  2.73730e-04  2.70694e-04  2.67895e-04  2.63573e-04  2.55517e-04
153 2.73621e-04  2.66957e-04  2.62028e-04  2.59122e-04  2.56443e-04  2.52305e-04  2.44593e-04
154 2.62142e-04  2.55757e-04  2.51035e-04  2.48251e-04  2.45684e-04  2.41720e-04  2.34332e-04
155 2.51345e-04  2.45224e-04  2.40696e-04  2.38027e-04  2.35566e-04  2.31765e-04  2.24681e-04
156 2.41180e-04  2.35306e-04  2.30961e-04  2.28400e-04  2.26038e-04  2.22391e-04  2.15594e-04
157 2.31597e-04  2.25957e-04  2.21785e-04  2.19325e-04  2.17057e-04  2.13555e-04  2.07028e-04
158 2.22556e-04  2.17135e-04  2.13126e-04  2.10763e-04  2.08583e-04  2.05218e-04  1.98945e-04
159 2.14015e-04  2.08802e-04  2.04947e-04  2.02674e-04  2.00579e-04  1.97342e-04  1.91311e-04
160 2.05940e-04  2.00924e-04  1.97214e-04  1.95027e-04  1.93010e-04  1.89896e-04  1.84092e-04
161 1.98297e-04  1.93468e-04  1.89896e-04  1.87790e-04  1.85848e-04  1.82849e-04  1.77260e-04
162 1.91058e-04  1.86404e-04  1.82963e-04  1.80934e-04  1.79063e-04  1.76174e-04  1.70789e-04
163 1.84194e-04  1.79708e-04  1.76390e-04  1.74434e-04  1.72630e-04  1.69845e-04  1.64653e-04
164 1.77681e-04  1.73353e-04  1.70153e-04  1.68266e-04  1.66526e-04  1.63839e-04  1.58831e-04
165 1.71495e-04  1.67318e-04  1.64229e-04  1.62408e-04  1.60729e-04  1.58135e-04  1.53302e-04
166 1.65616e-04  1.61582e-04  1.58599e-04  1.56840e-04  1.55218e-04  1.52714e-04  1.48046e-04
167 1.60023e-04  1.56126e-04  1.53243e-04  1.51544e-04  1.49977e-04  1.47557e-04  1.43047e-04
168 1.54699e-04  1.50932e-04  1.48145e-04  1.46502e-04  1.44987e-04  1.42648e-04  1.38288e-04
169 1.49628e-04  1.45983e-04  1.43288e-04  1.41699e-04  1.40234e-04  1.37971e-04  1.33754e-04
170 1.44793e-04  1.41266e-04  1.38658e-04  1.37120e-04  1.35702e-04  1.33513e-04  1.29432e-04
171 1.40180e-04  1.36766e-04  1.34241e-04  1.32752e-04  1.31379e-04  1.29260e-04  1.25309e-04
172 1.35777e-04  1.32470e-04  1.30024e-04  1.28582e-04  1.27253e-04  1.25199e-04  1.21373e-04
173 1.31571e-04  1.28366e-04  1.25996e-04  1.24599e-04  1.23310e-04  1.21321e-04  1.17613e-04
174 1.27550e-04  1.24443e-04  1.22146e-04  1.20791e-04  1.19542e-04  1.17613e-04  1.14019e-04
175 1.23704e-04  1.20692e-04  1.18463e-04  1.17149e-04  1.15938e-04  1.14067e-04  1.10581e-04
176 1.20024e-04  1.17101e-04  1.14939e-04  1.13664e-04  1.12489e-04  1.10674e-04  1.07291e-04
177 1.16500e-04  1.13663e-04  1.11564e-04  1.10327e-04  1.09186e-04  1.07424e-04  1.04141e-04
178 1.13123e-04  1.10368e-04  1.08331e-04  1.07129e-04  1.06021e-04  1.04311e-04  1.01123e-04
179 1.09886e-04  1.07210e-04  1.05231e-04  1.04064e-04  1.02988e-04  1.01326e-04  9.82289e-05
180 1.06781e-04  1.04181e-04  1.02257e-04  1.01123e-04  1.00078e-04  9.84628e-05  9.54533e-05
181 1.03802e-04  1.01274e-04  9.94038e-05  9.83013e-05  9.72849e-05  9.57152e-05  9.27896e-05
182 1.00941e-04  9.84821e-05  9.66639e-05  9.55918e-05  9.46034e-05  9.30769e-05  9.02320e-05
183 9.81919e-05  9.58004e-05  9.40317e-05  9.29888e-05  9.20273e-05  9.05424e-05  8.77750e-05
184 9.55501e-05  9.32229e-05  9.15018e-05  9.04870e-05  8.95514e-05  8.81064e-05  8.54135e-05
185 9.30097e-05  9.07444e-05  8.90691e-05  8.80812e-05  8.71705e-05  8.57640e-05  8.31426e-05
186 9.05658e-05  8.83600e-05  8.67287e-05  8.57668e-05  8.48800e-05  8.35104e-05  8.09579e-05
187 8.82136e-05  8.60651e-05  8.44761e-05  8.35392e-05  8.26754e-05  8.13414e-05  7.88552e-05
188 8.59485e-05  8.38552e-05  8.23071e-05  8.13942e-05  8.05526e-05  7.92529e-05  7.68305e-05
189 8.37666e-05  8.17264e-05  8.02175e-05  7.93279e-05  7.85076e-05  7.72409e-05  7.48800e-05
190 8.16637e-05  7.96748e-05  7.82038e-05  7.73365e-05  7.65368e-05  7.53019e-05  7.30003e-05
191 7.96363e-05  7.76967e-05  7.62623e-05  7.54165e-05  7.46367e-05  7.34324e-05  7.11879e-05
192 7.76808e-05  7.57888e-05  7.43896e-05  7.35646e-05  7.28039e-05  7.16292e-05  6.94399e-05
193 7.57939e-05  7.39479e-05  7.25826e-05  7.17776e-05  7.10355e-05  6.98893e-05  6.77531e-05
194 7.39725e-05  7.21708e-05  7.08384e-05  7.00527e-05  6.93284e-05  6.82098e-05  6.61249e-05
195 7.22136e-05  7.04548e-05  6.91541e-05  6.83871e-05  6.76800e-05  6.65879e-05  6.45527e-05
196 7.05145e-05  6.87971e-05  6.75270e-05  6.67780e-05  6.60876e-05  6.50212e-05  6.30339e-05
197 6.88726e-05  6.71952e-05  6.59546e-05  6.52231e-05  6.45487e-05  6.35072e-05  6.15661e-05
198 6.72853e-05  6.56466e-05  6.44346e-05  6.37199e-05  6.30611e-05  6.20436e-05  6.01472e-05
199 6.57504e-05  6.41490e-05  6.29646e-05  6.22663e-05  6.16225e-05  6.06282e-05  5.87751e-05
200 6.42655e-05  6.27002e-05  6.15427e-05  6.08601e-05  6.02308e-05  5.92590e-05  5.74477e-05
201 6.28285e-05  6.12983e-05  6.01666e-05  5.94993e-05  5.88841e-05  5.79340e-05  5.61632e-05
