pixel,1150A,1200A,1250A,1300A,1350A,1400A,1450A
1	0.00007310186795982916	0.0000779818893930627	0.00008275028751000625	0.00008039499931552726	0.00008283990980755886	0.00008006432143623148	0.00008269604391221816
2	0.0000727317735856001	0.0000773938107768892	0.00008303288346034279	0.00007942823181238131	0.00008339327411913717	0.00008116817783441961	0.00008269688621854307
3	0.00007257395562245405	0.00007693747056689079	0.00008326649693044597	0.00007908604145252556	0.00008364834382782214	0.00008219940706438802	0.00008263630741878522
4	0.0000726123127598792	0.00007672887255681223	0.0000835327305529497	0.00007942894240635303	0.00008379014887933048	0.00008326798172841928	0.0000826046250404891
5	0.00007280171036882355	0.0000767743117318828	0.00008381977733814904	0.00008027399404001071	0.00008398082472379039	0.00008449565300479666	0.0000827812181890414
6	0.000073148723622652	0.00007722241870492799	0.00008400963528403014	0.00008127098210083372	0.00008425175226728257	0.00008605483235619569	0.00008329576042054926
7	0.00007370929994147438	0.00007804842960118959	0.00008402009155260267	0.0000821843749104532	0.00008462848769473353	0.00008801625643034616	0.00008413627124870263
8	0.00007454266213743043	0.00007895644777391293	0.0000839527397676726	0.00008283134377952516	0.00008514986513320677	0.00009024836014551896	0.00008526008492730828
9	0.00007565465469740979	0.00007965012343722442	0.00008388228003935054	0.00008326677871373649	0.00008573755079396146	0.00009227011261137955	0.00008655776361655671
10	0.00007688840561051283	0.00008019527175904418	0.0000839271332727151	0.0000836379216993967	0.00008621247021603769	0.00009367664267232928	0.0000878999675062391
11	0.00007797608933621013	0.0000807439961939255	0.00008412854676685632	0.00008428193071073159	0.00008650784449703704	0.0000943182985045793	0.00008916521861891604
12	0.00007884015217720241	0.00008131502131162381	0.00008449439510637547	0.00008543549871911587	0.00008680238335831807	0.00009434095337123182	0.00009046017330823424
13	0.00007959885333364984	0.00008192307193188195	0.00008491945358708748	0.00008706887297582985	0.00008739592767903526	0.00009385081995120797	0.00009197327815628122
14	0.00008038621706748905	0.0000827440731053376	0.00008526083386422667	0.00008888234164702596	0.00008829652782808217	0.00009296029419439334	0.00009390173776732074
15	0.00008120181860659668	0.00008385551543739146	0.00008560892903954789	0.0000905469575659729	0.00008926285461457125	0.0000917499708555252	0.00009607356278813664
16	0.00008194193592181213	0.00008506675845212419	0.00008605588940393837	0.00009183446336950378	0.00008995377399009719	0.00009036471141258451	0.00009812357520170458
17	0.00008256035600977045	0.00008612645381178472	0.00008668968003528924	0.00009272947378820336	0.00009042201051657518	0.00008898273727627631	0.00009978493979534089
18	0.00008296618041208128	0.00008697795966997835	0.00008750613179513511	0.00009330552992803841	0.0000907890093019081	0.00008797812985115816	0.00010105038374023444
19	0.00008312116514754557	0.00008756166313857642	0.00008839207470376564	0.00009392507195758063	0.00009130440276023862	0.00008750382151639382	0.00010216567444876479
20	0.0000831041986917399	0.0000879010887202261	0.00008926546647025762	0.00009475082363771279	0.0000920687420153754	0.00008766529325781412	0.00010326825251899329
21	0.00008306853198523215	0.00008808908846777033	0.00009007313024559708	0.00009564614269222612	0.000092882782455677	0.00008840344088120234	0.00010445354893220373
22	0.00008316636050131544	0.00008833476586428712	0.00009098603755009517	0.00009624261133289496	0.00009356986770574014	0.00008979261353221159	0.00010558221162646485
23	0.00008339682599671776	0.00008873775738078573	0.00009223210271114518	0.00009637253281191397	0.00009392776659254272	0.00009177174097823579	0.00010642816862142768
24	0.00008387591774847663	0.00008930677863493961	0.00009381534103588238	0.00009610541511977649	0.00009407856183579943	0.00009423485062907571	0.00010702853902500493
25	0.0000845700330713951	0.00008999028016455232	0.00009555856607911553	0.0000955756282902701	0.00009422192858312111	0.00009703939524113664	0.00010748688042560167
26	0.000085355568910214	0.00009079443823551837	0.0000970406720942818	0.00009494123906223732	0.00009442881649706234	0.00010009477819574742	0.00010808807367142963
27	0.00008609470513650992	0.00009171851335339009	0.0000980998348689819	0.00009448192249493655	0.00009489111432671672	0.00010333721003614393	0.00010881348461368527
28	0.00008680207910797321	0.00009275159029182003	0.00009878505223964845	0.00009439975261118523	0.00009573344309337193	0.00010656457495693019	0.00010957307357324789
29	0.00008770338987037013	0.00009383752942463303	0.00009926873740795044	0.00009473143468538956	0.00009717640252606424	0.0001094235312117335	0.0001101614442705844
30	0.00008888982205242485	0.00009496691027469172	0.00009967554471256592	0.00009541810586186519	0.00009908807663506422	0.00011165855384559472	0.00011044609053103828
31	0.00009031248094312365	0.00009617075245669404	0.0000999301031649057	0.0000964237816665611	0.00010126788010789995	0.00011324874194992187	0.0001105252105462682
32	0.00009187302592448963	0.00009749173898734009	0.00010002409546572994	0.00009762332379683225	0.00010355403686658798	0.00011438167169742179	0.00011054793982173186
33	0.00009347808730828594	0.00009876679130094581	0.00009992359690445688	0.0000990430256120977	0.00010582839550599679	0.00011521098973440353	0.00011059588780929878
34	0.00009516442311367131	0.00009984426925116863	0.00009972609118703665	0.0001008053193244402	0.00010812421001060814	0.00011586350157176139	0.00011071410257344775
35	0.00009690505205307659	0.00010069376253859698	0.00009967104779814854	0.00010313749697408291	0.00011039915981549164	0.00011653082907728553	0.00011095367663771971
36	0.00009862597267554281	0.0001014374026576923	0.00009993682467970769	0.00010598041574698717	0.00011268486271713828	0.00011711538296592389	0.00011146259875316651
37	0.00010014171124579646	0.00010211298564558277	0.00010069244857476761	0.000109125375821646	0.00011492753970160209	0.00011722196432953717	0.00011242112736816961
38	0.00010129405593632734	0.00010271531114422172	0.00010197359006299595	0.00011222286063502005	0.00011698598576383122	0.00011670541389172465	0.00011398329265310137
39	0.00010200351288081928	0.00010327752359628895	0.00010384558760007345	0.00011499946407622859	0.0001187757038753901	0.00011578363117325995	0.0001161562900044781
40	0.00010235934068522482	0.00010392981238612303	0.0001062464134181425	0.00011739187487333646	0.00012023002242029372	0.00011490912072590542	0.00011877087202265716
41	0.00010262478707712438	0.00010477520678599309	0.00010915619965751956	0.0001195000879896798	0.00012131845740521896	0.00011431215117775956	0.00012159778961566342
42	0.00010306225312373405	0.00010596748094635267	0.00011258050545226661	0.000121446716910157	0.00012204826920979955	0.00011425931514900155	0.00012466482527308563
43	0.00010368656260293415	0.0001074635890497897	0.00011635910464947814	0.00012331361058635887	0.0001224849269363484	0.00011500276808251719	0.0001279410791068909
44	0.00010429013393929278	0.00010923585502815634	0.00012013984473928163	0.00012502172609817747	0.0001227631872263338	0.00011647634117698857	0.00013151729183046682
45	0.00010469435088969519	0.00011121767811077585	0.00012348815671307141	0.0001266990298793337	0.00012301567654545353	0.00011851641046205039	0.00013527360486775093
46	0.00010521962186170065	0.00011350781332300662	0.00012628433059443665	0.00012816659184085077	0.00012344071490346794	0.00012093206268557831	0.00013900968186375656
47	0.00010632204905427917	0.00011622288740577977	0.00012861165242500578	0.0001292168250028689	0.00012421937492693163	0.0001236240432867273	0.00014253079755113942
48	0.00010815825240905468	0.00011915922263184718	0.00013063937333178052	0.00012963487659406887	0.00012549588353897692	0.00012658207124232473	0.00014540312597821978
49	0.00011066223753956746	0.00012208925165124658	0.00013247594897752775	0.00012955420796075917	0.00012725407493364478	0.00013002934410542052	0.00014766525157127128
50	0.00011356678733768252	0.0001248427916837254	0.0001342314864908299	0.00012930993698801092	0.00012950659847209972	0.00013425661614056787	0.00014927664831199073
51	0.00011683026967717206	0.00012750443825042157	0.00013607826554281919	0.00012942099619579986	0.00013224876793182312	0.00013926610173445244	0.00015045569375327875
52	0.00012038401630133057	0.00013014725231918405	0.0001378723447670458	0.0001303091269292481	0.0001353568218885738	0.00014458869327636814	0.0001513447536548865
53	0.00012411130692163767	0.00013274373512473908	0.0001393257195714416	0.00013223004166313716	0.00013868073305014423	0.0001495868194326134	0.00015218733623398908
54	0.0001278926569043784	0.0001354852645594295	0.00014011167154428202	0.00013494880260312136	0.00014228317140403638	0.00015384390299301518	0.00015350196414077463
55	0.0001315821162068522	0.00013831473882940895	0.00014024987933014153	0.00013820562351786472	0.0001460841972572813	0.00015725638642191258	0.0001555908401463541
56	0.00013505393358530354	0.00014105211472188934	0.0001402444517760666	0.00014161031440994745	0.00015006008728909095	0.00016017765362396908	0.0001584912954049682
57	0.00013813393952356184	0.00014335878182936628	0.00014079084865798382	0.00014503433169715842	0.00015401760079228314	0.00016287788623008478	0.00016180061976176348
58	0.00014092421779259506	0.0001451278249247892	0.00014258594463643367	0.00014857945945370005	0.00015804265514899905	0.00016575583937884398	0.0001650333916819447
59	0.00014353454922655213	0.0001465905790850536	0.0001457027559414658	0.00015248712464767055	0.00016210843129754266	0.00016907562438745548	0.00016825136093980114
60	0.0001458485176382658	0.0001479331232738596	0.000149657797790733	0.00015707048252273638	0.0001662441868965919	0.00017289136136467857	0.00017167523929414056
61	0.0001478329759924227	0.0001495551378298789	0.00015377138660740584	0.00016229811904530016	0.0001703012017574494	0.00017678080102487924	0.00017559884920591672
62	0.00014934875825350176	0.00015186236770522012	0.0001578555479366497	0.00016799446836809965	0.00017438120529354335	0.00018032181877736215	0.00017997923073216778
63	0.00015056244554600992	0.00015514623755307906	0.00016216357666279542	0.0001739988186249174	0.00017855360680103753	0.00018343218970570815	0.0001847225420554882
64	0.00015158348746273706	0.00015910065447452353	0.0001670856210089764	0.0001801308228898132	0.0001828425837464578	0.0001860992850854357	0.00018948625643583567
65	0.00015264703235913038	0.00016299620456850582	0.00017289370701375952	0.00018625473170455216	0.0001872592105503512	0.00018845334404605997	0.00019387509399704516
66	0.0001544974361176418	0.0001666035727743515	0.00017965140421558526	0.00019220088950732436	0.00019193242619490846	0.00019089579713744344	0.00019791899595577073
67	0.0001576754075859706	0.00017026871197175245	0.0001869751565881158	0.00019767584511053455	0.00019642227419751023	0.00019438153859495846	0.00020217950920033715
68	0.00016222164490122085	0.00017469530712699982	0.00019417581315443362	0.00020278128160748074	0.00020043490006117776	0.00019925804711101922	0.00020730917786832256
69	0.00016745107358795687	0.00018036840156412652	0.00020079062372417762	0.00020768339759675444	0.0002039041487813709	0.00020509856667096094	0.0002134037452171106
70	0.0001727117029760127	0.0001873299775055395	0.0002068290006219977	0.0002126468007219823	0.00020761360509622426	0.0002113401873337439	0.00022049063572751148
71	0.0001779840545763827	0.00019533759279118364	0.00021254565263825002	0.0002171721966903942	0.0002122932774038215	0.00021752160667164554	0.00022843286829334988
72	0.00018372995819303706	0.0002039249925322731	0.0002183303179619641	0.00022091086108401708	0.00021831139280419965	0.0002236909550667105	0.00023709252399700169
73	0.00019069834467720214	0.0002126382069971329	0.00022426053545949927	0.00022442775580829044	0.00022521759621905584	0.00023025705245402283	0.00024583490374651437
74	0.00019893661853894604	0.00022134392034999778	0.00023001343720503142	0.00022907097327397994	0.00023249333817791328	0.00023776945327578825	0.00025486824232358985
75	0.00020817621887926695	0.00022986962647182185	0.00023499964639296452	0.00023553065684374047	0.00023966558154168754	0.00024642570602221783	0.0002641317541016069
76	0.00021804002929389667	0.00023823923363439943	0.00023939719689941105	0.00024363800483675788	0.0002466633471780248	0.0002557497674855367	0.0002728134243307824
77	0.00022801271977515523	0.00024627923218422667	0.0002444446129118285	0.00025236421130840517	0.00025399082696160894	0.00026558328460803257	0.0002794846554673329
78	0.00023787542421768018	0.0002536151612594644	0.00025150604642923554	0.0002608849946912019	0.0002618438278427267	0.00027597998372295507	0.00028378693976759416
79	0.00024690050802887725	0.00025988357659182575	0.0002611185260282108	0.0002684470611859739	0.0002703945935853687	0.0002864907446165055	0.0002867526587045176
80	0.0002552336397720648	0.0002655294360556	0.00027231615643615476	0.0002757185710016813	0.00027974596256957507	0.0002959816071290106	0.0002891863131779502
81	0.0002632809931283335	0.0002720950771934123	0.0002831603018748598	0.00028328667685439886	0.00028981461706845504	0.0003036574231180277	0.00029123786731820436
82	0.0002709737631951418	0.00028116207067916326	0.0002922959499653722	0.0002918901822053051	0.0003001038009908058	0.0003093964744912105	0.0002933757439742244
83	0.0002778286897835635	0.00029279302351464787	0.0002997185037960588	0.0003018157935973182	0.00030960319266402843	0.0003139016601366639	0.00029617857993365044
84	0.0002842630167268396	0.0003052152719978598	0.00030663989583948304	0.00031318647652909274	0.0003179106377534697	0.0003177736010432245	0.00029999178167132884
85	0.0002922045467171287	0.0003162048208734661	0.00031436767574522466	0.0003253327124558024	0.00032529000578946634	0.0003218484925461093	0.00030447408855270624
86	0.0003030819125160353	0.00032489322815946754	0.00032404829832378246	0.00033718741545523236	0.00033243168551960896	0.00032648863094407514	0.00031007728099188283
87	0.00031613229077369104	0.000332011045227511	0.0003362835096205439	0.00034784868203753067	0.0003400730241627699	0.0003316547766021904	0.00031767685006684333
88	0.00032919076917815724	0.0003392162890390023	0.00035022498160426066	0.0003578133038406805	0.0003485577660957806	0.00033756069809314415	0.00032778577065342056
89	0.000340629001216472	0.0003478636573555556	0.0003646156743755067	0.0003678577889106032	0.00035813048487181296	0.00034515341399582596	0.00034078243920020526
90	0.0003511506540228269	0.0003591325419440206	0.00037820810003617904	0.00037905841032653294	0.000368332637548393	0.0003554827220756183	0.00035662826749709826
91	0.0003616392996664511	0.0003733540267398124	0.00039148147959792366	0.0003917239900897002	0.00037932107531050117	0.00036970154180748256	0.0003748697313681762
92	0.0003732584118171078	0.0003901139523507034	0.00040533271847710843	0.00040576366591750637	0.000392650420656643	0.00038747342085782813	0.0003943777318051616
93	0.00038700461041615814	0.0004077228690551671	0.00042103771569086473	0.0004208838883601649	0.0004108179960104251	0.00040774389386533875	0.00041457977670793423
94	0.00040370128838695127	0.0004254417492917037	0.0004390007425045837	0.0004379552500735636	0.00043458089683779614	0.0004291933261752221	0.0004357447399648068
95	0.0004230907648623712	0.0004440881077199635	0.0004588483792110084	0.0004591732828254872	0.0004624627821487772	0.0004513139350289591	0.00045860485557956633
96	0.0004435368728944322	0.0004657916734711572	0.0004806915468149691	0.00048584449871705364	0.0004918283777154599	0.00047540483649749623	0.000484578723731205
97	0.00046463024272075626	0.000491192176552509	0.0005056943027154081	0.0005171731597162192	0.0005212656924097203	0.0005025985707402094	0.0005150595645620475
98	0.0004872597704514974	0.0005196689175552176	0.0005364470002020196	0.000551585709419025	0.0005513104922876218	0.0005345035950278869	0.0005510108427415611
99	0.0005133920744370595	0.0005509993809101987	0.0005742989743062957	0.0005879414349392444	0.0005846247306779559	0.0005729870404825231	0.0005926997800515967
100	0.0005442958000388401	0.0005868967663932678	0.000618689945464134	0.0006263349398124844	0.0006244504900054589	0.0006179059880190799	0.0006396287595206977
101	0.0005802633839742002	0.0006293212383347599	0.0006678828177011347	0.0006690487062701572	0.000673163975577145	0.0006695786643601707	0.0006913906782590925
102	0.000621467287414153	0.0006789964982230554	0.0007200647007382766	0.0007192327215402653	0.000730815609272209	0.0007277258434474502	0.0007468102271124069
103	0.0006681238704820742	0.0007358576320927497	0.0007763158921311402	0.0007795573287146214	0.0007966265455834836	0.0007923895077181125	0.0008038209578009078
104	0.0007221867364232571	0.00079938230540702	0.0008394846737136896	0.0008506587690648014	0.0008692656409385162	0.0008629005578179447	0.0008607893643394443
105	0.0007857533716420403	0.0008683883407827514	0.000912628725637195	0.0009317398981550422	0.0009476398893889994	0.00093615925295142	0.0009174968198401017
106	0.0008598865032863913	0.0009435300290981959	0.000996348669492275	0.0010207207211819092	0.001029527699855053	0.001010908205615632	0.0009756944794620827
107	0.0009442992553480486	0.001027409988633632	0.001089962756469418	0.001115565588869168	0.00111438472069298	0.0010861383097369053	0.0010379976933485974
108	0.001037685447321029	0.0011235204143999846	0.001192227539219687	0.001214205250688754	0.0012026067336037246	0.0011629929567309773	0.0011073503684504477
109	0.001140197389754386	0.001233206521497721	0.0013026338277708543	0.0013176990782343117	0.0012965204329335358	0.0012457663948704336	0.0011867123689984218
110	0.0012526865354326876	0.0013546594880201937	0.0014205222947816117	0.0014279158797446806	0.0013964985410503034	0.001336622645652169	0.001277283456639367
111	0.0013772337467975494	0.0014859635484199272	0.0015466309989160653	0.0015480628763494173	0.0015053521934163692	0.0014384917954082112	0.0013789763333621721
112	0.0015142023001710725	0.0016256148683932961	0.001682276430353515	0.001678310247027683	0.0016249395641440162	0.0015531835624344648	0.0014939348334651885
113	0.0016624821590105784	0.0017738177780233324	0.001829040892480172	0.0018193304117067365	0.0017576879404299244	0.0016848734919516243	0.0016256421182810163
114	0.0018226658665768693	0.0019325254265454288	0.0019867367159939384	0.001972439259615004	0.0019060497515468607	0.0018358987097519721	0.001777055340460614
115	0.0019959863538390253	0.0021050449228460647	0.0021553762761661347	0.002141446405891675	0.0020720884195358984	0.0020067142553156056	0.001948091953839345
116	0.0021829559326309506	0.002293245244148664	0.002337044556295074	0.002329953397450037	0.0022621807090731695	0.0021965382602763327	0.002133349752635226
117	0.0023842819242028738	0.002497677497175268	0.0025381773293747887	0.0025424980478629725	0.002477457889804738	0.0023986062543699805	0.002330507684848924
118	0.0025998892895568366	0.002718078862641801	0.002763547896928825	0.002782736801614025	0.0027105530570552816	0.0026118231255896707	0.0025409000542918284
119	0.00283170350694063	0.00295897224738557	0.0030199398970050554	0.0030505381628498857	0.0029558716949735627	0.0028430075325991035	0.002773391964301607
120	0.0030799720402336266	0.003223852845118451	0.003310705995604327	0.0033364792763967443	0.0032137445272031875	0.003107810615627667	0.003039168973995492
121	0.003348360621348942	0.0035211746348287176	0.0036294399928322478	0.003636410863489696	0.003502479938581419	0.0034133637296183206	0.0033398759089547604
122	0.003639640742961123	0.003855320741464211	0.003967172893671831	0.0039572042417410766	0.003830587802951759	0.003749254942148697	0.0036596584139463426
123	0.003962641301107416	0.004221250773807028	0.0043197065645649855	0.00430868496915006	0.004188241142783603	0.00409034746598954	0.003983308315714608
124	0.004327612946981324	0.0046084161957955	0.004696049071009815	0.004686871618088323	0.004544908887624041	0.004416088287246897	0.004292600129613027
125	0.004733119086944912	0.005014107400722462	0.005099504846186336	0.005062469617402723	0.0048761089738184734	0.00470956560185654	0.004575174635897537
126	0.005168683134424087	0.005441182842276835	0.005507520057001738	0.005412463172130244	0.005161703342119112	0.00495431123028179	0.004822214422288845
127	0.005627395567653336	0.005880064560477231	0.005892330135595725	0.005707693342347476	0.005384575740498404	0.005152788586537948	0.005046308016845086
128	0.006105348556146462	0.006294846399463848	0.006217497130189811	0.0059274663632516425	0.005559233612332643	0.005333582801141603	0.005271857765720396
129	0.006577692467419747	0.006653824443310843	0.006462669736711868	0.006090665028666573	0.005722945013714936	0.005533294651420793	0.005500747119170395
130	0.007006298549449297	0.006927118431923682	0.006636530868930041	0.006244668441673352	0.00591556951110921	0.0057712060842095405	0.005732349607210802
131	0.007347745666533703	0.007115566026922804	0.006789712707776445	0.006440509584101426	0.006164653072884725	0.006035485442972062	0.005969409940166327
132	0.007589547381877517	0.007265758327994851	0.006983482463320781	0.0067074997349276235	0.006484369236148982	0.006355233961891347	0.006260159390443801
133	0.0077617087418837775	0.007452894558659851	0.007263980727815896	0.007082491217772599	0.006917556146851755	0.006761127940915138	0.006643195480711328
134	0.007928848578743106	0.0077540738107716774	0.007680781094839299	0.0076177707688097765	0.007494251430844269	0.007326215132329184	0.0071773994234841775
135	0.008189761786117784	0.00821231419117252	0.008287955970347672	0.008349697120620453	0.008245721380949287	0.008064613630112837	0.007883889780076732
136	0.00861330726850652	0.008866810026644995	0.009129221455201574	0.009260743775311608	0.00914998945833682	0.008958054691419866	0.008757501464770622
137	0.009271814892433958	0.009760942283866748	0.010163718629468403	0.01030623403441826	0.010142581251083995	0.009917325682853443	0.009726930620033776
138	0.010183167961177807	0.010863695580960016	0.011319678247810055	0.011381492497783929	0.011111222296547112	0.01086663117338375	0.010706521871530454
139	0.01133221675882944	0.01211197613089267	0.012473654562082775	0.01238899532691186	0.012012095532070983	0.011758337727004234	0.011663029925995699
140	0.012661665157144926	0.01337737181159057	0.013534520097291336	0.013298750691843313	0.012871570816740209	0.012631653378115289	0.012655727829541719
141	0.01407636441009281	0.014576210056392536	0.01450706047658745	0.014187083070838697	0.013770309071856848	0.013574799910802241	0.013745224961054878
142	0.015506706037229088	0.015710602762836628	0.015484368913195557	0.015196099299802488	0.014825911216421286	0.01471896669776625	0.014993264999844935
143	0.016929028388578175	0.016876417502787816	0.016662362969922274	0.016441636634939947	0.01611823606338109	0.01609862549693781	0.016329791074907292
144	0.018435790281362843	0.018291483374700435	0.018181039517299852	0.01803173189670141	0.01770847359397724	0.01766575406644206	0.017697097652614003
145	0.02024362199999678	0.020126478369468175	0.020162666784982734	0.020017638388317247	0.019526721548659205	0.019273048299542996	0.019089248982061435
146	0.02252620154997164	0.022572090083389163	0.02264666255584111	0.022369888338513094	0.02156891387060018	0.020958343216982568	0.020598846409909482
147	0.025519897683899454	0.02562581598208789	0.02572342493407943	0.025224440374907238	0.024052240765741327	0.023022432813349574	0.02245385023887488
148	0.029231887062177553	0.02945879850726222	0.029581540930097638	0.028783370801791455	0.027340006321890747	0.025873697026076763	0.024948525567952913
149	0.03385706599779235	0.03429368684656231	0.03449067813959374	0.03344658260078041	0.03172660261407732	0.029816625531959743	0.02831309751302173
150	0.03954097028893584	0.040502568764525584	0.04063232758352104	0.039136282677602094	0.03702919451930709	0.034653105975719155	0.032568780679465434
151	0.046696010568608164	0.04794684290710841	0.047625388107040596	0.04547985118660479	0.04272434349098797	0.03988180268294131	0.03727668961344147
152	0.05532596854085937	0.056137393043108996	0.054871393783442766	0.051813914510660655	0.04823580826471513	0.04503449230612697	0.04220216938312624
153	0.06494418365383954	0.06421347665052071	0.06165318817817599	0.057713711142067824	0.05330623329462345	0.04986914407012688	0.04702591937138676
154	0.07463563437311156	0.07185065633742041	0.0679729012368765	0.06334186518582868	0.05823940828183388	0.05463274159794859	0.05216369771432106
155	0.08395226070456724	0.07957583960350958	0.07476761616742975	0.06971623423847681	0.06399349035719921	0.06023310354515727	0.058821954750440004
156	0.09487754157057447	0.09010667893027584	0.0850430656602877	0.07963159527728643	0.07321750254722534	0.06890674489734566	0.0680196181905661
157	0.11246542573910229	0.1079776320380585	0.10304018867655457	0.09683549055528078	0.08905430956591048	0.08347592830943994	0.08268941842171273
158	0.14083928605335339	0.13763365203547895	0.13312585964432155	0.12537536700133434	0.11522064006666702	0.10725148690903223	0.1061492146288585
159	0.18642638200363523	0.18408623814347203	0.17969012809544838	0.1699567723222419	0.15696041909654332	0.14574601138216928	0.14139504881527398
160	0.25412156057295554	0.2531577150250397	0.24840423383802934	0.23582710903280843	0.21841093706317818	0.20204915808514987	0.19307509138300738
161	0.3518920924462149	0.3510850769376553	0.345249078650464	0.3302642694419483	0.3082210188162661	0.28550484529953285	0.27088088082024486
162	0.4730913174111134	0.47147983273046484	0.46401469883679886	0.4467910950526734	0.4214478302023078	0.394770758013786	0.380047332363096
163	0.6172031764812718	0.6145484891664075	0.6055904573892495	0.5871582971951419	0.5607850285148619	0.535173652902539	0.5262202344238406
164	0.7799598961205744	0.7772429324043134	0.7681786189544249	0.7515949797847685	0.7284993535551356	0.7070834773303851	0.70196349621863
165	0.9268958174800637	0.9263781914021835	0.9209588100934816	0.911165498628176	0.8969660242407852	0.8828067358485434	0.8735164094040798
166	1.	1.	1.	1.	1.	1.	0.9871696932156826
167	0.9613494956716749	0.9596442969579102	0.9634975489633477	0.969857206829918	0.981315336433511	0.999677307434162	1.
168	0.8375647885891241	0.8341379347325815	0.8386437438535338	0.8444692875345512	0.8577536135380025	0.8884431545874707	0.9152469928449901
169	0.687516207049112	0.6860150128269125	0.6897013351888462	0.6907276090832707	0.6975295750872541	0.7264817070884386	0.7704624911829957
170	0.548904012920231	0.5534665579868595	0.557851647429358	0.5540181587584885	0.5516691054073082	0.5684397271145846	0.607496232938036
171	0.434327609367149	0.4437693560556994	0.4489381984824062	0.44260855828129403	0.43330834545187824	0.4360963688823306	0.45537973374655843
172	0.33920139709280794	0.3509529144472722	0.3557998848223954	0.3480242061558426	0.33348031272841716	0.32486643845685315	0.3273437831138815
173	0.2639670618709586	0.27516228064832504	0.2782719597306573	0.27024819850058507	0.25318932624208557	0.23807779479972174	0.2310785370597541
174	0.20223531097932368	0.2117143048103784	0.21292736863430983	0.2051807306668948	0.18905201306244476	0.17281220007461429	0.1622761239658055
175	0.15294904518523755	0.1603756774803535	0.1606487852293248	0.1534567206057341	0.13958532259852705	0.1260095792262517	0.11589480250277735
176	0.11813338744681884	0.12264906516839	0.12236112201017586	0.11613017916173134	0.10494329537891514	0.09410111254891318	0.08653580335574332
177	0.09410855788833086	0.09646749093217538	0.09630213623230881	0.09142920373272642	0.08256848815606775	0.073344497927401	0.06748144149739675
178	0.07755382069219896	0.07796997924974874	0.07774822466871874	0.07445972645454821	0.06819834029659766	0.06103142843884409	0.05592890576891012
179	0.06528880762344927	0.06501272929162116	0.06462404129785945	0.0627353677504894	0.05888740006874613	0.05371618699387141	0.04920854184391201
180	0.05537857112508293	0.05507511821852418	0.05460817711006496	0.05370437302751451	0.051766179247370855	0.048819868636620266	0.04539810457601884
181	0.04724850596794017	0.04733097345574307	0.04673208746742663	0.04625382978026273	0.04563485037055425	0.04482961348963831	0.04292538784141345
182	0.04104482504967499	0.041201090711667346	0.04065013516969359	0.04004944876667051	0.03989112637931028	0.04074405784410943	0.04057725770316177
183	0.0366105663071287	0.03642196681407594	0.0358785610083811	0.0350033638233941	0.03459612162208589	0.03610340506650674	0.037532301906926926
184	0.03360848185720907	0.03281970378251498	0.03212125921187502	0.030997086790425215	0.030104295199020487	0.031163686017824342	0.03342946466541921
185	0.031496430057984505	0.030197736064304027	0.029155623124770165	0.027894474951700415	0.026560211546840122	0.026645342688545626	0.028679392020023058
186	0.029710370650003554	0.02833139169368665	0.02699490476943698	0.025532928986650324	0.02404479247188822	0.023242448710051537	0.024326766736475054
187	0.027726931128317436	0.02676102837154511	0.02540615439293622	0.023856946971913606	0.022294579922241913	0.021128543429648004	0.02116701056871603
188	0.025239400800829825	0.02500039447322547	0.02405354761562895	0.022639506245011282	0.021145227079959677	0.019908314216619878	0.019319112320487903
189	0.02230628106707885	0.022805692360584044	0.022491326451645425	0.02152514179411884	0.020246463532063396	0.019079303663693994	0.018293059163088043
190	0.019171493118235284	0.020219125440448266	0.020542086931937997	0.02015010025125737	0.01926197788219078	0.01827382824195661	0.01749303101952571
191	0.016137578525278813	0.017459125666177713	0.018232661993827264	0.01836779914885286	0.017964845521720632	0.017250166454994616	0.01657169419661691
192	0.013528581516746803	0.014821395502110672	0.01580253436098745	0.01628420237319573	0.01627852460162097	0.015937391592138882	0.0153913790467126
193	0.011488376165239062	0.012504961040476043	0.013493273690276208	0.014124360786281931	0.014405906173411568	0.014417794569986412	0.014061621241299655
194	0.010005640323849754	0.01066204874105284	0.011455197816772254	0.012077566916175987	0.012495401682866548	0.012791986056360127	0.012718852543693666
195	0.008875949651084663	0.009279872229362484	0.009800421270357967	0.010278862547640242	0.010681592063470276	0.011159924802607002	0.011400253314970087
196	0.00795091097620624	0.008228878320350295	0.00852536248382462	0.008797658903563954	0.009095337682148024	0.009611902880263992	0.01010500788895768
197	0.007167688852470282	0.007364838317236648	0.007547649968214225	0.00765057892406318	0.0077959995001371735	0.008235957857807796	0.008868239056629767
198	0.006480950727906481	0.006617689678767352	0.006751918837084269	0.006758361896491404	0.006794509384908047	0.007086905129402337	0.007729376982445656
199	0.005855500460770245	0.005962465077546203	0.0060631054784696025	0.006042851315431397	0.006003020803720779	0.006148643616627421	0.006696861079225941
200	0.00526106976036114	0.005372124409373819	0.005461166777766932	0.005435840303830829	0.005364625307536662	0.005401085391980738	0.0057925967411074026
201	0.00469747336761716	0.00482908421515253	0.004924288450422251	0.0049130627654168785	0.0048372440964675875	0.004807221268055149	0.005042465405771904
202	0.0041864311380645745	0.004331461901193368	0.004442328792291162	0.004453055220564215	0.00437892356600482	0.004338025443668367	0.004460623519362551
203	0.003731579180867351	0.0038853658719646927	0.003996706466358609	0.004036790480618819	0.003987999544580975	0.0039632696659560405	0.004011754173395354
204	0.003329940451096198	0.0034910915605188613	0.0035886598101421458	0.003639123399318568	0.003639058370036252	0.003649343018445559	0.003666471048297656
205	0.002974035709858948	0.0031326517278388233	0.0032266461776834345	0.003268552898697991	0.0033131608667292525	0.003375960758158382	0.0033928961640944484
206	0.002662078183226498	0.0028077519246544453	0.002906885539288064	0.0029402789042407102	0.0029978859351825846	0.0031206122337222903	0.0031562268077935025
207	0.0023984327884739726	0.0025172138366565994	0.0026245099963059016	0.0026563382733362554	0.0027033299821995604	0.00286928089937815	0.0029409081080284207
208	0.0021806656290758028	0.0022693747743233713	0.0023712920889107135	0.0024075237703176226	0.0024429700717039024	0.002613764412963766	0.002730134729865463
209	0.002002442670556815	0.0020650715179624042	0.0021455699045859044	0.0021838934601557847	0.0022187360291542483	0.002362715826889237	0.002516199394702118
210	0.0018542356923195544	0.0018958805537438892	0.0019481616529036284	0.001978374655031975	0.0020204510398656155	0.0021371702334210454	0.0022959309127306314
211	0.0017248182898405983	0.0017542700139952631	0.0017815901900369764	0.0017956432330948407	0.0018370042206893287	0.0019429871911758045	0.0020803621292577947
212	0.0016055524712218854	0.001630993766236292	0.0016415023990287967	0.0016369073619712513	0.001666789628711663	0.0017698098854992492	0.0018813032922213482
213	0.001492927292468725	0.0015186334749672857	0.001524181937550976	0.0015047518096590368	0.0015152455743966447	0.0016056016767146092	0.0017052788193010452
214	0.001390673046832064	0.0014140722729364267	0.0014229444708277518	0.0013974186997394648	0.0013852182808376512	0.0014493778678743138	0.0015472827588458827
215	0.0012997754142990896	0.0013174009334400794	0.001333341288359586	0.0013107189947849742	0.001279065199217398	0.0013106629251763437	0.001402985627455152
216	0.0012169073209880627	0.0012311076104944908	0.0012510645767547064	0.001237042899446114	0.0011960243071971262	0.0011954965509564188	0.0012696601508549123
217	0.0011390176098978388	0.001155351642160596	0.0011737101325958203	0.0011703904771296367	0.0011311626498821787	0.001107566150928684	0.0011503349216264985
218	0.0010646664519833357	0.0010874322772782882	0.0011027858585688647	0.0011062982973224695	0.001077306325183514	0.0010432707761960746	0.0010522742521861478
219	0.0009964254448521078	0.0010241459040465858	0.001039035721487663	0.0010431627272299397	0.0010286275554781071	0.000997125740127772	0.0009775477232432802
220	0.0009322001766120531	0.0009623667418611927	0.0009813368178679487	0.000983376560222483	0.0009791370658715542	0.0009629663541682227	0.0009249665222572731
221	0.0008713292770772405	0.0009028414381396971	0.0009278523031493357	0.00092743467353833	0.000928300833446318	0.0009327412597017289	0.000889118419394187
222	0.0008141174214044727	0.0008464413388225194	0.0008761585682482383	0.0008753944281990014	0.0008786430748153666	0.0009002822487045581	0.0008640570102347732
223	0.0007614288537691133	0.0007936630987470598	0.0008268327393392714	0.0008264876791653655	0.0008325779727151194	0.0008621204862426369	0.0008444867624955146
224	0.000712754226408351	0.0007450766906578862	0.0007794489642206192	0.0007810133992845279	0.0007909350834572104	0.0008201539516116985	0.0008253347421626181
225	0.0006682745571357235	0.0007005664701233893	0.0007343402634589528	0.0007397664313302289	0.0007512870352941742	0.0007775994395498441	0.0008026328971147565
226	0.000629872498800503	0.0006593867363709497	0.0006923040136202672	0.0007006868126276087	0.0007133628526980075	0.0007366911761960748	0.0007748394883098634
227	0.0005985745359700534	0.0006219415980278742	0.0006535741779663067	0.0006626055078625371	0.0006776461219235754	0.0006982409210464585	0.0007428212095833074
228	0.0005721879105993905	0.0005884851069360487	0.0006174236033041536	0.0006256615589824471	0.0006437668291910325	0.0006620018351998461	0.0007087617856819839
229	0.0005472280364658386	0.0005596246784108185	0.0005838585155708468	0.0005909339345273344	0.0006110279931241313	0.000628412549118039	0.0006758587519267069
230	0.0005208840863249391	0.0005350029284290371	0.0005528451095807185	0.0005587959715035585	0.0005787258429524295	0.0005973313986206229	0.0006454319037570605
231	0.0004940976623422186	0.0005125855486211089	0.0005248976865532615	0.0005293434062837057	0.0005473226816946874	0.0005690388665062781	0.0006169659711210616
232	0.0004692821216730253	0.0004903860663078352	0.0005000453793698705	0.0005028143083029967	0.0005175547373410923	0.0005421750024035263	0.0005895080526026442
233	0.00044856783054583304	0.0004671576959866932	0.00047822832540015135	0.0004790861367106307	0.0004900081229957845	0.0005148884806784071	0.0005627739178293597
234	0.0004321376284925394	0.0004446896392219367	0.0004586610320375821	0.00045819696918708987	0.0004651807715631621	0.0004866927656934183	0.000536862869930013
235	0.0004184440512506377	0.0004248902162552939	0.00044022939674959204	0.00044018371179354644	0.0004429659613757408	0.0004588159417827237	0.0005105895076784714
236	0.0004054742551718928	0.00040883125615509775	0.0004220180674855061	0.0004246219046154479	0.00042316142268732684	0.00043322235998286685	0.0004837063119154978
237	0.00039175665169764436	0.0003961552059134425	0.0004045349047817198	0.000410187821630852	0.000405735138566799	0.0004104700644376243	0.0004566161017159789
238	0.0003773533031844233	0.0003849484718581184	0.00038879493594917356	0.0003957246003929363	0.00039058041430748385	0.00039006269157570056	0.00043003932525625146
239	0.0003639825551444932	0.0003737529731905606	0.00037566330700385483	0.00038094994609038046	0.0003774878305062566	0.0003718014287658833	0.00040471462020432304
240	0.00035287275226520364	0.0003616511072414347	0.0003651561786644831	0.00036652810711677473	0.0003652986582839425	0.00035618707829348947	0.0003807683398872672
241	0.00034396291399821415	0.0003490044300304204	0.0003562064618544431	0.00035370613437957514	0.0003530051986072452	0.0003438463142483877	0.0003594681142152121
242	0.00033524314685696326	0.00033695866646653056	0.00034763404587273973	0.0003432248273466721	0.00034060220207398576	0.0003343277622137575	0.00034174919784559974
243	0.00032471878771246464	0.0003264002003493318	0.00033837793684804424	0.0003345961835526164	0.0003285242104147003	0.0003261240467791456	0.0003281789935748494
244	0.00031184960794281415	0.00031789217349948486	0.000328070073903276	0.00032667094661153855	0.00031763189376264465	0.00031780308660034996	0.00031861286871216537
245	0.0002976212874207609	0.0003104460509273337	0.00031723412673487526	0.0003182853596899059	0.00030871579662540723	0.0003090669264208142	0.00031147752911677047
246	0.00028366375744313976	0.00030234174103198303	0.00030753451914065623	0.00030901331822371606	0.00030178519280515286	0.000300457662023351	0.00030521300615487005
247	0.00027127775544515917	0.0002922944563970241	0.0003002498679878822	0.0002990937920956277	0.00029597631229984466	0.0002928991730159772	0.00029829617691452614
248	0.0002607661551689454	0.00028059708760996187	0.00029490799825833874	0.0002893711144053804	0.0002901141377070341	0.0002867324756136209	0.00029121884609344096
249	0.00025191098994328446	0.00026878990931065706	0.0002894120726367246	0.00028070883107875135	0.0002836338676111107	0.0002822801505528165	0.000284910748543481
250	0.00024361161042070595	0.00025788132876480456	0.00028168911061730287	0.00027369185593428103	0.0002764554414597095	0.0002791459277376162	0.00027994043609866906
251	0.00023495635714534976	0.0002483986727996697	0.0002713513271622023	0.00026807158055391656	0.00026877263848036056	0.00027599131494388917	0.00027615911492791484
252	0.0002258012646993419	0.0002404958807004113	0.0002595165069434027	0.0002631588618060289	0.0002611824641324527	0.00027148773518162255	0.0002732963391891083
253	0.0002169304101031489	0.00023390438109499874	0.00024816057399973266	0.000257589887059113	0.0002544908502745527	0.00026489620003404427	0.000270716245341195
254	0.00020911473563685283	0.00022743164647313265	0.00023843164835764375	0.00025035899465909305	0.00024878364777191497	0.0002565277756963257	0.00026769287653353763
255	0.00020239162604357224	0.00022001735434216285	0.0002306878698170737	0.00024155016658638357	0.00024362245200094525	0.00024766795497109756	0.00026344391474435104
256	0.00019642070407322986	0.00021159766631528198	0.0002243372514592383	0.00023233110498178591	0.00023832206180623782	0.0002395436394869552	0.00025813728307834996
257	0.00019084927177346665	0.00020323487642615233	0.0002180348583159191	0.00022385133042435504	0.00023246988627799098	0.00023288223762862358	0.0002518244919847933
258	0.00018534757402169307	0.00019596783845767497	0.0002108669307220217	0.00021646805704268938	0.00022562041976674122	0.00022713591435263134	0.00024496098326476606
259	0.00017985188395906097	0.00019000193815333803	0.0002024305391050399	0.0002104320512876167	0.00021773491680559558	0.00022134334852251126	0.0002378678387337842
260	0.0001744003746384628	0.0001848420080093104	0.00019355205872916478	0.0002053677299237941	0.0002094787978276265	0.0002150331422499675	0.00023073160545488333
261	0.00016927607501836093	0.00017992469718803827	0.0001856541723185201	0.00020070103316381072	0.0002019028067703321	0.00020834107204658941	0.000223381759250948
262	0.00016447859717517267	0.00017487826184296452	0.0001794949926158547	0.00019563943512333255	0.00019541304610547547	0.0002014263091003917	0.00021556723379297595
263	0.00015981234522252966	0.0001696942794271211	0.00017508605762917365	0.00018993434448396905	0.0001899521188913637	0.0001947615465607511	0.00020746360428566812
264	0.00015524327543934015	0.00016459349024499088	0.00017154566758104697	0.00018400678830887614	0.00018507093948384737	0.0001885252779893087	0.00019965216348501552
265	0.00015075043469007046	0.00015992911631018203	0.0001682739933442858	0.00017844741546926872	0.00018031863504942584	0.00018303431446435158	0.00019256413431116356
266	0.00014637977232176286	0.0001556738135977913	0.00016472954749349855	0.00017366749508219154	0.000175343826576403	0.00017815337685147262	0.0001865422732135894
267	0.00014225769492240252	0.00015166750091772003	0.00016109820937527068	0.00016964326032212473	0.00017027891898796493	0.00017400826772082215	0.00018140881096361279
268	0.00013861491252270625	0.0001476296141032267	0.0001575494400076885	0.00016599014377401272	0.00016551926210897906	0.0001703648987103069	0.000176860231293839
269	0.0001356578985029444	0.00014374332292252528	0.00015431606699784417	0.00016253293349960968	0.00016137928533328154	0.00016681748554335524	0.00017266215750409543
270	0.000133115281464604	0.00014009369289105892	0.0001512313148131922	0.00015907773940084273	0.00015803663507741832	0.00016301894411494046	0.00016859867802125812
271	0.00013077430056514884	0.00013682584988305093	0.00014788858261404378	0.00015579138578881866	0.00015523179301140527	0.00015931182386004343	0.000164689263101819
272	0.0001286686689683027	0.00013411530603229212	0.00014398997233957539	0.00015254381214923834	0.0001527212253212241	0.00015614458359128287	0.00016073055188372718
273	0.00012704847823776728	0.00013207897880322146	0.00013978137929272465	0.00014912751895866249	0.0001502760561250542	0.00015390323971982374	0.00015695637406392817
274	0.00012584009398041454	0.00013047700838046065	0.00013573314107934547	0.00014530396048795835	0.00014772748874291076	0.00015239548279242645	0.00015377311896750203
275	0.00012461775953096326	0.00012875709514430846	0.00013221100991581342	0.00014109009637253215	0.000145041648136919	0.0001512586991821478	0.00015151333907560474
276	0.00012307674295831934	0.0001267612366570755	0.0001293228505842853	0.00013684253548657164	0.00014210164991565696	0.0001498370655735444	0.00015022077405924073
277	0.00012115229469775147	0.00012490035294314644	0.0001270337969972118	0.00013300365249033864	0.00013895137406991725	0.00014787428707575083	0.00014953551262075727
278	0.00011898778467023327	0.000123518625861421	0.00012522250604063187	0.0001297230552659153	0.0001355993644561596	0.00014538423121856337	0.00014898069032333856
279	0.00011658033760421585	0.00012260866406087735	0.00012368455946690742	0.00012687344116853373	0.00013206325555872663	0.00014259590503527985	0.00014823059321135242
280	0.00011376351779960329	0.00012163052593196727	0.00012220023936141655	0.00012427879459392548	0.0001284996063092824	0.00013950274514062372	0.0001471260977959466
281	0.00011064266469809907	0.00012029627759903889	0.000120793021862315	0.00012193075751372686	0.00012510752460066156	0.00013615063132266188	0.00014574426547000105
282	0.00010740285669168951	0.00011835056066053483	0.00011956558307547931	0.0001199456391152493	0.00012209748494530987	0.0001324902877538333	0.0001441100208801861
283	0.00010435386999320326	0.00011588297701474679	0.00011855995991668549	0.0001184022800689524	0.00011956780481770376	0.0001284972610081649	0.00014225476515899115
284	0.00010170004596249823	0.0001131009018795905	0.00011754361580410414	0.00011734091322652238	0.00011741162409694752	0.00012415929216324785	0.00014002201458616863
285	0.00009958561696777432	0.00011027660880214715	0.00011626603459074311	0.00011662860129998017	0.00011552820882955265	0.00011969357414676777	0.00013721023175601276
286	0.00009810644127617576	0.0001076008328238065	0.00011457002047659223	0.00011622352457557657	0.00011382080013875516	0.00011551499270690182	0.00013363526391242965
287	0.00009720828843043739	0.00010509070397283	0.00011253642105269138	0.0001160029625751678	0.00011242621309831845	0.00011205393609337831	0.00012945187253274583
288	0.00009665906862353972	0.00010285312629131073	0.00011044276602333512	0.00011577230054229454	0.0001115596048291763	0.00010939807569289217	0.00012510458499182615
289	0.0000962804555079525	0.0001009910260488372	0.00010848988035782853	0.00011534953908539584	0.0001111404897314309	0.00010748162162410001	0.00012103558119951315
290	0.00009595179374763216	0.00009951001486449463	0.0001066727370294224	0.0001146161320403851	0.0001108645985673665	0.00010602928099187533	0.00011748786832217766
291	0.00009565293866721374	0.00009839531424336765	0.00010487689369205744	0.00011364526594968655	0.00011047409056926513	0.00010490715374646637	0.00011432983428461589
292	0.00009544438509460036	0.00009761479968013523	0.00010296323826863439	0.00011254140880666417	0.00010985024520995693	0.00010421808373234748	0.00011140982187033125
293	0.00009539488683423604	0.00009726470251371949	0.00010099330908003709	0.00011126309637232151	0.00010910956691151071	0.0001040550294391172	0.00010860946112021725
294	0.00009540145771356143	0.00009728400324317671	0.00009901371295730834	0.00010967283776422444	0.00010831417084899253	0.0001045004478098601	0.00010597476557529558
295	0.00009520051643945454	0.00009745052571574265	0.00009732884010026865	0.00010763038445660292	0.0001075059479038417	0.00010550921861440044	0.00010365791994600005
296	0.00009451051248643416	0.00009753672514634936	0.00009612521775390148	0.00010519113115997207	0.00010665564206580038	0.00010695684527905103	0.00010182896544626546
297	0.00009336772566469107	0.0000973267270973024	0.0000954580566229167	0.00010247155312845427	0.00010574020915722327	0.00010852179315197034	0.00010078443680758354
298	0.00009208988970232156	0.00009682952650079609	0.00009514756821279351	0.00009968598148842599	0.00010474470586297251	0.00010991841124307242	0.00010068596508775865
299	0.00009105029599495797	0.00009606542995330256	0.0000951059964860774	0.00009702498909616058	0.00010357070066699491	0.00011085377503268631	0.0001013811903982863
300	0.0000902227958739097	0.00009509929007130066	0.0000952554196248878	0.00009466603568185614	0.00010205766477543349	0.00011114120273848912	0.00010248308035812158
301	0.00008933862881547727	0.00009391285276550694	0.00009553600537412396	0.00009281728757006005	0.00010024618889867084	0.00011063846308556197	0.00010361730476233915
302	0.00008822407180843167	0.00009251682393990934	0.00009580508786829216	0.00009149807604876186	0.00009833371230141368	0.00010950129902215432	0.0001047444460033205
303	0.00008686147775774466	0.000091008468053907	0.00009588865681009581	0.0000907358851826892	0.00009661375006908896	0.00010804441240438729	0.00010582275999157055
304	0.00008536503322936955	0.00008955289112995096	0.00009559171431747517	0.00009045977122183063	0.00009504156037479328	0.00010637272723790975	0.00010684119992231693
305	0.00008389432860354869	0.00008829061569589672	0.00009485865761720805	0.00009056753524639984	0.00009351966870215104	0.0001044117103894859	0.00010766441145590189
306	0.0000826838008097578	0.00008735047721424441	0.00009366195144376356	0.00009082164336665492	0.00009211865513764485	0.0001019963250043881	0.00010819762250087731
307	0.00008191390578399477	0.00008673926025578351	0.00009224919884087666	0.00009100641769769332	0.00009101394404916811	0.00009923339011565182	0.0001084061737120941
308	0.00008155808946731208	0.00008628432426353348	0.00009076735730139979	0.00009105534194313325	0.00009031521245798605	0.00009634378781934651	0.00010815682957356818
309	0.00008146324594308087	0.00008570884585007686	0.00008951524308686518	0.00009118328776839739	0.00009009902801694798	0.00009344158750347251	0.00010739665873555748
310	0.00008147250534048241	0.00008499107487301842	0.00008854036944101339	0.00009160727627902912	0.00009030481750659638	0.00009071114210459761	0.00010629357103929932
311	0.00008151169992393569	0.00008436183124805658	0.0000878475252354851	0.00009223586165919258	0.00009070730292842168	0.0000882305508484251	0.0001049493332851819
312	0.00008161254275050935	0.0000841458796639628	0.00008724457160424714	0.00009264359850842102	0.00009093042386083796	0.00008617635243343996	0.00010344651461139836
313	0.00008175216831361437	0.00008431461004461996	0.00008655428429071144	0.00009248661043054403	0.00009073804182141013	0.00008478904932823536	0.00010174888599453466
314	0.00008183812319939853	0.00008460462908207646	0.00008573840249964152	0.00009172416376626405	0.00009018084681950119	0.0000842557056376909	0.00009991159032884135
315	0.0000816987917290726	0.00008459545448706094	0.00008492826157953657	0.00009058501100106044	0.0000893881754974387	0.00008458552949843702	0.00009796269192579942
316	0.00008130096701595429	0.00008416876724359278	0.00008429199557764846	0.00008932759082555528	0.00008846547622119391	0.00008551978582762894	0.00009578818534669625
317	0.00008080487432788529	0.00008346586804448148	0.00008400063221508833	0.00008811504121906135	0.00008754486259970645	0.00008675915029446648	0.00009335810494659804
318	0.00008034124895831908	0.00008271190016301059	0.00008404433003555501	0.0000870119104728038	0.00008681783934722349	0.00008795578850857864	0.00009090281704589893
319	0.00007989686035799548	0.00008208050782189882	0.00008440787712196744	0.00008603750835686312	0.000086325122300622	0.00008892092969931188	0.00008865696303445948
320	0.00007929024095501153	0.00008158077251207523	0.00008491385108204066	0.00008508743707812156	0.00008588170025785507	0.00008979559968035778	0.0000868626888656533
321	0.00007847177369497091	0.0000811111670561677	0.00008528827493869895	0.00008407161872616056	0.00008527728111831758	0.00009065554347319759	0.00008556561511219359
322	0.00007744043940490374	0.00008054350256673124	0.0000853968492822341	0.00008294038484103523	0.00008451158374926925	0.00009145224941309977	0.0000847779498762688
323	0.00007621086732499465	0.00007982141327753849	0.00008523610257458227	0.00008179413412814411	0.00008375273538524186	0.00009192310618626531	0.0000843833318920392
324	0.00007490865560511143	0.0000789542136179358	0.00008496579780375344	0.00008077574900308252	0.00008323666498425261	0.00009186957381215514	0.00008410970928235738
325	0.00007360495136369297	0.00007798733299219177	0.00008460955047792819	0.00008006240742157046	0.00008301913968112973	0.0000913068067447289	0.00008385445746591675
326	0.00007249523478746015	0.00007700629346158618	0.0000840952917941729	0.00007976746698304735	0.00008290938425989432	0.0000901372810943794	0.00008358726343941413
327	0.00007167135032547543	0.00007613213122520266	0.00008339676995365556	0.00007985836648905916	0.0000827218411912389	0.00008842189661339286	0.00008348648691307246
328	0.00007108869546566641	0.00007539474063312829	0.0000827113509798604	0.00008008150634473914	0.0000824556321129687	0.00008641278140621255	0.00008364578286386243
329	0.00007078030623661386	0.00007472469365238095	0.00008246279230378226	0.00008015949568183452	0.00008199826563207592	0.0000845035582711392	0.00008391940999861123
330	0.00007071315484408311	0.00007423670041799606	0.00008278631008629416	0.00008003771807025408	0.00008125402827087852	0.00008304541689330794	0.0000841889284974648
331	0.00007086244136209012	0.000074076226083312	0.00008322173046644362	0.00007992265593912134	0.00008017508485291846	0.00008195607349378083	0.00008434882202287915
