pixel,1150A,1200A,1250A,1300A,1350A,1400A,1450A
1	0.00007411100174877705	0.00007395422120010191	0.00008206621079476475	0.00008455618834390056	0.00008269260341049277	0.00007848779457703468	0.00008086518484764569
2	0.00007334173868939092	0.00007466000754180532	0.00008236748088441309	0.00008338021082740597	0.00008415832475861607	0.00008006171583427218	0.00008149441120227827
3	0.00007281536346330129	0.00007573040606441927	0.00008268962156156468	0.0000820342096130284	0.00008501512501858988	0.00008213345884776845	0.00008211482739061539
4	0.00007249086601071193	0.0000768829866547877	0.00008303192846124549	0.00008069380761194723	0.00008516358094626897	0.00008468715288012643	0.00008261668374465852
5	0.00007229002223094347	0.00007783546182827987	0.00008336055510273812	0.00007952906224737429	0.00008481410842053114	0.00008752630827713386	0.00008314776781299697
6	0.00007216530064099151	0.00007845227232700196	0.00008350505264258748	0.00007880212346875368	0.00008422371488395254	0.00009030827945710992	0.00008403353534489263
7	0.00007219476754762587	0.00007891455935551477	0.00008347853331258511	0.00007844323593792749	0.00008364505316531554	0.00009265126427043957	0.0000853371832721038
8	0.00007242026714385427	0.00007924873785000181	0.00008349309211365288	0.00007830116311532601	0.00008340443706204236	0.0000942819422720283	0.0000868648880419126
9	0.00007284699016262118	0.0000794520843455049	0.00008354172465206465	0.00007835468048878643	0.00008369079785227529	0.00009510305722084853	0.00008825386177634525
10	0.00007355907968381999	0.00007967070760766695	0.00008350127024624442	0.0000786899097257649	0.00008436724927879022	0.00009521586179229992	0.00008921425216483814
11	0.00007470579881814108	0.0000801122127299677	0.00008305122064155329	0.00007942745626047565	0.00008519630996881935	0.0000948445758866502	0.00008976712422635369
12	0.00007637235447439575	0.00008081110581230011	0.00008222482185688445	0.00008053872861478088	0.00008604749865703421	0.00009414111476981704	0.00009024659304580089
13	0.00007842216379157042	0.00008173301993294489	0.00008119081212219382	0.00008194305198454026	0.00008692084336991981	0.00009326161802568228	0.0000910743972386756
14	0.0000806470322571826	0.00008279859850319591	0.00008024198223848676	0.00008360031107292003	0.00008774641997865328	0.00009233301537558713	0.00009227682273813222
15	0.0000827512748502762	0.00008400302284337623	0.00007962898254789934	0.00008550240978311312	0.00008849744772038605	0.0000914396687596702	0.00009352406316766967
16	0.00008448014770788312	0.00008504612426151247	0.00007945123797807316	0.00008763509534711468	0.00008916657631770135	0.00009039892913105875	0.00009475716373641423
17	0.0000855611218440132	0.00008568243007838673	0.0000797641866871188	0.00008975338688630482	0.00008972586640889431	0.00008900665257011872	0.00009602867025747132
18	0.00008578280702554332	0.00008586265233925168	0.00008041254822542048	0.00009157043035137542	0.00009007767764916025	0.00008740830482455821	0.00009747738309780623
19	0.0000852581812419299	0.00008591770338196541	0.00008136586656523674	0.00009294159489104704	0.00009025170053064045	0.00008606817722344065	0.00009895784332853786
20	0.00008437100022178892	0.00008618010201633646	0.00008266005214654337	0.00009378367931429854	0.0000903511602141968	0.00008553331834452367	0.00010043548715658696
21	0.00008345136098868844	0.00008667383010216236	0.00008429986698857495	0.00009413257909944636	0.00009041692168064279	0.00008607147941055312	0.00010192312602441987
22	0.00008262891705488548	0.00008716398413696477	0.00008612588264906376	0.00009416183571178404	0.0000904013280850021	0.00008758341590012108	0.00010337040055460243
23	0.00008191623238238198	0.00008753277613252301	0.00008799355176502219	0.00009409314509725597	0.00009038128649724933	0.00008983815804719015	0.00010476746592268973
24	0.0000815112506597825	0.00008770963880573327	0.00008973249313364937	0.00009388646200097359	0.00009063457360505075	0.00009245227132179972	0.00010608140981818975
25	0.00008150453544040111	0.00008778398542122735	0.00009126897682445286	0.00009345083613721468	0.00009140857982890963	0.00009506433889692843	0.00010721715772199021
26	0.00008187214964009516	0.00008781391019288079	0.00009249567053574812	0.00009282042965304365	0.00009271625186306008	0.00009761602555773575	0.00010811327488274428
27	0.00008245019142944498	0.00008813275565096063	0.0000933873004951697	0.00009211398906801991	0.00009449653264365771	0.00010040679744633518	0.00010874457663635817
28	0.00008335519463311227	0.00008891908194580941	0.00009404237389168662	0.00009137595204347383	0.00009657879593381123	0.00010372379499790549	0.00010941075258406043
29	0.0000848061758341505	0.00009009469776137373	0.00009457426039155315	0.00009077929538040273	0.00009880216030311108	0.00010728896264324336	0.00011019912624599674
30	0.00008678011815974762	0.00009127097621568083	0.00009502538586191732	0.0000906585428931248	0.0001009612427158082	0.00011062626995875199	0.00011113182365576068
31	0.00008912325576253034	0.00009227062809680663	0.00009526268019105219	0.00009125546789296463	0.00010312353784769831	0.00011337168400018715	0.0001119753900193894
32	0.00009174714704349592	0.0000931057366280118	0.00009524538457062894	0.00009261003818310533	0.00010550549997485323	0.0001153829423896789	0.00011244773519887623
33	0.00009464188416782117	0.00009382553107997698	0.00009511128754624608	0.00009448044875703184	0.00010806531027605599	0.00011665995553099094	0.00011243045833524194
34	0.00009756773822707934	0.00009456270444598151	0.00009504057981922712	0.0000968262266117396	0.00011030857647980674	0.00011731018320683923	0.00011222026047574883
35	0.00010017361052586981	0.0000954660174367057	0.00009525651595131696	0.0000995177349527593	0.00011183396392007193	0.00011761802937732751	0.00011233964727611347
36	0.0001021590184083734	0.00009662995974835316	0.0000958893968932054	0.0001025380575102144	0.00011276783475853446	0.00011776448077311759	0.0001131305690814026
37	0.00010347469540807584	0.0000977972780151947	0.00009702125856876878	0.00010596628409793435	0.000113510488949622	0.00011768941628675457	0.00011452647836216006
38	0.00010427361442798852	0.00009870146872203683	0.0000986205146111198	0.00010974122240983193	0.00011427557163390387	0.0001173462754611139	0.00011617699625707553
39	0.00010456470262354992	0.0000993541939438775	0.0001005871624429422	0.00011347583820192964	0.00011505594538552097	0.0001168768158167415	0.0001178532182541143
40	0.00010444123048992016	0.00009997850979940669	0.00010282505895830797	0.000116735336106645	0.00011574432007689759	0.00011637506003335536	0.00011958377020240601
41	0.00010399328737668134	0.0001007376386816954	0.00010530599117286024	0.00011932992945775282	0.0001163386345072227	0.00011592902279596372	0.00012152856663416189
42	0.00010337379026530182	0.00010171648684137779	0.00010809688655440301	0.00012137587520049162	0.00011680434094651481	0.00011560040542889788	0.00012375921403935157
43	0.00010284140972204423	0.000103105663154097	0.0001112331984755581	0.00012305717595915145	0.00011708247244570773	0.00011559862901634795	0.00012618169793433343
44	0.00010243928862331366	0.00010502757647848635	0.00011448627404583798	0.0001246697264580316	0.00011733554421975996	0.00011635702982608965	0.0001288903059189382
45	0.00010226241383260777	0.00010728403211237709	0.00011741502364514941	0.00012620634491975638	0.00011779064417905902	0.0001180986645798411	0.0001319683867771796
46	0.00010232153088982314	0.00010959871962937427	0.00011985064433586792	0.0001274407707078387	0.00011867006147526379	0.00012072189529383588	0.00013550944671895278
47	0.00010293985804809278	0.00011195622301618219	0.00012195237935839432	0.00012807358984803967	0.00012013193242016847	0.00012390425529541888	0.00013922594746914216
48	0.00010442196820420925	0.0001147168284091092	0.00012408356135730128	0.00012795226809221778	0.00012232331609605257	0.00012733209581166564	0.00014272778982901
49	0.00010695003062569477	0.00011791762090206798	0.00012629244874446597	0.00012722928283255338	0.00012525819562727124	0.00013094991582161095	0.00014563381027455768
50	0.00011046891560372974	0.00012137884435974273	0.00012856250867689667	0.00012620936245209255	0.0001287934026262289	0.00013483849435835013	0.00014763510515440273
51	0.00011459294089174999	0.0001246877170226032	0.00013061382110788757	0.00012532055418187075	0.00013254437518269522	0.0001392039266987725	0.0001489398455349972
52	0.00011915572778575559	0.00012783449008201125	0.00013220732547652753	0.00012519473180882667	0.00013613836278629228	0.0001440853057756253	0.0001498937790153328
53	0.00012403322956296267	0.0001308254496587205	0.00013325550605633606	0.00012630171707561863	0.00013960672893003142	0.0001491314623761698	0.0001511196402656342
54	0.00012904835737882384	0.00013379249425138096	0.00013387564311881774	0.00012861733691678435	0.0001432578042410671	0.00015391893227437807	0.0001531439568214521
55	0.00013392175629936778	0.00013657016678767097	0.0001344471396053676	0.00013159355831777385	0.0001473375693138847	0.00015811122954057655	0.00015607927707760106
56	0.00013825455937015667	0.0001389424046567829	0.00013535032692078936	0.00013465656262022464	0.00015190999932498015	0.0001616058372003948	0.00015978168640067242
57	0.00014188711245177358	0.00014072060143927983	0.0001369965278496333	0.0001377635340243336	0.00015660814112410603	0.00016448952070695575	0.00016349551571169873
58	0.00014480042577031993	0.0001420054710431232	0.0001394406240992417	0.00014133179926162901	0.0001610718484507407	0.00016717542094089822	0.0001669533122595414
59	0.00014708177809071523	0.0001429714665569389	0.00014247535340314194	0.00014580597389113442	0.00016491828890553525	0.0001702234597445361	0.00017005010208573316
60	0.00014869753188842582	0.0001440025049440927	0.00014580863496273073	0.00015129074494753996	0.0001680908341614164	0.0001738517635925825	0.00017311120935557117
61	0.00014959052821488712	0.00014536924689311287	0.0001491899943453569	0.00015766185557395827	0.0001709157148192789	0.00017763395705908643	0.0001763580193973265
62	0.0001499163266281913	0.00014734616564111697	0.000152617521207995	0.00016455938433421899	0.00017395941365109144	0.000181321906874783	0.0001797275848814285
63	0.00014999165746835486	0.00014981789220141166	0.00015641612628887686	0.0001714705530165715	0.00017760284741736435	0.00018459823601506197	0.0001834086694176369
64	0.00015035698697205127	0.00015264955373473578	0.0001610289820241365	0.00017795921592467332	0.00018177800390689077	0.00018731918601481323	0.00018721594230723375
65	0.00015128426335968116	0.00015571954341855795	0.00016650255868348534	0.00018406597554048294	0.00018613884818842127	0.00018966951988473086	0.00019099875585095822
66	0.00015293744209191209	0.00015911877904521197	0.000172595675561937	0.0001898912230673999	0.00019038547575683836	0.00019218956766371475	0.0001946597806139053
67	0.000155440912743381	0.0001630226616358944	0.00017916217314470603	0.0001954006293140326	0.00019406144226519648	0.00019539458915143445	0.00019845514117836722
68	0.00015895135615731174	0.00016784753174887003	0.00018621286224698415	0.0002006128204898802	0.00019727138048378562	0.000199356640617052	0.0002031391697770217
69	0.00016370134722946616	0.00017383036055241183	0.00019356306758017854	0.0002055199282518518	0.00020039322924971818	0.00020386382979389943	0.0002090280831171299
70	0.00016969612308296393	0.0001809416627408657	0.0002009302021317387	0.00021008062675250373	0.00020441801959772613	0.0002087798794295902	0.0002163642661489601
71	0.00017676549867130497	0.0001888020950740866	0.0002079484215368794	0.00021382336504408798	0.00020981802449774952	0.00021421190529369	0.00022506964080566943
72	0.00018450593648365184	0.00019715916726716	0.00021441867197249004	0.00021653592739794892	0.0002165607722789014	0.0002201957650835009	0.0002349077171650513
73	0.00019264754823318406	0.00020594265112753134	0.0002202867704095033	0.00021881444811995326	0.00022411191725084517	0.00022728715974331255	0.0002452240184438632
74	0.00020111567967617483	0.00021508747054696523	0.00022570435099554274	0.00022183164613559335	0.00023195709138621964	0.0002357200223522362	0.00025517577503223946
75	0.00021006711857004702	0.00022415874108397334	0.00023073994434435764	0.0002264486810531666	0.00023959674371568505	0.00024537770606334144	0.00026409788952359663
76	0.00021982534252521397	0.00023269351073125432	0.00023533805062115178	0.00023246824519285086	0.0002470287905354306	0.00025561843045410323	0.00027175940341475337
77	0.00023008921978992478	0.00024055211987850314	0.0002399897383979097	0.00023930382769334885	0.00025458936305213165	0.00026612276573354	0.00027785904232744134
78	0.00024028969937184963	0.0002479005278237048	0.00024529160365820314	0.00024655771356037664	0.0002627250134123003	0.00027669899554617173	0.0002822993895126749
79	0.00024976975770546684	0.0002544846768182009	0.00025196694791032213	0.00025399396018984044	0.00027191084501659434	0.00028670937357406085	0.00028523671700646615
80	0.00025796376597637054	0.00026015902652678526	0.0002598819820373064	0.00026210089147650034	0.0002824216876591584	0.00029527877062881125	0.0002875389275703512
81	0.0002650741519947934	0.0002655423193170513	0.0002684452699414214	0.0002713473373866241	0.00029401334252568997	0.00030228142933304915	0.0002899109599937815
82	0.00027149287452504745	0.000271633836995187	0.00027675934906401333	0.0002824629065084897	0.0003056326677371373	0.0003077342785776209	0.0002927111104158088
83	0.0002778492078558344	0.00027903492484010765	0.00028492148309678804	0.0002953671636636142	0.0003156456971768918	0.0003127165467970592	0.00029613677240913943
84	0.00028441288138208006	0.0002872136242967306	0.00029406670404141767	0.00030935813983202863	0.00032322852505456255	0.00031766442234169623	0.0003002267469073898
85	0.0002910031743285677	0.0002955678342729071	0.00030481661937292937	0.0003231644559667751	0.0003283939265722164	0.00032301549567552716	0.0003050182933260466
86	0.00029787034508483255	0.000303960937349334	0.00031709296425037106	0.00033556414330177615	0.0003326430924538784	0.0003287373130532661	0.0003106236487222576
87	0.00030540147440630885	0.00031295966954042893	0.00033048774683715215	0.0003460170788160285	0.00033757880193681003	0.0003342903541693262	0.0003177302255548273
88	0.0003139951926205153	0.0003238725459917364	0.0003444412173516518	0.0003547716151765592	0.0003440921923047805	0.0003394267814010171	0.0003278098829154937
89	0.0003234817845653264	0.0003376347276357675	0.0003579911325759046	0.0003629445702156069	0.0003523775716605268	0.0003453095237015743	0.0003417047774612903
90	0.00033426479869528365	0.00035411555063749833	0.0003700973839541319	0.00037161813175821924	0.0003616875430020526	0.0003536048798829335	0.0003584735502705138
91	0.0003476565935978518	0.0003712913649385715	0.0003811353865727749	0.0003814363266916142	0.00037211939676769326	0.0003667346213632505	0.00037592110900241124
92	0.0003642917335612203	0.0003873432870581582	0.00039214971132424007	0.0003927941740761222	0.00038499378492361453	0.00038465191746168287	0.0003934735442560811
93	0.0003843377328172646	0.0004020706600772859	0.000403888836153655	0.0004053935407040447	0.00040221869484420613	0.00040588747237214553	0.00041252439807005044
94	0.0004061071773228761	0.00041642922194038096	0.00041707598566352545	0.0004198202482507439	0.00042487903975279705	0.00042817745703753414	0.00043422835952885075
95	0.0004275296939202331	0.0004315140928845521	0.00043245978893834987	0.0004368817827245674	0.00045213037509413004	0.0004505003583130264	0.00045912085147815506
96	0.00044777449050110887	0.00044741342574134964	0.0004504053833747662	0.0004587764443265549	0.00048217676691862215	0.00047430209328707133	0.0004875825390826274
97	0.0004673462642505436	0.00046516791783984926	0.00047107625134463295	0.0004865173297714546	0.0005134966749892621	0.000501286960766546	0.0005206550336017335
98	0.0004875153192644577	0.0004859159248390465	0.0004952643815539857	0.0005194963770937229	0.0005459407651373906	0.0005337133414901766	0.000558620252998149
99	0.0005086865182789789	0.0005099680175348241	0.0005250783180227292	0.0005558696448856967	0.0005809286417476034	0.0005730996248807712	0.000601361446274009
100	0.0005314944180369534	0.0005368503092851283	0.0005611194627422805	0.0005940367577551591	0.0006204605030898037	0.0006195539900148156	0.0006490678726372997
101	0.0005569300712930107	0.0005667210336242642	0.0006030929131681119	0.0006352959580518617	0.0006669755074010308	0.0006732222564555224	0.0007012924976196362
102	0.0005863131762285908	0.0006025711123444837	0.0006501287095292921	0.0006812542796510485	0.0007208861946874493	0.000733338448077387	0.0007571860116562216
103	0.0006198867481694322	0.0006475198065857379	0.0007020452452438909	0.0007346448771899433	0.0007820434058373502	0.0007986772513725631	0.0008147089058649553
104	0.000658679109995247	0.0007029516974660025	0.000759652891006084	0.0007973370132201489	0.00085037698753926	0.0008683406502874053	0.0008721670167003617
105	0.0007061924273217816	0.0007674720561765175	0.0008240949870635141	0.000869874508181381	0.0009254168515284971	0.0009403140640633749	0.0009295588579891842
106	0.0007654105862291056	0.000838762395249795	0.0008972348846538883	0.0009520507795652022	0.0010059601311027016	0.0010132584249968885	0.0009890862406362899
107	0.0008371504222604028	0.0009152356194519508	0.0009794733138600144	0.0010417164932232635	0.0010895671537420578	0.001086825689892999	0.0010536557536628356
108	0.0009210869268501015	0.000998041929607835	0.0010703991509335782	0.0011380402455958701	0.0011750455860652	0.0011628230783732622	0.0011247689490717677
109	0.0010157350993900036	0.0010898275701395925	0.0011696596304324783	0.0012396494045031313	0.0012635263198524892	0.0012451055540931258	0.0012038085073235525
110	0.001119298580306185	0.0011939589982951837	0.0012785512752231526	0.0013454827872912648	0.0013567212533745015	0.0013353206285036088	0.0012934147698213446
111	0.001231302990829152	0.0013107239717791042	0.0013972549113703888	0.0014563053352571122	0.0014587329508686242	0.001435710096050179	0.001396314355933717
112	0.00135442040973017	0.0014397730029948972	0.0015234655387646604	0.0015727332141013603	0.001571267378535841	0.0015490262745376016	0.0015139346874854375
113	0.001492347642847106	0.001579629342911554	0.001656008351116264	0.0016994546567628318	0.001697164409094794	0.0016794805619570823	0.0016483776744977935
114	0.0016459890154904865	0.0017294380277276082	0.0017949420455616889	0.0018384810915283599	0.0018378432647613138	0.0018300857604667121	0.0018005803765358591
115	0.0018128119825590767	0.001889239064562036	0.0019448176194106642	0.001991961406591186	0.0019954395522674834	0.0020022674581903163	0.001970416640213898
116	0.0019907831632987793	0.002058161993943056	0.0021086421812567873	0.0021615289783407567	0.002175956358390628	0.0021948232567348728	0.0021523167798586217
117	0.0021781534653276423	0.002237535153138004	0.002289760463127084	0.0023495407084835928	0.0023806502450543846	0.0023987797451716863	0.002348285882391671
118	0.0023723387121241312	0.002430191141453986	0.0024908267968413804	0.0025633440181851153	0.002605706893495018	0.0026113580011322504	0.0025632757614901967
119	0.002574919389828341	0.0026413528858437235	0.0027139788664997683	0.002805959804902644	0.002845105270702939	0.0028387864017585694	0.0028067151269991846
120	0.002792576434451429	0.0028751728879896025	0.002964722261992634	0.0030702485090040995	0.003098567128642005	0.0030983483028808787	0.003080612685694935
121	0.0030331218030922417	0.003131171646356172	0.0032476467957085315	0.0033512936329310903	0.003381180862937874	0.0033970251920576724	0.0033794535831135034
122	0.003297894622845187	0.003414005944425427	0.003556810729861458	0.00365089197232256	0.003704291072993895	0.0037262762089231745	0.0036860134355369972
123	0.003585780338914315	0.0037325598206921335	0.0038873071680021703	0.003984375192390558	0.004061261853158985	0.0040631025212592	0.0039884375160168075
124	0.003899953763560155	0.0040900829488495945	0.004240599544820275	0.004352338044510274	0.004421954489235977	0.004388289686185647	0.004268300017769641
125	0.004254277140311799	0.004480614518463149	0.004630701561821083	0.004735818977554268	0.004763222829844448	0.00468295885025045	0.00451495669230296
126	0.0046564399644159265	0.00489506168253923	0.005050001273819941	0.005108481547349277	0.00506421096372121	0.004928674855634234	0.004727965269224163
127	0.005103318011810218	0.005337541164889005	0.00546356794713487	0.005439542048837631	0.0053068961916503034	0.005127231482611955	0.004934079383669054
128	0.005579731372221793	0.005798717087816281	0.005841158762844545	0.005712226634090742	0.0054958638928691425	0.005310138266674365	0.005155976114856892
129	0.006079708342266232	0.006245346580976017	0.006160490494205323	0.005918447629004203	0.005664413266559867	0.005515664196534695	0.005390415528786791
130	0.006595142613225886	0.006648198220373547	0.006412774808721304	0.0060911894204221245	0.005858627654582497	0.005760241642365688	0.005622958008934873
131	0.007109254335845866	0.006993143342789674	0.0066143500341907194	0.006279747789128431	0.006110560935408663	0.0060277711487500135	0.005870163434322137
132	0.007605752662861949	0.007283337623969139	0.006818187804636926	0.006532380591334771	0.006418040384769082	0.006345530283171383	0.006185332925290558
133	0.008062819878996437	0.007534073348113759	0.007081647351176671	0.0068676929920685635	0.006812444706502063	0.006745187457462124	0.006620371613264191
134	0.00845460657277842	0.007781788577350345	0.007430909636958405	0.0073135598180190595	0.007312877560793309	0.007300989272595583	0.007213874053170076
135	0.008786290173253988	0.008104298043493672	0.007888433490396626	0.007887835979598011	0.007985273295109428	0.008025855486200682	0.007960030067425714
136	0.009093621308082568	0.008547982610089221	0.008476041144060854	0.008644070435843747	0.008828039628070829	0.008904165797895464	0.0088336293279296
137	0.009458545700959813	0.009149709565843624	0.009260788856368359	0.009574933579357767	0.009813511571880573	0.009849387564154512	0.00976673161094002
138	0.009973517714183783	0.009941837703397308	0.010252498524876181	0.01063969766251016	0.010828492598745165	0.010789809885090802	0.01069274899933109
139	0.010713645935354218	0.010970294839433367	0.011419237055793213	0.011728563543744961	0.01180609132699488	0.01168171414028003	0.011601707066357084
140	0.011776242032429995	0.012240240817544807	0.012658383585720974	0.012784400525236736	0.012728381588319248	0.012563278333512295	0.012562199513997414
141	0.013194880519061243	0.013673482171118462	0.01388829334404102	0.013805877112803091	0.013652822430755017	0.013514564748513515	0.013636617157020277
142	0.014965856078568525	0.015181394090446117	0.015093183120110104	0.014861906515546712	0.0146859520280351	0.01465265449253062	0.014862248785474142
143	0.01695989357147896	0.016695522868373454	0.01633704407273536	0.016093516236687748	0.015959846607703682	0.016010266891145583	0.016154309620193145
144	0.01904051222192943	0.018243407437816248	0.01779292562418921	0.01760056459454279	0.01752679247505355	0.017541454417582897	0.017470501377981094
145	0.021182430652647192	0.02003104053406277	0.019622401441828266	0.019479187041463234	0.019355077306294783	0.01910999384039207	0.01880509991914968
146	0.02346146936532113	0.022236882319865533	0.021938267168352035	0.02166345051002444	0.02129856941063676	0.02074310750779285	0.0203047932476509
147	0.026051879218128245	0.02499144070987547	0.02461536054752403	0.024112970871599273	0.023561887015957805	0.022750523337743318	0.022224649938206203
148	0.029129912859790132	0.028208677602701526	0.027678004504821028	0.02705310522593826	0.026496437646451453	0.025534436073757882	0.024850702522443063
149	0.03280350900730713	0.03192991671113498	0.031426114513284975	0.030904148502888022	0.03048522252730645	0.02940119322065324	0.02837526331813116
150	0.037326697785273553	0.03649048410183846	0.03637599428981213	0.0361072151406946	0.0355772638883914	0.03417045331947395	0.032670391423845146
151	0.04291660719546171	0.042442225261567705	0.04273946206435495	0.0423240807247581	0.041257230244099524	0.039348632741775656	0.03726930299491689
152	0.049992586414263525	0.0498648978604171	0.0501156959169643	0.048936902008192285	0.04697360070022227	0.0445070902012508	0.041936287988753616
153	0.05906633593067879	0.058449000171021184	0.05762928889559286	0.055237137625719954	0.05231201065265745	0.04937402044131809	0.04644402268379556
154	0.07026707623294016	0.06743058313241392	0.06485119612656244	0.061215500809067465	0.05738718433618793	0.05415004631738838	0.051138004824073914
155	0.08396008997222297	0.0770177014856909	0.07215677945608086	0.06749830944163933	0.06307365048527826	0.0596871578196554	0.05715702772147196
156	0.10023361034315759	0.08880490608266554	0.08191058524697617	0.07651014842312794	0.07169984492569319	0.06808567017595339	0.06575522169164082
157	0.1203630601753683	0.10562162885331625	0.09767632305535263	0.0918663095193574	0.08640744100566618	0.08216581946056281	0.07976602928610407
158	0.14891517381393612	0.1318830503611127	0.12301903644450589	0.11680234707378445	0.11045194653858857	0.10513551558427013	0.10224557127878908
159	0.1903619253974715	0.1737839555832737	0.16419262123884823	0.15712093892410414	0.14959102883734238	0.14231085053782883	0.1369737266440695
160	0.2517737776317405	0.23575225395463004	0.22493512145965222	0.21672358473117118	0.20762690596901967	0.19717820132604894	0.18823907939460413
161	0.34318766174313364	0.32720982089197426	0.3155897458394355	0.30608478706612535	0.2942845302409564	0.2789419434646176	0.26501361990249
162	0.46576423277579787	0.44549340823223293	0.4319591489557023	0.4207290281642116	0.40629377645491976	0.387148309516145	0.3712717412796063
163	0.6201877906785378	0.5942829433759413	0.5769568206496773	0.5633533481204797	0.5469378103897101	0.5267230748421863	0.5129174104772488
164	0.7855148710693556	0.7622651175478087	0.7460917523861399	0.7328489021529553	0.7169121975843143	0.6979167659522324	0.6864805792275658
165	0.9267253401861385	0.9155587175310993	0.9071922372899348	0.8994319163504557	0.88904146959741	0.8739344579050886	0.8613996200397745
166	1.	0.9999999999999999	1.	1.	1.	0.9942897057355239	0.9824622018154919
167	0.9806252403472895	0.977724636588516	0.9773103903060354	0.981350562358121	0.9917570836000184	1.	1.
168	0.8828204786294654	0.8672814638509481	0.8592358508530772	0.8610512858156572	0.8752578947073512	0.8943134168874872	0.9136935631142445
169	0.7405514826399314	0.7174039374915647	0.7056894871807995	0.7034287603655115	0.7142369653118628	0.7343304482739428	0.7654593785156003
170	0.5898095335838649	0.5688436886450049	0.559883784885734	0.5560437986199536	0.5612160994624766	0.5750036798824187	0.602210102555659
171	0.4513509288008357	0.43908187711010077	0.4360055562747966	0.433438358675517	0.4341994180903832	0.4399540730142268	0.45335100146913754
172	0.33268255574018657	0.3278875619459772	0.3289823922587712	0.3284492905613363	0.326831942601134	0.32637210568437564	0.3280506871231521
173	0.24062744932631358	0.24163095570773566	0.2453033423466974	0.24571357248772055	0.2425396842399359	0.23757045454845466	0.23246165317721368
174	0.17149182354168307	0.1754846894769568	0.1808312528209141	0.18157617886839875	0.1781701595119312	0.1713694189809531	0.16376278705164574
175	0.12627640384057034	0.1294148034036521	0.13375450023804233	0.13399647719149085	0.13086671147463652	0.1245717620853356	0.1172782965061359
176	0.09866358660250152	0.0994884626077498	0.10180379253525514	0.10144524353572312	0.0984411038636604	0.09312470808261912	0.08774114069586243
177	0.08273468653328617	0.08137153502499389	0.08145121117114894	0.0805486029418696	0.07766302372067421	0.07271976732071853	0.06840974415651488
178	0.07336274660670544	0.07090957774775594	0.06930863315241635	0.06781704591565145	0.06504886588001545	0.06069524660204784	0.056688068996916134
179	0.0660721576467867	0.06326185663367596	0.061104927066286875	0.059436788260056446	0.05704179415987463	0.05356616944093417	0.04972553652244192
180	0.058937432740338275	0.05641429849441449	0.05439455470089222	0.052821351644417466	0.051048688131566884	0.048783221621647326	0.045530365906314055
181	0.05161171602391951	0.04919859433423725	0.04775126137556758	0.04681951720900608	0.0458541962186718	0.04485161970323446	0.042699776109613403
182	0.044804206108390386	0.042186378098459605	0.04104376786948395	0.04079004214522593	0.04057848869737183	0.04082731169215515	0.040134894668507747
183	0.03930176257246166	0.036376878164990974	0.035151137143098976	0.035090771801054944	0.0351811349330534	0.03622843888970714	0.037013315095979
184	0.035241453441964415	0.032356106482885096	0.030747289586011632	0.030338938876233942	0.03025756706275442	0.03128226661964588	0.03295514654814859
185	0.032220780518727996	0.02979315819176983	0.027900607520721172	0.026925408810436063	0.026343936930997073	0.02671079195417307	0.02827592404720005
186	0.029665037127374373	0.027962682210819653	0.026092025827969687	0.02477031332828471	0.023715277372815823	0.023246521030729293	0.023965026280688483
187	0.027221606908523748	0.026261623996788087	0.024793439845216973	0.023367747195588196	0.022069495033014534	0.02108376397520271	0.02083892137891451
188	0.024698976151781717	0.024332694447798533	0.023469546512733832	0.022316075591304538	0.02100829083952222	0.019854748644615054	0.019027531931520472
189	0.021968518864159754	0.022078512910817236	0.021828463145584003	0.021161777507111297	0.020121146936304575	0.019025741604124874	0.018051746226451684
190	0.019149088434099883	0.019577234000475015	0.019815651844164332	0.019704699837456926	0.019085070369193335	0.01821816378608147	0.01733189839594294
191	0.016369436346940852	0.01695754382945937	0.01754712673048784	0.017876099165121454	0.017737939960428512	0.017187843083164442	0.016501995704048117
192	0.013786164804567782	0.014369992533763443	0.015205617832662782	0.015846354310648292	0.016079941002477137	0.01587640959538913	0.015405075721380286
193	0.011547386056544645	0.012019851750540914	0.012911245606430054	0.01376056396179819	0.014263045131793304	0.014385285635768227	0.014119182676716354
194	0.009750540363127844	0.01009677220224939	0.010871566467439812	0.011730888358500613	0.012414512770949447	0.01280132077554489	0.012793819362304054
195	0.008437067161634391	0.008620678368760739	0.009199696959772203	0.00992575037423243	0.010635607390160224	0.011215135035188365	0.011477104277022622
196	0.007548390196383926	0.007543933296147025	0.0079284061221432	0.008435847612338529	0.009056286080437433	0.009695024010094845	0.010163586036411923
197	0.006915819067138941	0.006761988823140127	0.006971907334140027	0.007290422779692811	0.007750420384759752	0.008326768098304016	0.008898824024573645
198	0.006405277075647427	0.0061684722086438265	0.006235892120267151	0.0064098625942006675	0.006722401769108335	0.0071614632455352725	0.007736143159333104
199	0.005919771849575221	0.005685467021479832	0.005655762488566859	0.005715652488357088	0.00591834113186252	0.006193110214387511	0.006704548927000961
200	0.005418778361927204	0.005233190036973148	0.005171024154767809	0.0051638861249904055	0.005274987320757951	0.005421456242028813	0.005808325543302894
201	0.004891231532862085	0.004782658003445884	0.004741963979997182	0.004699158735612129	0.0047566156808302755	0.004814388543226689	0.005064536025273087
202	0.004358832381300913	0.004321829006356664	0.004325789625029894	0.004303249569638038	0.0043257670029766505	0.004341304838575425	0.004481518266689487
203	0.0038587062369656844	0.0038726433644447546	0.003916486046494706	0.003934210067468564	0.003959733314641585	0.0039669226606885545	0.004026482204472038
204	0.00342074924906671	0.003458635698576769	0.003522712488090125	0.0035776395301379067	0.0036336424201879295	0.0036560730028993805	0.003668555938738455
205	0.003036690565667744	0.003092954860622633	0.003164744118300529	0.003227112097305654	0.0033250586608072324	0.003380737564974413	0.0033844970255235284
206	0.002696904773553035	0.0027615950036323444	0.002850219240377256	0.002900680441077731	0.0030219704978299957	0.0031186735421032327	0.003139184529176303
207	0.002396449707159248	0.0024589625143339178	0.002570214893994274	0.002613087030915736	0.0027314082089982404	0.0028589515338869943	0.0029195461509715
208	0.0021472511539122655	0.0021901712471533077	0.002313050587811854	0.0023649259645426644	0.0024651301447308665	0.0025974948584490416	0.0027065990114365974
209	0.0019561928939157624	0.001965801534773297	0.002075955448512564	0.002138045199291816	0.0022352641109012862	0.0023462100950704646	0.002492854570117366
210	0.0018212480993706974	0.0017870332514817002	0.0018685991542858407	0.0019234962187905178	0.00203324189333253	0.002124052764154179	0.0022753881289772292
211	0.0017240575052629643	0.0016532347732238337	0.0016945952569520537	0.0017278005832829847	0.0018447140530753652	0.0019346174632270947	0.0020627564179764198
212	0.0016397435385787202	0.001555907137021503	0.0015569390799066174	0.0015617798122065606	0.001665522475027434	0.0017647552384915893	0.0018666903880890109
213	0.001549645306855388	0.0014781799331181535	0.0014516290758625576	0.0014280483658957658	0.0015044876252672012	0.0016009502434207346	0.0016944811411223725
214	0.0014501136733712197	0.0014015725616011317	0.0013702143466336998	0.0013254304328433018	0.0013686228429997849	0.001443931925421218	0.0015410459815824254
215	0.0013466808834210274	0.0013186943474145358	0.001301273103123114	0.0012476990325104194	0.0012616151579322127	0.0013036456148887187	0.0014006441303742905
216	0.0012469831012903317	0.001231793048842874	0.001232843636585308	0.0011878552477149848	0.001180207474240471	0.0011875128850969826	0.0012695061325268418
217	0.001156533202746948	0.0011479359917559626	0.0011603790118229823	0.0011351411908432085	0.0011184885147121986	0.0010996369847015794	0.0011510104576985102
218	0.0010780914667871267	0.0010704748094515803	0.0010871483712945379	0.0010820020610501655	0.0010691823045365229	0.0010357855535497481	0.0010544729257683497
219	0.0010103212354566006	0.0009998245164461854	0.0010190895320811263	0.0010247334723712388	0.0010253357095729135	0.0009903013019405787	0.000981297863067054
220	0.0009480429284192973	0.0009356852167014963	0.0009574753265945544	0.0009659254933459631	0.0009816969323309676	0.0009552232940547161	0.0009301020619571578
221	0.0008873114368888973	0.0008787710723429963	0.0009007812662785873	0.0009099009970777248	0.0009356176765478135	0.0009246041466614275	0.0008935353112511583
222	0.0008260480389791568	0.000826901446850207	0.0008484227205279031	0.00085842837938708	0.000888110008538667	0.0008935519141765728	0.0008665267989973691
223	0.000765263825770375	0.0007771850600586509	0.0008006188351699956	0.0008107207037012717	0.0008417135636360754	0.0008588111755635379	0.0008445863868442155
224	0.0007085088268898165	0.0007281254478211732	0.0007574503099662188	0.0007661416756522724	0.000798242722892677	0.0008213408529147106	0.0008235356293549227
225	0.0006589239193284252	0.0006806644324744059	0.0007152981651883821	0.0007243579001177827	0.0007569973108549074	0.0007831775113620948	0.0007990877173587587
226	0.000618524279237122	0.0006363309842267219	0.0006729892285141435	0.0006851331609384889	0.0007172546040733964	0.0007462256806262477	0.0007694302057616855
227	0.0005857582208156365	0.0005963075374200878	0.0006306995046573739	0.0006477216654810841	0.0006794820061509074	0.0007106949234317667	0.0007358317797530877
228	0.0005589347524604237	0.0005618402036077729	0.0005906146780154357	0.00061149905281291	0.0006446029125233499	0.0006760250253991961	0.0007013054079826787
229	0.000535650047730057	0.0005333743172600004	0.0005546113230721022	0.000576112655272099	0.0006126646335367521	0.000642551414834677	0.0006685173430784303
230	0.0005133102491632273	0.0005099899872115598	0.0005224863482635069	0.0005421062506071876	0.0005824890528009187	0.0006098502126426155	0.0006382894918045857
231	0.0004914820075487892	0.000490043013895539	0.0004951520789903527	0.000510743114277251	0.0005527708773087475	0.0005788403857852154	0.0006093387961650717
232	0.0004707191526385424	0.0004706085560339806	0.00047240712529398384	0.00048265757229746153	0.0005232650640960189	0.0005489991348142896	0.0005809703753580504
233	0.0004525095871911522	0.0004506862569032756	0.0004538029497613247	0.0004577560990517308	0.0004943218094055962	0.0005199672647318061	0.0005532654113484755
234	0.0004368420766231466	0.00043061802572061364	0.00043780548202754373	0.0004361586327803325	0.0004667410092945156	0.000491117090780678	0.0005271264519630506
235	0.00042232462044637425	0.00041229484071335105	0.00042184593528963167	0.00041803901534549396	0.0004409597984678662	0.00046293254429327586	0.0005019271316021645
236	0.0004076136286674275	0.0003973064179172415	0.00040542956061676976	0.0004031817991224236	0.00041793634604532536	0.00043688436923715405	0.00047645275778969047
237	0.0003921443526602496	0.00038565063377999997	0.00038906270810265824	0.0003899476822974284	0.00039852475687419183	0.00041339150905160077	0.0004505053311354126
238	0.0003768580089660636	0.0003759696732307097	0.00037449709697449446	0.00037667257455379765	0.00038306859429562717	0.0003923520082957569	0.00042472113150922194
239	0.0003628161757647569	0.0003660365326676867	0.0003628172728627617	0.0003629240999378025	0.00037097240115317205	0.0003735380812646844	0.00040030780994261404
240	0.0003501195663475022	0.0003541809599424112	0.0003534983489276932	0.00034978805091949444	0.00036029341528871165	0.0003571027136680631	0.000377454219180591
241	0.0003382230828298613	0.00034095268455011624	0.0003453134931961189	0.00033871004553466766	0.0003489072682540102	0.0003435187839617675	0.0003569731739643682
242	0.00032648669454805705	0.0003280238739485763	0.00033659980308016675	0.00033066463664341327	0.00033658818837755273	0.00033261964828439327	0.00033938440467627266
243	0.00031490975153540876	0.0003174062822238456	0.00032671370680559573	0.0003248043462729121	0.0003245826430763072	0.00032395059184428554	0.00032524979629632657
244	0.00030354746188229016	0.0003090891587359484	0.00031602782788478403	0.00031966578553215333	0.00031450780459721633	0.00031604993241536323	0.00031464992977109303
245	0.00029213477334246493	0.00030148700980956404	0.0003054888517222882	0.00031315083857117837	0.0003070644249740876	0.0003083601869919822	0.0003069971719566511
246	0.00028059360177383306	0.0002927956146405842	0.00029632440017132814	0.00030472514811011753	0.00030152605779536397	0.0003011126324610757	0.0003013491998845508
247	0.00026930733944827736	0.000282527668457993	0.00028873021008773617	0.0002948674089507071	0.0002969693472937183	0.00029510240990041173	0.0002958911888580822
248	0.00025872019454837425	0.00027156984875915485	0.0002821570949384496	0.00028465721881671855	0.00029205854862244894	0.0002904094191526281	0.00028979052137620285
249	0.00024908306134698716	0.0002609100828922882	0.00027575702292500674	0.00027526358578105326	0.00028611661022889036	0.0002864681960852769	0.0002833169578397869
250	0.0002399623794310891	0.00025092713557270683	0.00026871578187364075	0.00026737448633877765	0.00027867128028637904	0.0002825331253482477	0.0002774695430058688
251	0.00023137557918788453	0.00024210176345818544	0.0002605448785271617	0.00026075411928103885	0.0002700627792832616	0.00027778665319445726	0.00027261354175488146
252	0.00022352502506324843	0.00023419786761029167	0.00025126283284361073	0.0002545473973437005	0.0002614152594571469	0.00027201973866982255	0.0002688146713774256
253	0.00021671113288358897	0.000226821931742381	0.0002414336868250461	0.0002478018914757184	0.00025406317848746294	0.00026535066762341654	0.0002658370496606393
254	0.0002106626893366093	0.00021926394476606383	0.00023210848417726395	0.00024057885022442287	0.0002483960648961952	0.00025813076812160996	0.0002628918435851329
255	0.00020504528605765288	0.0002115966225443945	0.0002238550040533644	0.00023296126433104567	0.00024350847793096648	0.0002508012030574086	0.00025882476954155624
256	0.0001995244759206359	0.0002041306368632885	0.00021665467563824163	0.00022508737044350303	0.00023833341684007577	0.0002435932068824963	0.0002533676181168156
257	0.00019395817195230685	0.00019749644497868988	0.00020984086825054927	0.00021721167931217512	0.0002322394489401275	0.00023670916955816914	0.00024677471120468033
258	0.0001885032816594959	0.00019175170000959533	0.00020295192432386453	0.000209785767632869	0.00022518849654201486	0.0002296993751871318	0.0002396683958433759
259	0.00018331146007968626	0.00018673468343597088	0.00019577544656968466	0.00020324005103259187	0.00021731352578129379	0.00022218940847726885	0.00023233298512213046
260	0.00017826494312810673	0.00018189914475216182	0.00018879621836765694	0.00019767580226110962	0.0002090973960080141	0.00021437461855531326	0.0002251165527755468
261	0.00017287262281547852	0.00017690747831364552	0.0001826468111401006	0.00019275966917960014	0.00020144847551107096	0.00020688332938255044	0.00021839918111945774
262	0.00016672767667517545	0.0001717352579889342	0.000177692866156869	0.00018788093993452032	0.00019473056625897	0.00020003341016492247	0.00021205896440052734
263	0.00016007174279100852	0.00016680877107308695	0.00017372077000426996	0.00018277843103819622	0.00018887518755988117	0.0001937168710559715	0.00020573776720503743
264	0.00015340361407803886	0.00016229694855921764	0.00017014550814050457	0.00017790615464654302	0.00018333095341235982	0.00018768457660288214	0.00019951290374853803
265	0.00014718633847407342	0.00015797935473587014	0.0001665038362886979	0.0001737718136156187	0.00017759862305238627	0.00018202258290784442	0.00019383256490031593
266	0.00014184571989680215	0.00015339389577911415	0.00016264160160372185	0.00017045222277787907	0.00017155756658832538	0.00017683528330880973	0.0001889466890817899
267	0.00013759984884473975	0.00014848348234595556	0.00015867523991479443	0.00016753903223446396	0.00016570299914452918	0.00017243033117122272	0.000184407725841551
268	0.00013438186732188444	0.00014365775273313973	0.00015450288065342927	0.0001645094254945775	0.0001607432666941096	0.00016870388651354842	0.00017988096883945074
269	0.00013189392784113965	0.00013939107998191776	0.00015006176907130637	0.00016116391382279505	0.00015704720269525576	0.00016534717329690408	0.00017540924013375835
270	0.0001299871751500531	0.00013575195634851756	0.00014540539865368294	0.00015753024634378661	0.00015454186462640043	0.00016209427688217216	0.00017131510969849937
271	0.00012873006996654243	0.00013265265419154594	0.00014087599767561288	0.00015385004843158982	0.0001527235783662852	0.00015913134559350506	0.00016769813368915646
272	0.00012823179100048215	0.00013007281366094934	0.00013676980032507403	0.00015005560520177158	0.00015115055431648894	0.00015692199653950011	0.0001641079586739404
273	0.0001282941580404321	0.00012794185941353392	0.00013315859813151678	0.0001460145651838364	0.00014949044339426483	0.00015546613468818933	0.00016018859439201395
274	0.00012844202110004187	0.00012597946479865109	0.00012988751169047336	0.00014149730423907586	0.00014766380112590034	0.00015431003286846132	0.00015616403864652565
275	0.00012823448133433913	0.00012401792346817625	0.0001267161280444083	0.00013663168898424955	0.00014567723370656867	0.00015309789893865882	0.0001528469680824763
276	0.00012733607855238592	0.00012236915103577297	0.00012371587965680033	0.0001316984760408316	0.00014344546876691772	0.00015165315753393378	0.00015072477872700752
277	0.0001256408434459114	0.000121300541000784	0.00012103282944268691	0.00012710490760508008	0.00014097608639388365	0.00014995111129138412	0.00014962346386958978
278	0.00012327495187557677	0.00012077141028486343	0.00011885650291478656	0.00012318695489493982	0.0001380625058733152	0.00014783738365247852	0.00014868545418237562
279	0.00012041427695499738	0.00012019671825491868	0.00011728444283598646	0.00011985521946082318	0.00013477141181577438	0.00014538497985013224	0.00014742189118966808
280	0.00011714436386369201	0.00011913056931509538	0.00011625385865865561	0.0001169819839825491	0.00013111363002863067	0.00014251525615569484	0.00014575326691966845
281	0.00011341289984265683	0.00011738976062818316	0.00011560843068839286	0.0001145176677223359	0.0001272040709253002	0.00013914254987958387	0.0001437454837628077
282	0.00010939320942725931	0.00011521736438519479	0.00011510715281766498	0.00011258814536251159	0.00012329975526208166	0.00013516376195753856	0.00014165049575557128
283	0.00010538993106399995	0.00011291311279812222	0.0001146146625520533	0.00011129944197195115	0.00011959020004446886	0.00013067357277942593	0.0001395300603175268
284	0.00010175036642077997	0.0001105698218697426	0.00011409368508408928	0.0001107463113596115	0.00011632807588720775	0.00012582359643291305	0.00013740951248608223
285	0.00009864485253452986	0.00010809049682581168	0.00011344663129615448	0.00011090902951274525	0.00011361750986624939	0.00012076808191588357	0.00013511871606898128
286	0.0000961874589385142	0.00010542643346644994	0.00011254820006254355	0.00011168106350975097	0.00011129263520212048	0.0001159001966402392	0.0001324248936906861
287	0.00009448170913180963	0.00010260669169024908	0.00011136443097499273	0.0001127485567090611	0.00010919636694830966	0.00011161155730243754	0.00012923739722435905
288	0.00009354138242970542	0.00009986225174232877	0.0001099383326853852	0.00011383997835844586	0.00010725475555225286	0.0001082230283886112	0.00012540810340002308
289	0.00009322458686560714	0.0000973203317961013	0.00010823091159145602	0.00011460347921998174	0.0001056769908699696	0.00010577145614529118	0.0001212084965819999
290	0.00009331998656141308	0.00009530041744728121	0.00010609398421639929	0.0001147640333617519	0.00010462581382814286	0.00010408274633638021	0.00011703281441966699
291	0.0000936608177555544	0.00009390386974728926	0.0001035373774280435	0.0001142673981190165	0.00010413198014659881	0.00010307042978372169	0.0001133334511047459
292	0.00009421205763234064	0.00009307777289057592	0.00010081940511380035	0.00011323196040245486	0.00010413072200857571	0.00010254228062674905	0.00011039347811956199
293	0.00009499854102288327	0.00009259162990083774	0.00009831861001175509	0.00011177437628145039	0.00010447930229419276	0.0001025395181855935	0.000108112530607977
294	0.00009587683271971233	0.00009230784894294721	0.00009619581675979171	0.00010995370744819326	0.00010498058179430658	0.00010311559198929335	0.00010630632815355818
295	0.00009653375244354982	0.00009213965109879995	0.00009434593907159976	0.00010766068257320256	0.00010532101732666868	0.0001042650627203606	0.00010461698968050824
296	0.00009667105447850264	0.00009200030858981939	0.0000928118018435903	0.00010491865165185491	0.00010533589804337108	0.0001058918222143273	0.00010296625856863307
297	0.00009621834417326521	0.00009186874071186779	0.00009175001342651265	0.00010167776383638772	0.00010513272952767057	0.00010770562563637365	0.0001015798834601082
298	0.00009532920359208454	0.0000917272699011847	0.00009126651877269352	0.0000981276900296967	0.00010491793502666507	0.00010940794976918182	0.0001007626320026053
299	0.00009407656739073727	0.00009150829869539207	0.00009123267642281518	0.00009457609356260853	0.00010468975863096309	0.00011063583311244597	0.00010078489726319282
300	0.00009251575356146132	0.00009101611426442885	0.00009139255476258039	0.00009134332530093535	0.00010416466621742303	0.00011116578315466282	0.00010152132647495305
301	0.00009063713644918112	0.00009018245108484236	0.00009156862724582593	0.00008868733707880322	0.00010312010094038635	0.00011095583336083157	0.00010273757310360005
302	0.00008849827618590965	0.00008904796385648517	0.00009153516923509504	0.00008666038282103607	0.00010152562143338166	0.00011005341074057566	0.00010415406204771792
303	0.000086210906405405	0.00008774531662335528	0.00009123790277441903	0.00008533722914581924	0.00009953444863943828	0.00010858980553308197	0.0001055537307068364
304	0.0000839615677375674	0.00008646678074144962	0.00009074862774096864	0.00008461213523265527	0.00009738345633383433	0.000106630939859987	0.0001067338137569829
305	0.00008202625715774119	0.00008542778134505205	0.00009021942829759082	0.0000843709604445143	0.00009526947465234327	0.00010436674312885134	0.00010746479997433721
306	0.0000804890926853222	0.000084662546680103	0.00008970609493357206	0.00008457007251820173	0.00009335855736280586	0.00010188505005975132	0.0001076268782734131
307	0.00007935228202405094	0.00008410880136226565	0.00008915860692741583	0.00008515291556246266	0.00009168822550247606	0.00009926960978307485	0.00010728640594907869
308	0.00007863754014030024	0.00008364272060833048	0.00008853863745488087	0.00008610205825476238	0.00009026116286197797	0.0000965785934645834	0.00010657611516852695
309	0.00007839590690034898	0.00008341614623697362	0.00008773122650387848	0.0000872853830982404	0.00008911667986106941	0.00009385674785590622	0.00010563112316224399
310	0.00007867640886711095	0.00008328287943093315	0.0000866728072745046	0.00008857351412126378	0.00008822920179732684	0.00009116656332421882	0.00010450187123522788
311	0.0000792949648994578	0.0000831429795037571	0.00008540592678009421	0.00008988517440729847	0.00008753270732942077	0.0000885699978105206	0.00010312041262939115
312	0.00008007993314121983	0.00008280230700890034	0.00008406936312863427	0.00009098144839753383	0.00008690654064308144	0.00008618085615381275	0.00010140601866792742
313	0.00008086134374940105	0.00008241119093503525	0.00008283021727788586	0.00009153977785792559	0.00008634372509797518	0.00008419625057498469	0.00009928515734970634
314	0.0000815309239231422	0.00008201345317180109	0.00008180222960180473	0.0000912903244149949	0.00008602000903490967	0.00008272445187243001	0.00009690741750801157
315	0.00008192054343910597	0.00008160967784016872	0.00008101104676404067	0.00009018617785907489	0.00008600482820117618	0.00008207538517417974	0.00009451574653687981
316	0.00008190533449136734	0.00008110738105616299	0.00008041333914128395	0.00008848125024866189	0.00008615041661951137	0.00008240177474952857	0.00009233056066388471
317	0.0000814862114153664	0.00008058159872687336	0.0000800327827693082	0.0000864334494390607	0.00008625398935242152	0.00008380080353215384	0.00009051093130790398
318	0.00008075394997289529	0.00008008171541724746	0.00008006319140565825	0.0000842667025746807	0.00008626547140770622	0.00008578284784280926	0.00008901326766718988
319	0.00007982512232635804	0.00007972567092379134	0.00008064618567222696	0.00008202537319434515	0.00008619182387218115	0.00008778015868731341	0.00008780642885345429
320	0.00007881685815040963	0.00007957206625534555	0.0000815322756548629	0.00007979586637385938	0.0000860100392298002	0.0000893620000716706	0.00008691122620897543
321	0.00007780973046240293	0.00007965796545973043	0.00008227088358462604	0.00007776741094565084	0.00008559644503667674	0.0000905644441278035	0.00008643616787144988
322	0.00007683817757945141	0.00007980268848074094	0.00008255414530953115	0.00007607541139229667	0.00008508197161627221	0.00009164341516514052	0.0000865721022256615
323	0.0000758644705330405	0.00007985722117441765	0.00008239123811945989	0.00007492957584133455	0.00008458927233429428	0.00009274162429352649	0.00008715398632488733
324	0.00007488351291667335	0.00007968889832352105	0.00008195978151046358	0.00007437903450819956	0.00008428021248758991	0.0000937003761823616	0.00008762798963114188
325	0.0000740041491818573	0.0000793682417011983	0.00008141802090197102	0.00007427417205838027	0.00008412809183036909	0.00009436839764081757	0.00008745024395819826
326	0.00007329772458699442	0.00007891000137015174	0.00008103169591135913	0.00007446980866760705	0.00008398444962738369	0.00009436283128782716	0.0000866383699044319
327	0.00007275250476308438	0.00007847121633242188	0.00008103836457858816	0.00007488535276738162	0.0000837287401446851	0.00009347059187988244	0.00008565806830913954
328	0.00007237894567420377	0.00007811544124196413	0.00008154626695040213	0.00007563449461413085	0.00008325877621471796	0.00009157934297405913	0.00008469508994942644
329	0.0000721815452085994	0.000077818943405359	0.00008236461094621328	0.00007665094372333386	0.00008251066631162791	0.00008900565963063912	0.0000835763329861096
330	0.00007225241816012501	0.00007751943664205427	0.00008299708557594769	0.00007783139901374786	0.00008149593749869642	0.00008620381028699455	0.00008234630364601621
331	0.00007263347686824734	0.00007714458820350814	0.00008297511658372005	0.00007922845905657466	0.00008019952510370989	0.000083610601122104	0.00008132348571761734
