pixel,900A,950A,1000A,1050A,1100A,1150A,1200A
1	0.00008189348770602166	0.0000765282969829652	0.00011092683227402674	0.00019434609427481462	0.00027155224377495193	0.00035278883848658863	0.0003986838909134313
2	0.00008253181962957782	0.00007666763069420068	0.0001122614028871346	0.000193825806705343	0.00026984301541825085	0.0003593107111514057	0.00039698905728410096
3	0.00008275775709874383	0.0000766415226333208	0.00011331303217919163	0.00019384032086635996	0.0002694487069525939	0.0003638501718076867	0.00039334446975993674
4	0.00008250294126656711	0.00007657918252629444	0.00011418398066280717	0.00019429933269745587	0.0002702148095240379	0.00036582831212981636	0.0003900395954459391
5	0.00008205381607289869	0.00007654913898851056	0.0001152947365309059	0.00019486920918002797	0.0002719987541522958	0.00036550161105922444	0.00038890434744244713
6	0.00008170893717972198	0.00007655282294079206	0.00011652515445882713	0.00019515523595856106	0.00027480581686424815	0.00036435630631467293	0.00038957618691024
7	0.00008163067094621227	0.00007664031269134127	0.00011755272439486472	0.00019524435284672134	0.0002785348986999888	0.0003630474751665232	0.0003902150498017609
8	0.00008192004396027607	0.00007696653161288806	0.00011812405203682431	0.00019556580192704785	0.0002831337535548788	0.00036126665710276164	0.0003898244631797202
9	0.00008255728614571001	0.00007749429245192841	0.00011821599624007735	0.00019578137427809906	0.00028876178098450635	0.0003584665085089858	0.0003890313469933298
10	0.00008347179069576701	0.00007807872226343662	0.00011810047878933691	0.00019547684292564233	0.00029501770835496503	0.00035436251960949307	0.0003892826742609948
11	0.00008449149765570442	0.00007849936899231883	0.00011787260038054634	0.0001946515738316117	0.0003008691925223026	0.0003494155891606837	0.0003916325936566534
12	0.00008560405858941118	0.0000788942817060694	0.00011773655036947532	0.00019416013027787778	0.0003051552317463267	0.0003441562783463074	0.00039541189987618786
13	0.00008684596219007397	0.00007943948933329469	0.00011777710502740446	0.00019482349339982263	0.0003073265783026872	0.00033941273737285395	0.0003993523195601805
14	0.00008825231248169964	0.00008027928542664648	0.00011800073316581317	0.00019681516984696964	0.00030762661731149394	0.00033575623999352255	0.00040204516318652974
15	0.00008966943188470965	0.00008128907068216428	0.00011839997490161259	0.0001998720466024003	0.00030664076179056233	0.0003339651514437435	0.00040364597246590967
16	0.00009083736350802529	0.00008241063925359863	0.00011903729110537286	0.00020365901720163372	0.00030435886060329535	0.00033422289470923786	0.0004048289426798098
17	0.00009148012797953243	0.00008376486718724663	0.00011972238977435658	0.00020761902372694	0.0003006776664063618	0.00033655945813762934	0.00040636423925102084
18	0.00009147736542944132	0.00008553499640703828	0.00012017018188250505	0.00021104468118147643	0.00029548758390594496	0.00034047221865288863	0.00040842108664990227
19	0.00009095513296203162	0.0000876072979193367	0.00012056231731289988	0.00021320036277818407	0.0002894447225267183	0.0003453982214838068	0.00041107835771461693
20	0.0000902057769421052	0.00008957457980347831	0.00012168991045902064	0.00021379330106738713	0.00028360704197442167	0.0003513462916632965	0.0004146819985242213
21	0.00008950898984026791	0.00009112707691412571	0.00012401585842525766	0.00021305515459890909	0.00027913756822970227	0.0003585721226693134	0.00041907696680579997
22	0.00008905846948099712	0.00009232942656614303	0.00012727386542450532	0.00021168068216405412	0.0002770923002571525	0.00036690437379324824	0.0004238812359174719
23	0.00008893536098428419	0.00009339349867118595	0.00013053571109597131	0.00021005719859223409	0.000277797836177629	0.00037496062214288097	0.00042859782720508055
24	0.00008914990192291513	0.00009446962906862684	0.0001328754066576122	0.0002083225759743869	0.0002807205316547458	0.00038117700854055066	0.0004338494812103366
25	0.0000897129808700241	0.00009545354358872676	0.00013388654985128012	0.0002067740708403469	0.00028521776350281207	0.0003851803622408489	0.0004399261647418542
26	0.00009075125373461744	0.00009633251863039277	0.0001337758592432564	0.00020615493998589417	0.00029062128540677094	0.0003881238113981296	0.0004464909439498647
27	0.00009230381118456452	0.00009713942292057266	0.0001330099284386477	0.0002066170523851942	0.0002969326629661261	0.00039130071691574056	0.000452258820006868
28	0.00009428525368052953	0.00009794278619292611	0.0001322696796537943	0.00020773843251011443	0.00030352702065020393	0.0003943241712197149	0.00045689547975225205
29	0.00009647769425026122	0.00009869181394220371	0.0001318826295450864	0.000208999792914012	0.0003095992288066593	0.0003961543725984133	0.00046093132456498316
30	0.00009870654025660131	0.0000993170470243313	0.00013195340384809223	0.00021040559335818088	0.0003147614896120456	0.00039629112610129396	0.00046511196092730695
31	0.0001008010371522928	0.000099679681320054	0.0001324276341724986	0.0002120037138507575	0.0003185550326660539	0.0003955447369800973	0.0004701316136110613
32	0.00010254562503565203	0.00009969416090037008	0.0001331990415875558	0.0002137901349911586	0.00032104268990244475	0.0003950594719382749	0.0004761835222076051
33	0.00010383389811950758	0.00009936356822379024	0.00013415063954507806	0.0002159939228771352	0.0003217548846970177	0.00039568992563776605	0.0004835484413968635
34	0.00010486136641756582	0.00009883630849992465	0.00013531458561084867	0.00021878572027426838	0.0003213032763644731	0.0003980141408608196	0.0004919873639735161
35	0.00010597403282521424	0.00009834955267931119	0.00013669492911543365	0.00022189820296579412	0.00032122772808927755	0.00040252777294965005	0.0005007293503823691
36	0.00010741010632757968	0.00009805718909596259	0.0001383824838005565	0.00022489268194237242	0.00032243265695862275	0.0004089966219452361	0.0005096856905022481
37	0.00010896172227955144	0.00009806077354872499	0.00014022146368263582	0.00022757732420130834	0.00032517672045705067	0.00041711670068640054	0.0005185795578811667
38	0.00011019364896709532	0.00009844953862075797	0.00014179665427538438	0.0002301676466924936	0.00032837738821142745	0.00042677720143236063	0.0005279410261202581
39	0.00011075309019289459	0.00009914378001199028	0.00014262805426475488	0.000232557926482633	0.00033191235770747536	0.00043793013914379957	0.0005371241132190747
40	0.00011061551153431458	0.00009992623330648998	0.0001428528808996769	0.00023486108737257635	0.00033649265442511737	0.00045045096261464004	0.0005456050098335139
41	0.00011007988002500107	0.00010048309795685226	0.00014298027426649698	0.00023724105260624668	0.00034239992363277715	0.000463392365126204	0.0005527613788475501
42	0.00010947932951493847	0.00010088237937334865	0.00014338778220116772	0.0002404082070124532	0.0003499153048453572	0.0004757070313616032	0.0005595158920292842
43	0.00010909246048059105	0.00010144477737014573	0.00014413940341706787	0.0002445264532019596	0.000358487339118213	0.00048658457347752597	0.0005674451502350169
44	0.00010913003425843721	0.0001024068231859538	0.0001451088323991798	0.0002494360726059704	0.000368146109293135	0.0004960037918438608	0.0005783689558499847
45	0.00010981810023163522	0.00010361141964685437	0.00014643699199393714	0.0002550924654400386	0.0003789287237636739	0.0005045554148187347	0.0005927056096797843
46	0.00011125500395363903	0.00010465494646482075	0.0001483327568004367	0.0002615166611322472	0.0003901335877830571	0.0005127892922752145	0.0006097861711892006
47	0.00011305581203136379	0.00010531592204585783	0.00015063143841636853	0.00026839074879612815	0.00040116302801733065	0.0005211025337802683	0.0006278238100825291
48	0.00011462250458430362	0.0001057773485871932	0.0001530848075135109	0.00027477347473217037	0.00041125949428706183	0.000529067086334469	0.0006452540775783563
49	0.00011549563075047898	0.00010635094167348856	0.0001554230356122243	0.00028033629288643554	0.0004207714181535434	0.0005362248311232363	0.0006610448697172163
50	0.00011577281362005501	0.00010715484163405933	0.00015753190960799803	0.00028536275332221076	0.0004306351403012643	0.0005427371709248767	0.0006756396728979652
51	0.00011596962857687363	0.00010810947615434832	0.0001595352838222489	0.00029036557191735316	0.00044152843357356166	0.0005496502614935173	0.0006903972422484129
52	0.00011654208817795182	0.00010926020401520242	0.0001619219370774299	0.0002952026882271499	0.00045270207375448904	0.000558073979840945	0.0007073418241496629
53	0.00011761240423605529	0.00011085234352129568	0.0001650979095491458	0.00030006534859645153	0.00046219805044272485	0.0005687414243505451	0.0007278137379563954
54	0.0001190752649383193	0.00011302161075152992	0.00016928215223784655	0.00030513253342160295	0.0004691170653281806	0.0005821017906563178	0.000751926121556145
55	0.00012085668016261636	0.00011561313505143498	0.00017425456164577025	0.0003106829882412518	0.00047406520313111395	0.0005988142226677665	0.0007773104130320923
56	0.00012309992843567182	0.00011842157987590193	0.0001795746283240988	0.0003164508120540117	0.0004783843749279452	0.0006186902775226765	0.0008022940376765523
57	0.0001259464512992004	0.00012134333912323053	0.00018495046313622102	0.00032240332918821263	0.00048281104414760103	0.0006413010908608209	0.0008255397695813091
58	0.00012923905749643067	0.00012436351790354636	0.00019024452473998546	0.0003282685370293683	0.00048807348860413415	0.0006666892417351335	0.0008464833140649843
59	0.00013258638241608458	0.00012717996036352652	0.00019537656245679932	0.0003339594230385533	0.0004962020531596883	0.0006955611591119024	0.0008639203587657004
60	0.00013566714024320012	0.00012955915695088267	0.00020038199531343062	0.00033936274716633917	0.0005085938786209044	0.0007280598704428861	0.0008783970662178206
61	0.00013857264650365354	0.00013174544291199206	0.00020491405106246344	0.00034471997876831396	0.0005257823462807787	0.0007618180115511424	0.000893243582186849
62	0.00014162724242642276	0.0001344442396862275	0.00020876391300022465	0.0003498592352412637	0.0005463436825241509	0.0007930305716690099	0.0009112101623073388
63	0.000145097685437909	0.00013814724417527278	0.00021211349367227506	0.00035508647167325054	0.0005697353523130114	0.0008191295973680298	0.0009322264989415402
64	0.0001487321570930614	0.0001426018094311266	0.00021532810835081978	0.0003608088347096639	0.0005958885891391782	0.0008395388493487227	0.0009528246076012455
65	0.00015189116421891201	0.00014713211704011603	0.00021856004019331373	0.0003677762639633021	0.0006245064925778221	0.0008557711150856836	0.0009706353234339027
66	0.00015415691406185726	0.00015144447521595644	0.00022178848094248793	0.000376686825353931	0.000654913425853378	0.0008705412162543579	0.0009865045347078219
67	0.00015558301767691895	0.00015585419075972762	0.0002248865494913142	0.00038798255162590575	0.0006847134657703629	0.0008874224617990362	0.0010041715455230862
68	0.00015672849669191668	0.00016073721673722747	0.00022823451691435345	0.0004022522228339262	0.000711516438098488	0.0009072994067026194	0.0010293320200770398
69	0.00015827439894191322	0.0001658870531139725	0.00023234262348226359	0.00041950471411460687	0.0007335741020026574	0.000929152892354583	0.0010651822544023
70	0.0001607208834335334	0.00017061062598626228	0.00023748997320045728	0.00043987262752218656	0.0007496460489374745	0.0009510525124198474	0.0011144827378889001
71	0.00016443834242829507	0.00017446450094490607	0.00024354724204044567	0.00046308626138653755	0.000761424236033215	0.0009719169139241028	0.0011785022232659653
72	0.00016953096649753	0.00017788944214371498	0.0002505522257757905	0.0004893226664877598	0.0007713654583116891	0.0009908312750225613	0.0012577145876799662
73	0.00017611226478473816	0.00018167152326673146	0.00025884371019954016	0.0005175855584421567	0.0007838373024710673	0.001008647751007733	0.0013506274936046245
74	0.00018434183490576773	0.00018606526418125496	0.0002690092495129778	0.0005461516483047064	0.0008016063004571217	0.0010285961085298285	0.0014544652624368347
75	0.00019448606855432753	0.00019047817127087417	0.0002812111502629089	0.0005713906923210104	0.0008242925384088113	0.001056124628091035	0.0015693538592513505
76	0.00020598573585837012	0.0001945606328936349	0.0002946505383538183	0.0005906745500175451	0.0008510816585368729	0.0010966620574602189	0.0016970998554015908
77	0.00021760230431550642	0.00019884842638500475	0.00030861559119002937	0.0006020994702947419	0.0008801719584940898	0.0011535195536172967	0.0018421438771516706
78	0.00022790111664710633	0.00020406981613706177	0.0003235198029485206	0.0006077512366519227	0.0009106905152141911	0.0012283277887725215	0.002004561213849038
79	0.00023601262202103447	0.00020991320198956393	0.00034005439353931676	0.0006119854413103805	0.0009415562488766572	0.0013217307974481224	0.002181567969118306
80	0.00024171203718647958	0.00021568239774152973	0.0003584847551661607	0.0006198927162895188	0.000973026519937146	0.0014345727104556644	0.0023728519621373716
81	0.0002451844833003709	0.00022168121495129938	0.0003778543514524751	0.0006339486909004374	0.001009783032414118	0.0015667471221984977	0.002584983468444613
82	0.000247348349893169	0.00022909323023183152	0.0003961480323378922	0.0006543514302526713	0.001057027608125445	0.0017167544984528613	0.002825762364322331
83	0.0002493001669711667	0.0002385396488987184	0.0004111619042507381	0.0006800987824009995	0.0011190494306053322	0.0018831535270433884	0.0030968315349931322
84	0.0002521326002797733	0.0002494512645652859	0.00042162930435531024	0.0007099490016423282	0.001195488329573755	0.0020658209081025713	0.0033949724229316147
85	0.00025642328636525007	0.00026131271403722944	0.00042905440890203956	0.0007423181469836816	0.001286825924994559	0.0022646363768477457	0.003718217683363427
86	0.0002626331347493285	0.00027471836927795405	0.0004371149358173422	0.0007772748502014343	0.0013962183976098796	0.0024770322549692346	0.004067685336252051
87	0.00027121387800026745	0.0002909178635101898	0.00044875583281601153	0.0008164150587200565	0.0015250630114540763	0.002701152579227771	0.00444018690020571
88	0.00028235806917073454	0.00031049908642596393	0.0004639746641620856	0.0008629791013223658	0.0016737897625539024	0.0029400825591513035	0.004827274398593098
89	0.00029622775923264613	0.00033204127653756806	0.00048184186037320925	0.0009191181626326487	0.001838184882411151	0.003202774652352298	0.005227342065253105
90	0.00031259376987660545	0.00035283141321399623	0.0005027296175511326	0.000986236571958371	0.0020137536372880805	0.003499875392193777	0.005652101806025255
91	0.000331412415078834	0.00037130852467661627	0.0005283439501353997	0.001062942270360002	0.002200062660605293	0.0038328056761885686	0.006122729508673832
92	0.00035296788108950055	0.0003882595821806017	0.0005613624567208861	0.0011475383638903385	0.0024004269184891777	0.004198544252937644	0.006655279023739196
93	0.00037748223797478924	0.0004056365259098862	0.0006031502359853316	0.0012398994183294351	0.0026166619239197126	0.004589286568267315	0.00724435443428769
94	0.000404564707181287	0.0004248709641686218	0.000652789934398223	0.0013429576048232317	0.002848405992783893	0.005001778106648834	0.007869611779337092
95	0.00043324922902319117	0.000446067909968147	0.000706017939966898	0.0014607369397841154	0.003099556031698292	0.005435856882382541	0.008522057812353469
96	0.00046227889596306724	0.00046929911393968826	0.0007578070461300284	0.0015947425688375904	0.003382716244181423	0.005895822365086113	0.009223214309712801
97	0.000490941005164962	0.0004939055172385064	0.0008059185618568919	0.0017462155695122704	0.0037092139041569154	0.006385933345219929	0.010007925311577332
98	0.0005190867772964948	0.0005189896884821536	0.0008536065476202634	0.0019152083828286098	0.004075320060792946	0.006920506233190852	0.010898507193258064
99	0.0005468165036347449	0.0005436007583729248	0.0009060417257159916	0.0021034881884413707	0.004465496349453749	0.0075089628254997745	0.011887982662155834
100	0.0005748101118893021	0.0005680821261895927	0.0009671779348917771	0.0023105145775219453	0.004869017033983063	0.008146869969120845	0.012942467844682948
101	0.0006036812606632028	0.000594513146598199	0.0010391962024123547	0.002538518772402993	0.005285799870127618	0.008826801278948422	0.014037265893884873
102	0.0006322117161240724	0.0006258782711981491	0.0011255601316344098	0.0027905408865985773	0.005721133688280957	0.009561461221947284	0.015163043412189802
103	0.0006579530457168609	0.0006654589578700921	0.0012307923042835184	0.00307445707535427	0.00617930443585481	0.0103874224099617	0.0162686548091697
104	0.0006797729694248363	0.0007149866866007004	0.0013565011105358391	0.003395428189051054	0.006669849371880621	0.011328440600122383	0.01721691939094029
105	0.0007005380955304017	0.000773689469987836	0.0015000742225497355	0.0037478055748487197	0.007199626827570518	0.012368483029232921	0.017842993724298407
106	0.0007254879189454406	0.0008400261318306422	0.0016599291663865743	0.004117460926092889	0.00777422469663484	0.013463153257257903	0.01806184612282482
107	0.0007598993510542861	0.0009144656933712182	0.0018378955666733742	0.004491096253905612	0.008396462798694625	0.014575857624181362	0.01795984250096164
108	0.0008077329619770396	0.0009981730950603957	0.0020398257525009052	0.004867470391646631	0.009077414612674478	0.015679403654168172	0.017747267667826208
109	0.0008722504208540483	0.0010910847399410964	0.002267840399985193	0.00524934933650421	0.009844737878956275	0.016692832370515793	0.017706464789920367
110	0.0009539336604623275	0.001193711304961526	0.0025198096770025903	0.005648009136213665	0.010723401241971277	0.017471426680154663	0.018109275779614693
111	0.0010488685168667865	0.0013094480775270446	0.002789767290155289	0.006074683110193584	0.011694806104347595	0.01786316665982466	0.019097310394207978
112	0.0011513216633076966	0.0014428335869535428	0.003070044401316337	0.006539967295706671	0.012712210708521483	0.01784742585931518	0.02061845414385968
113	0.0012594299560807977	0.0015929499881734454	0.003353684144327869	0.007055049026520798	0.013720919816037092	0.017604880270397756	0.022506820029898917
114	0.0013746133076035611	0.0017604475726934591	0.003632330931723161	0.007620931982992581	0.014677682356301602	0.01743835218198635	0.024620955304684475
115	0.0015024916347532696	0.0019491435525686655	0.003908167122011053	0.008247244557890337	0.015507846833595212	0.017668742171132422	0.02679945548279859
116	0.001646552586357792	0.0021649127706659514	0.00418988997114712	0.00893715757471876	0.01608869929078736	0.01847539438614048	0.028821126504314502
117	0.0018095150874004636	0.0024066806119090248	0.004488334240936647	0.009687580764563197	0.01633216494572437	0.01984629719689989	0.030478334522266996
118	0.00199182877086131	0.0026634030316636487	0.004813849630455949	0.01047404782449663	0.016291826979738303	0.021606886326859916	0.031630148799252474
119	0.0021975148767251675	0.002924057720450222	0.005170552604000908	0.011246525046390196	0.01616559226969294	0.023554645235796094	0.03223511231656454
120	0.00243397128014738	0.003180325565107256	0.005563696863193095	0.011957990585726731	0.01621776989841956	0.025502948671543593	0.03244775427598816
121	0.0027143948145152592	0.0034348080913975568	0.005990705046020388	0.012572799784231169	0.016661952937755374	0.027280003957189138	0.032756174588708074
122	0.003040581878098727	0.0036993901352512337	0.006450348643464621	0.013052002729323393	0.017590108312313887	0.028817629397212982	0.0336797186971348
123	0.0034080209375421666	0.00398788087292167	0.006949726045065146	0.013354788370413406	0.018929348542661435	0.030080475497620073	0.03543317907420052
124	0.0038064314957221798	0.0043059020336710255	0.007491694051430009	0.01348249352651814	0.02054072338314985	0.031055820690823684	0.0378448948516544
125	0.004231819335676323	0.004647150988308123	0.008055860780696	0.01352418519783279	0.022266141989348037	0.031777883990490745	0.04059637251200656
126	0.004686164955508346	0.00500581880074982	0.008609409884880456	0.013652323871262369	0.023954836103871145	0.032519918450478726	0.043629821111129445
127	0.005180463740037077	0.00537845921814886	0.009128280671717073	0.014044688686065987	0.025526204825791578	0.033794469880695704	0.0473259038197319
128	0.005723763854675096	0.005767501480594	0.009595308264722867	0.014792523328022101	0.027008111474428716	0.03595607144498203	0.052255862684588504
129	0.006306588307258261	0.00618360337284092	0.009974554552479331	0.015858224006652665	0.028405506780682394	0.03889326929386743	0.05896745023293288
130	0.00689081862461786	0.006656495657200935	0.010243932103300622	0.01717275206298005	0.029613371801820502	0.04219503099106949	0.06771141042800569
131	0.007454685831035723	0.007209603476445206	0.010408176998147544	0.018622363655839472	0.030758841849084336	0.04575878779876633	0.0784597160151151
132	0.008008457959447194	0.007833521302305555	0.010556873537858153	0.020135761554858387	0.03226233327863292	0.05018419500525421	0.0908217327110662
133	0.008584720613426917	0.008494543002737593	0.010814556382875444	0.021696050677342045	0.0346008160871163	0.056472008696777105	0.10321177925846206
134	0.009206978556762703	0.009132334625850782	0.011293252313916605	0.023313779507815206	0.03773953193826169	0.06538954100283216	0.11301470057549928
135	0.009912150005480966	0.009680481864930705	0.012072882394660039	0.024864300383068846	0.041279774699674816	0.07668953850985387	0.11803791464127118
136	0.010762076130741541	0.010098428486789395	0.013164959424217002	0.0263473273767327	0.045139999493567694	0.08982180880066756	0.11923070684367576
137	0.011859584959774395	0.01038974144324251	0.014507272993754147	0.027938706486739517	0.05012009341187555	0.1034883639876597	0.11979997319408393
138	0.01323935554404594	0.010644084981359622	0.016019254338970005	0.03002768250460606	0.057665920608317295	0.11485356899114751	0.12308453272035443
139	0.01490045488353778	0.01102086641120384	0.01762489590177712	0.032885907971835396	0.06806199646753465	0.1214827654290618	0.13465327059963816
140	0.01669942580032018	0.01169702226594503	0.019255658530014465	0.03639276935730346	0.08130344883745105	0.12380043582950209	0.16197755585222273
141	0.018544837010112787	0.01281320559352751	0.020861072064914915	0.04049266796786032	0.09629239711364988	0.12561344351927817	0.21077581271242365
142	0.020406969973379964	0.01437835862547291	0.022575325175940155	0.04599760605496082	0.11021654644153756	0.13177757647143978	0.2876959253995963
143	0.022304496135569174	0.016349150777840875	0.024593088193184558	0.05398611851821581	0.11991842554377413	0.147903217759132	0.3963344812249902
144	0.02450380316094509	0.018549399350695446	0.027228969461365788	0.06514529795290308	0.1251326783948706	0.17939083073182116	0.5249451658175726
145	0.027250697063756858	0.020905300867442023	0.03071351478584353	0.0791643163070034	0.13018773438727518	0.23166953853758707	0.6427678098591745
146	0.030867069312457883	0.023528531321347492	0.035028804037390976	0.09383807170591944	0.13969908349466134	0.3127283094966273	0.7201926091117593
147	0.03530560244467448	0.026629899272417115	0.040776281571702905	0.10631680095130192	0.15767363701973547	0.42283061760377344	0.7484696365965328
148	0.040346522264147845	0.030451505332737275	0.048646718700543434	0.11551201664505001	0.18771553993612278	0.5502271092125626	0.7447780617557698
149	0.04600039477357633	0.035129016595693424	0.05945096773657377	0.12373429757674845	0.23785705356489467	0.6674931624397095	0.7363233881251204
150	0.05247576042479341	0.040926999799511074	0.07269577917917186	0.13494810984245056	0.313846604481352	0.7481821934412943	0.7535896633186101
151	0.06058853659126601	0.048011709172170666	0.08692836154743698	0.15227299641299938	0.4191481235851571	0.78869369183892	0.8102683799272614
152	0.07159810493602695	0.056476398945081545	0.10029656370111162	0.18045371611331984	0.5436015641665226	0.8090752395518473	0.8929699133898141
153	0.08745679983152553	0.06693515313818148	0.1120848317393768	0.22576946053219	0.6656989044126067	0.8379121568232217	0.965976137981416
154	0.1089448948886386	0.08017994382242374	0.12445222356685182	0.29427509440308836	0.764123546927714	0.8884025548939464	0.9999999999999999
155	0.1369438931994626	0.09636997472109453	0.14205645017031931	0.3873888859128775	0.8345388570891287	0.9479273515339965	0.9912613610626709
156	0.17190222437938918	0.11512808562789448	0.16967601037958527	0.5001150332337687	0.8876380757395732	0.9913989553136762	0.9534596754449906
157	0.21464555908102195	0.13730650615403325	0.21296195539300092	0.6220708903411688	0.932005738036098	1.	0.9022892577978137
158	0.2657606987855798	0.16584027166388113	0.2757355196837605	0.7350680310483991	0.9648955443486936	0.976616767501135	0.8476888611063601
159	0.3254247631508577	0.20678021776549238	0.35903641753783766	0.8240919701466053	0.9780125800043261	0.9351768882464637	0.7931502571872128
160	0.3954997070962178	0.27015264623418617	0.45948713657246165	0.8819415066537146	0.9661886661865494	0.8886451828240247	0.7479679137605523
161	0.4811391423707955	0.36381322086432	0.5735762665361582	0.9112645692262795	0.9418995737735592	0.8489885434027509	0.7260954690650931
162	0.5828789822157838	0.4888386252692398	0.693509804386144	0.9226585566459952	0.923508725823403	0.8307543140789385	0.7381301331048663
163	0.7001563384968762	0.6393341556968681	0.8092495845341893	0.9315377174507483	0.931111161947472	0.8438647058698802	0.7760944952357415
164	0.8233153322996187	0.7989762227693381	0.9074730545958111	0.9507919088216218	0.9609919981303676	0.8802731418493467	0.8178630258229465
165	0.9338234122531609	0.9335976097635323	0.9749830500385925	0.9801059612666176	0.9918661343788335	0.915660145234097	0.8432476643461916
166	1.	1.	1.	1.	1.	0.930145558612446	0.8466959106707593
167	0.9931771106358823	0.9746269558152458	0.9748962329699468	0.9893414155343226	0.9783667297519923	0.9192326014715801	0.8339056649034577
168	0.9141247538696373	0.8729556553596206	0.904518179435145	0.9433659849983905	0.9363828644421666	0.8909881879173972	0.8127836216253508
169	0.7926807538340082	0.7351999598802877	0.8107859296044239	0.8873374726233528	0.8829216482677688	0.8565816539187563	0.7900266219040522
170	0.6631574414865516	0.5957702157596786	0.7166047141440463	0.8492892775817215	0.8275444350711861	0.8182772061089525	0.7705096314584832
171	0.54295845478728	0.47046382337875153	0.6364707767265905	0.840472550914827	0.7866178705576526	0.7735783874490031	0.7513386265163368
172	0.4341015093147466	0.3638686393230515	0.5673018690948296	0.8464523974979409	0.7767929308787405	0.7251398980399666	0.7225342619393738
173	0.3412210994160549	0.277331958823525	0.5018800045326209	0.8418812752688453	0.8065766731274967	0.6902689024033365	0.6804814802960835
174	0.2661095353520334	0.21126184560574504	0.43286905076062754	0.8089776518464145	0.8619166275413416	0.6913489273081739	0.6374088190624866
175	0.2095397804807222	0.1638128877207407	0.35974834140505013	0.7466445546479922	0.9218075576912679	0.7329644477439743	0.6153522014250319
176	0.16802475899364494	0.13100591497086764	0.28819742064300036	0.6670329386664218	0.9595665540451679	0.8016795489080127	0.6286071766263353
177	0.13843004894069033	0.107194923816296	0.2243498744995535	0.5857603366936728	0.9510078672737744	0.8805052781985028	0.6764688711711243
178	0.11818435754573946	0.08887520781277539	0.17299659936721468	0.5069072594359485	0.8908036436943272	0.9515696613404728	0.7447837518482638
179	0.10346247128404659	0.07481575121457686	0.13494601932995554	0.4287414810813182	0.7962041404856861	0.9913319964760723	0.8206638011623363
180	0.09161402855740755	0.06433479829854548	0.10702596128725736	0.34923986091329073	0.6996721873090272	0.9782230355302022	0.8950518309749235
181	0.08132875876499182	0.056957804504102684	0.08750769230990621	0.27458853127592053	0.6206672497585922	0.9129664553722053	0.9526781663861608
182	0.07108638017520554	0.05160259492639847	0.07265613778831585	0.21047137831727558	0.5574061249094608	0.8201819268982049	0.9723311648364898
183	0.06087111185430607	0.047241903996816687	0.06147348743043328	0.16110306685897582	0.4968050960481693	0.7278664138687513	0.9394959783658566
184	0.05151295752854396	0.04309978505937774	0.052731905135091836	0.1269343573927228	0.425676330026234	0.6552127505801156	0.8649025567068601
185	0.043829271788816064	0.03862403697252255	0.04603904571803741	0.10438126214130802	0.34464293801968565	0.6069048693461204	0.775505081287123
186	0.03797514477003916	0.033764582178963935	0.04116206417482176	0.0887213605785299	0.26367735705554696	0.574382082039546	0.6940432750610277
187	0.03360980981294473	0.028726683492869047	0.03780368892477375	0.07675033961668071	0.19543523501805868	0.537410911105267	0.6324735816985639
188	0.030170530636753057	0.02410299697091738	0.03548589696459654	0.06675733349557042	0.14799679849409042	0.4778906150932732	0.596083586751182
189	0.027063474897677162	0.02028010100767076	0.033376993061905495	0.058178453951079616	0.11926692722821827	0.39548894136852875	0.5833851140824146
190	0.023782151162297517	0.017464285643613166	0.030955505900651895	0.05096147630988239	0.10288504453932443	0.3046095589569337	0.578750229312425
191	0.020306768997248523	0.015438909493497951	0.02799527670435876	0.04529313689698115	0.0910903745305708	0.2235082593369927	0.5590549955524042
192	0.01701722700583539	0.013824687370812872	0.024708158095831358	0.04131993557613363	0.08063630864312311	0.16446671232145502	0.5083720583037589
193	0.014381756939118822	0.0123883209517599	0.021433769563594836	0.03874945967856427	0.07090544056603956	0.1283065335880211	0.42756283916929516
194	0.012606464623624768	0.01100143902853591	0.01845605872263606	0.03696032009914486	0.06206430305150815	0.10909202845851702	0.3328744057800116
195	0.011484065648201102	0.009668552421140404	0.015898697319949834	0.035123582286159624	0.05442651247459315	0.09746555421727594	0.2446905893837062
196	0.010639296805498143	0.008428242625866831	0.013736853912676757	0.03267509669224658	0.048309167572595346	0.08804856008006948	0.17718583414505684
197	0.009801051679827383	0.007364571973977361	0.011892812915976677	0.029597060840000446	0.04390292075754694	0.07859996520491111	0.13391995071846824
198	0.008817803789696614	0.006477432004729095	0.01027526807250946	0.026258597632139002	0.041282346661299874	0.06913768097129859	0.11020689714963963
199	0.007735596820474828	0.005709833121558852	0.00888830222290689	0.023110435054682712	0.03982992287493512	0.0605200124330478	0.09757093462123563
200	0.006701748904550037	0.005020771320627042	0.007751432186249818	0.02031790375907998	0.03865203149343763	0.053171371726620655	0.08917216445650941
201	0.005835654889436538	0.004412869996706589	0.0068288784283130274	0.017803423453704757	0.03680802554520227	0.04720886482581943	0.081045569485164
202	0.0051466811096869325	0.0039065356854148196	0.006092205432989922	0.01553222004049996	0.03400936011678216	0.04293475841578536	0.07222183911910547
203	0.004593406581085166	0.0034981580395557163	0.0054897960135344235	0.0134407110580433	0.0306551647626152	0.04053463018832585	0.06358113935465494
204	0.004140195273140039	0.003165331431193707	0.004982207341410204	0.011560083030779524	0.027350958194629432	0.03954024596788696	0.05574458497698242
205	0.003779140964439691	0.0028737379862930927	0.0045152099020514015	0.009927499046885717	0.024292557695170428	0.03896166623699412	0.0490261117810703
206	0.003474056013628418	0.0026069738735243725	0.004061886190370105	0.008577940971054368	0.021440171808303137	0.037665826074875154	0.04364238358642348
207	0.0031805643603841013	0.002369127817951242	0.0036206496945401325	0.007490311335376923	0.01874529180007011	0.03524033692764188	0.03997562766998142
208	0.0028851099119657844	0.0021645370854401634	0.0032119082292369917	0.006618371248742801	0.016264524225003216	0.03200183830846095	0.038185287625028784
209	0.0026025928542816015	0.00198977190838774	0.0028458636448631123	0.0059202030024585045	0.014007788902830621	0.02862053805503614	0.0377951175496615
210	0.002350475298844969	0.001835369269646552	0.00252771687352026	0.005338802510668447	0.011961878712111901	0.025526810033082176	0.03770220761647328
211	0.002136073574960546	0.0016934927061308565	0.0022576377030100485	0.004840250499892801	0.010166169460413087	0.02269042419240826	0.03671239647264035
212	0.0019596191209444234	0.0015567693417114917	0.002039638940197209	0.004384886549039213	0.00866579506417626	0.02005754758379688	0.03440908795955245
213	0.0018138294679550951	0.0014216127688034769	0.0018701928355591697	0.003956988714738909	0.007485114681888457	0.017627221828429306	0.03127519905667779
214	0.0016856195497172615	0.0012934961007140973	0.0017424814243740643	0.003548661759303256	0.0066015109062595514	0.01536757359142766	0.028075550280204028
215	0.0015614423518588525	0.0011811917897996999	0.001643043312499288	0.0031647104770950057	0.005953473757928569	0.013223672881139556	0.025182381913038263
216	0.0014356617483110457	0.0010891051489879057	0.0015547014596945536	0.0028298584822788304	0.005467624332156076	0.011205064004134395	0.02254823690948754
217	0.0013142650700473436	0.0010153642217484115	0.0014650039705026757	0.0025665922960077885	0.0050553762242937506	0.009431769618630398	0.020095297121007678
218	0.0012053681862247752	0.00095487033070589	0.0013721231213678984	0.0023765623272672385	0.004653995820959798	0.008028697540707284	0.01786886540691186
219	0.0011102943376432495	0.0009020509150200399	0.0012829291193875972	0.002242783010888252	0.004240146691512057	0.007004581375631235	0.015783495870340628
220	0.001026579663013568	0.0008529106267148302	0.0012033188234493216	0.002137177374630131	0.0038239452162805317	0.006268076370780913	0.013763816507422554
221	0.000953104836363673	0.0008065167180958644	0.0011331467927507075	0.0020378016669065106	0.003439938366995737	0.005720267681405649	0.011761288614589858
222	0.0008901928392131298	0.0007641041809230103	0.0010705127060007332	0.0019379059065049754	0.003122299462243007	0.005262819514520375	0.009949751578752712
223	0.0008387577791801842	0.0007261419736327367	0.0010143276776504527	0.0018390292892435428	0.0028817872676429267	0.004844036465395509	0.008471980405656268
224	0.000795820494875354	0.0006911862321781828	0.0009632273003239049	0.0017433255311840993	0.0026997016528979845	0.004449590641036647	0.007350379529123006
225	0.0007591646467139152	0.0006581889633909705	0.0009168230484461368	0.001649574416761559	0.002547346379974829	0.004085046561520884	0.006486432307415986
226	0.0007268324610371795	0.000628157171365459	0.0008774097086092118	0.001557919493609395	0.0024088757133655493	0.0037541695590273256	0.005791992446910347
227	0.0006972166461031346	0.000602818720900689	0.0008467852843760522	0.0014691437164132506	0.002284592254699841	0.003455221480332223	0.005220505640924649
228	0.0006687859486019943	0.0005825605183875437	0.0008218769207214681	0.0013850989718652616	0.002179486688524446	0.0031839799127881276	0.004747227729314551
229	0.0006397940362789423	0.000566080243776984	0.0007975546081350659	0.0013091655446450395	0.002091078560546617	0.002940176038132385	0.004355090631091018
230	0.0006082016948260186	0.0005509889488806483	0.000770803482880679	0.0012454743953108276	0.0020047819451947464	0.002724097752832622	0.004031122821172678
231	0.000573426699192009	0.0005355729318648591	0.0007429182485283887	0.0011950276037087405	0.0019076477932361132	0.002541301367254443	0.003754440088345707
232	0.0005358989556835917	0.0005185268959816588	0.0007157848146260783	0.0011554383845780738	0.0018008204591986466	0.002390804126702266	0.003496718036581938
233	0.0004975124151692231	0.0004982422349506876	0.0006896216290284661	0.0011217274964495467	0.0016960542848874294	0.002266718959601434	0.003236531201192641
234	0.0004610369757087964	0.00047414808217008077	0.0006645393595600666	0.0010913898488702548	0.0016058029484097304	0.0021585340811684554	0.002980091681462429
235	0.0004296564377993793	0.00044751536181028166	0.0006410139373766028	0.0010627681904086413	0.001532080115025144	0.0020573080129499452	0.002745337537957417
236	0.00040564222251656556	0.0004212174526765183	0.0006187215228667829	0.0010352235622447625	0.001471811641520737	0.001960690560780634	0.002547614231088196
237	0.00038839809531746315	0.0003968070393208681	0.000595260937087801	0.0010079153588226693	0.0014217474587204407	0.001869649472285361	0.0023866687234788257
238	0.000375405073917672	0.00037396647585478075	0.0005684719177257336	0.0009795538733432447	0.001378486047257971	0.001788896380147398	0.0022531569825493276
239	0.0003634574545861362	0.00035230193244397784	0.0005384720857884142	0.0009487256890182726	0.0013390812234739596	0.001719620385792317	0.0021377414757560425
240	0.0003504905480057088	0.00033238226411790614	0.0005078408750745573	0.0009137899429638908	0.0013029805094192618	0.0016621799876216663	0.002037197831752044
241	0.0003356883855964533	0.00031449841308966916	0.000480164405084122	0.0008748403809546327	0.001272004089692859	0.001612322877932678	0.00195348984672369
242	0.0003192336983147128	0.0002983655534625644	0.00045682423518328906	0.0008334312842755667	0.0012451392856534873	0.0015648884511685467	0.0018833360770990543
243	0.00030202132574324734	0.0002837423524662663	0.00043622086238819587	0.0007918741024295928	0.0012172273790609408	0.0015173801921202672	0.0018194318966596346
244	0.00028511937713327667	0.0002709691185577606	0.00041669525696755153	0.0007512851003906386	0.0011819725310509971	0.0014714676360740979	0.0017573175370040955
245	0.0002694716710440762	0.0002600603484719858	0.0003974159268765639	0.0007109430543207915	0.0011368496390135746	0.0014321765402672707	0.0017009027381927732
246	0.00025558529182223485	0.00025066756308124856	0.00037875643529315016	0.0006717169523934556	0.0010829287180968133	0.001401494854190152	0.0016533867092150454
247	0.00024355632326445188	0.00024196170350913187	0.00036093688058615273	0.0006358902216294193	0.0010258357011841736	0.0013746218923757847	0.0016124525078262618
248	0.0002339317840181195	0.000233469317524909	0.00034374123329351466	0.0006049458708986534	0.0009727542557812672	0.0013434155975708046	0.0015736132131803102
249	0.00022680949238441359	0.0002249255139478907	0.0003275503279322909	0.0005790990675856282	0.0009269588976242276	0.0013021822003767528	0.0015327013474269041
250	0.00022173515451056605	0.00021639980623633012	0.0003133569623074941	0.000557935350177257	0.0008872218845677357	0.0012529995059487801	0.0014902766292671148
251	0.00021730047127338942	0.00020849967488945187	0.00030191687854450565	0.0005407546086707999	0.0008502043434016497	0.0011982039798041804	0.0014477783922505988
252	0.0002123094798530001	0.00020162377255517755	0.00029350780324525523	0.0005256123555100188	0.0008143401493843577	0.0011400093408618695	0.001406902379900038
253	0.000206425633742641	0.0001955468367206741	0.00028734791194514096	0.0005104071669772679	0.0007815622563806939	0.0010810898258585661	0.001367396246295618
254	0.00020004454498962325	0.00018973038412435007	0.00028242373194600914	0.000494250505502946	0.0007528276367949573	0.0010269397457209509	0.0013261305519046448
255	0.00019364258426846293	0.00018410030142664862	0.0002777723238802731	0.0004781469850898194	0.0007296047933338866	0.0009827231049088045	0.001281316685444977
256	0.0001873441854675464	0.00017900043896463917	0.000272504202208117	0.00046405648657321045	0.0007112255386986662	0.0009470807836534637	0.0012337039709044962
257	0.00018116410877991042	0.00017445257568967843	0.0002659966559232991	0.0004525490744201528	0.0006968404687026922	0.0009167446549015062	0.0011861111728254641
258	0.00017524932065730015	0.00017008629729709667	0.00025834063174637794	0.0004431528799086146	0.000684453739795908	0.0008891950668256077	0.0011395568291724014
259	0.000169728115751043	0.0001656470980974606	0.00025045198406967325	0.00043496548036185353	0.0006718982027361437	0.0008642277872949482	0.0010944158989660004
260	0.0001645453486324057	0.00016126145385020555	0.00024313702564458133	0.0004267136427011307	0.0006566383199681034	0.0008422582365502643	0.0010534626873193868
261	0.00015945941685498446	0.00015701806347713203	0.0002365350124357617	0.0004172245925794796	0.0006377826366042081	0.000823548368596804	0.0010184561200988168
262	0.0001544064624206156	0.00015264229978167028	0.00023010543508178587	0.00040559348878851974	0.0006155355586438067	0.000806807936369498	0.0009899251242570521
263	0.00014957757510564217	0.00014800577318105972	0.00022329783198953454	0.0003920912007658213	0.000591328890347845	0.0007899634417686368	0.000964538752185718
264	0.00014525041336583072	0.00014332305501526952	0.00021618519203437875	0.00037804132900576097	0.0005672620124915597	0.0007718282263401897	0.0009401421493286753
265	0.00014176208300959874	0.00013903008842525104	0.00020938885793954693	0.00036511355973080156	0.000546022574769969	0.0007524396800683758	0.0009140965735293814
266	0.00013927000940582403	0.000135270373340081	0.00020322979959765724	0.00035457477520895944	0.0005293620811333846	0.0007316230743057154	0.0008856747678386985
267	0.00013764057254472362	0.00013179898138084063	0.00019786501249586798	0.0003464316953008195	0.0005168904659503973	0.0007087784826833294	0.0008562924594842286
268	0.00013642377008188554	0.00012846089700499665	0.00019329310068245153	0.0003398668104679747	0.0005064287237037925	0.0006840925488627251	0.0008285860932598655
269	0.00013519554305773914	0.00012545265785835296	0.0001892774844883389	0.0003332221525814507	0.0004961809281785311	0.0006579298007019947	0.0008040646728123026
270	0.00013368677762103288	0.00012302583877057347	0.00018561983718443198	0.0003260467174503429	0.00048533952714213305	0.0006313962871605819	0.0007809428134907664
271	0.00013170600276491434	0.00012115779469201288	0.00018234666471303118	0.00031907287141345897	0.0004750906014073335	0.0006063974014496458	0.0007582111373933679
272	0.00012915349297284878	0.00011960788766811808	0.0001795255103057258	0.0003130066297054471	0.000466593392529101	0.0005852985800147394	0.0007361397678894013
273	0.0001259389574696983	0.00011813639391688637	0.00017687481489084912	0.00030763516913434824	0.0004602120428301098	0.0005691816066994126	0.0007151432784257058
274	0.00012222259511118931	0.00011651708005818042	0.00017366347677690445	0.00030236620320178584	0.00045526725909587754	0.0005564503322080822	0.0006953676924494632
275	0.00011837971473048542	0.00011461781221752371	0.00016945720496878665	0.00029712265172645344	0.00045003525596180806	0.0005446640091863503	0.000676215739283681
276	0.00011482212738743362	0.00011242016652528739	0.00016449903820060384	0.00029194845634864083	0.00044314938525283955	0.000532523421754913	0.0006579052186441817
277	0.0001119573625706991	0.00011015531452860981	0.00015937725371994164	0.0002868369959575242	0.00043443323744561343	0.0005211993483135762	0.0006405863786845998
278	0.00010995293586843037	0.00010795953802392724	0.00015449440463968976	0.00028153676162501857	0.0004255033176465731	0.0005123819636152538	0.0006255382454325256
279	0.00010879698038323712	0.00010583303097744079	0.00015015011924008115	0.0002760266955956842	0.0004178282518720182	0.0005071319142143202	0.0006132037749194817
280	0.00010833044416404791	0.00010375865968354201	0.00014657827848166133	0.0002702910461845536	0.00041098791334826976	0.0005047689169329415	0.0006021680916838323
281	0.0001084062028862812	0.00010172436035899134	0.00014375941904813493	0.00026392693452016036	0.0004036248195424842	0.0005043487295047039	0.0005899884231843212
282	0.00010882043819261059	0.0000997823462960009	0.0001415074812423228	0.000256769321370834	0.00039455224705640387	0.0005048139212387001	0.0005757783573053678
283	0.00010925901826838465	0.00009805227291902844	0.00013964964893154242	0.0002488418382390921	0.00038388384258682226	0.0005043220500771268	0.0005613190876361448
284	0.00010931316003181388	0.00009675672550052492	0.00013813752990636047	0.00024086528755376315	0.00037218909932880835	0.0005009111544043099	0.0005490240439544742
285	0.00010875894709883106	0.00009610335232220423	0.0001368361831552651	0.00023354907397762456	0.00036004519400699886	0.0004939826827769539	0.0005404977923608379
286	0.0001076776693277107	0.00009595578945223716	0.00013549117118161544	0.00022733645624229093	0.00034827164115584444	0.0004846527010938506	0.0005357306933236355
287	0.00010640670100769953	0.0000960207690864265	0.000134046482744789	0.00022249854436986365	0.00033736824412978626	0.00047395111428829537	0.000533248764205061
288	0.00010520835626462322	0.00009599921957179156	0.00013280857566057015	0.00021906422700046502	0.00032760793097210295	0.0004617807529455928	0.0005310025970158777
289	0.00010418689935132209	0.00009597194877937373	0.00013218035786877316	0.0002172685505552131	0.0003186651314055145	0.0004484424369221548	0.0005272075665354017
290	0.000103445324544494	0.0000960991575354626	0.00013214232769994958	0.00021658187486797345	0.0003106331011052262	0.0004344336125451777	0.0005211921247080471
291	0.0001031238502747666	0.0000963763060832932	0.0001323558358242372	0.0002162278506957383	0.00030395302601187195	0.00042016058708168295	0.0005128513629212457
292	0.00010342296392903411	0.00009652461866786588	0.0001323997894212542	0.00021550452308935104	0.0002991105856716653	0.0004057314439263186	0.0005027546749131727
293	0.00010420833939964561	0.00009632244446863639	0.00013228247019830822	0.00021434375881335861	0.00029629067767001705	0.00039166854151982406	0.0004922769038713202
294	0.00010503569498465742	0.0000958806627664085	0.00013217952383590118	0.00021300748224939805	0.0002948682729854844	0.00037899719377146594	0.00048202003430484856
295	0.00010536328284511883	0.00009558761330771145	0.00013197630980074095	0.00021133099638231197	0.00029419437201733985	0.0003675971111361114	0.00047201659492018935
296	0.0001049260575325596	0.0000957288743336194	0.0001314070503922697	0.00020911899941640684	0.00029395745880695767	0.000357325247024862	0.0004616442453677237
297	0.0001039596252724595	0.0000962468298793033	0.0001303850687558515	0.0002064869765067739	0.00029399564886382977	0.0003492270143526568	0.00045070132495182285
298	0.00010268910709423816	0.00009692470869035753	0.00012906563107700848	0.00020414696418217368	0.00029435922552109513	0.0003445537126577319	0.00043946465708002535
299	0.0001011372454087932	0.00009765964222927223	0.0001279001357582421	0.00020253651813397622	0.0002945773641017509	0.0003436883992936001	0.0004284869120105459
300	0.00009915423831478748	0.00009834646984558831	0.00012718727497280425	0.0002015254584174963	0.0002942664325048506	0.000345362325008262	0.0004188981376273156
301	0.0000967921148778202	0.00009879650029294168	0.00012716409944292411	0.00020052795023858797	0.0002927599935358235	0.00034807295905015716	0.00041130022618679447
302	0.00009448632886999736	0.00009868182120897151	0.00012788520906090704	0.00019912974242027222	0.00028982526291352137	0.0003504002686497855	0.0004056289773240488
303	0.00009263642113751921	0.00009785437282431125	0.0001291851221068439	0.00019733643957023267	0.0002855837867186233	0.00035168104044384956	0.0004010323123098238
304	0.00009146360154692847	0.00009645649800700755	0.00013066648234024515	0.0001956833869959121	0.0002804085116034828	0.0003521520355918282	0.00039732542045648747
305	0.00009083527256096325	0.00009480146729516035	0.0001320400328429155	0.0001947695082839683	0.0002752477129680414	0.0003523738496678617	0.0003949806529979686
306	0.00009054889652257669	0.0000931594610375496	0.00013300210429710203	0.00019515228775822106	0.00027114794749811356	0.0003523861748949191	0.0003938097528561768
307	0.00009043127058172454	0.00009161837236744854	0.00013323851186443345	0.0001967625396953622	0.0002687639034420929	0.00035168312850208385	0.0003935429411424347
308	0.00009023031003278208	0.00009011107196759801	0.00013233325155028431	0.000199188381980217	0.0002680432762226967	0.00034982374113962317	0.00039365620158841934
309	0.0000897945925704039	0.00008860304154576431	0.000130198492144148	0.00020190035280030427	0.000268628828255568	0.0003467251100722009	0.00039423021416229144
310	0.00008915040771720632	0.00008716080028007622	0.0001270340508551592	0.00020455802617642572	0.00027029165137016763	0.00034243141370029134	0.0003949949019189842
311	0.00008852753745119489	0.00008589372080406638	0.00012360390005984915	0.00020691903973367982	0.0002727287445208183	0.00033756417122741	0.0003951788142367985
312	0.0000881805242150851	0.00008477149085404771	0.00012068237548331108	0.00020880819034478371	0.00027554737422584596	0.00033302984259119705	0.00039412438342148725
313	0.00008823519403587333	0.0000835570141735885	0.00011861888783674219	0.0002098889292056473	0.0002782876463347125	0.00032960258125199995	0.00039122691038907315
314	0.00008872419287776848	0.00008220302818330218	0.00011729471257397489	0.00020985830317480093	0.00028058642114654904	0.00032750032355642654	0.000387009538611638
315	0.00008941627628668663	0.0000809972239720169	0.00011653068479153283	0.00020834700325557065	0.00028236572363644956	0.0003264939843268954	0.0003820460484076801
316	0.00008990391586149955	0.00008024567197962002	0.0001162601201054133	0.00020559955502500788	0.00028365041589402683	0.000326267664417604	0.0003770504859611234
317	0.00008982332985113679	0.00007990083534416212	0.00011643243555051147	0.00020212961415671705	0.0002844464171344388	0.00032616995921568416	0.00037264621870430816
318	0.00008908922949114562	0.00007957047208875871	0.00011652031464937465	0.00019840416320661042	0.0002848528404628204	0.00032637063709616655	0.0003692691576545077
319	0.00008782557346405232	0.00007911351873356682	0.00011628853699657673	0.00019475839330458482	0.00028461092373794185	0.00032765913504958496	0.0003676046303356758
320	0.00008619343574943304	0.00007855794688595732	0.00011590682832080981	0.00019150620515439475	0.0002840124662348832	0.00033035340177901	0.0003678538705482276
321	0.00008446268667402167	0.00007813692393491048	0.0001155416504786972	0.00018921720741044016	0.00028324428180057814	0.00033369489855478374	0.0003694200053874617
322	0.00008290672750367103	0.00007796788731171283	0.00011504586643004763	0.00018811430238427321	0.0002821478660192374	0.00033693231352618767	0.0003710321793443542
323	0.00008176061862303794	0.0000780917928210681	0.00011422061570738684	0.00018763356958155915	0.0002802185842061406	0.0003406090214142929	0.0003717817357889661
324	0.0000809518312585513	0.00007833695733620948	0.0001132242127971041	0.00018723654497343646	0.0002769382558209967	0.0003451291431737917	0.00037259226930961377
325	0.00008026996921031587	0.00007837634478771378	0.00011240598838496825	0.00018669859905033671	0.00027311287570830144	0.0003496571225303605	0.000374858452273169
326	0.00007951724378069155	0.00007798317332864838	0.0001119359755938791	0.0001865793710298307	0.00026976175311587346	0.0003529584139821295	0.00037894269999874685
327	0.000078823540500021	0.00007722464036852399	0.00011170807563570414	0.00018708723615381607	0.00026772050388358773	0.00035450083067087003	0.0003829750221736244
328	0.00007858634218331059	0.00007637280023378435	0.00011140417854691089	0.00018799947341676768	0.0002670439494525446	0.00035467400609416345	0.00038467121548407514
329	0.00007898319600632196	0.00007572110433037023	0.00011084845256846714	0.00018870153447393077	0.00026715917973809035	0.00035298021039897106	0.0003840085654012236
330	0.00007970725413314709	0.00007538646924494928	0.00011005639671272339	0.00018885971821491627	0.0002678998846161611	0.00034910162463225195	0.0003824777241433578
331	0.00008025869628922988	0.00007534637818623121	0.00010932980720060875	0.00018870886348772958	0.00026873384339836753	0.000343182414335777	0.000381952283767105
