rel_pix,1450A,1500A,1550A,1600A,1650A,1700A,1750A
-50  8.0990e-05  8.2770E-05  8.3290E-05  8.2070E-05  8.0840E-05  8.0090E-05  7.9920E-05
-49  8.7960e-05  8.9560E-05  8.9270E-05  8.8170E-05  8.7540E-05  8.7190E-05  8.7760E-05
-48  9.5760e-05  9.6780E-05  9.5980E-05  9.5260E-05  9.5330E-05  9.5620E-05  9.6620E-05
-47  1.0440e-04  1.0470E-04  1.0370E-04  1.0360E-04  1.0410E-04  1.0530E-04  1.0600E-04
-46  1.1400e-04  1.1340E-04  1.1260E-04  1.1320E-04  1.1430E-04  1.1600E-04  1.1590E-04
-45  1.2440e-04  1.2290E-04  1.2300E-04  1.2420E-04  1.2570E-04  1.2750E-04  1.2730E-04
-44  1.3510e-04  1.3370E-04  1.3510E-04  1.3690E-04  1.3860E-04  1.4030E-04  1.4130E-04
-43  1.4620e-04  1.4660E-04  1.4900E-04  1.5120E-04  1.5280E-04  1.5530E-04  1.5840E-04
-42  1.5900e-04  1.6170E-04  1.6480E-04  1.6730E-04  1.6910E-04  1.7310E-04  1.7840E-04
-41  1.7460e-04  1.7910E-04  1.8240E-04  1.8550E-04  1.8810E-04  1.9390E-04  2.0030E-04
-40  1.9320e-04  1.9850E-04  2.0220E-04  2.0650E-04  2.1050E-04  2.1760E-04  2.2330E-04
-39  2.1440e-04  2.1980E-04  2.2510E-04  2.3080E-04  2.3630E-04  2.4400E-04  2.4810E-04
-38  2.3810e-04  2.4450E-04  2.5180E-04  2.5900E-04  2.6620E-04  2.7400E-04  2.7700E-04
-37  2.6510e-04  2.7400E-04  2.8330E-04  2.9200E-04  3.0100E-04  3.0930E-04  3.1340E-04
-36  2.9750e-04  3.0920E-04  3.1980E-04  3.3090E-04  3.4190E-04  3.5190E-04  3.6010E-04
-35  3.3660e-04  3.4980E-04  3.6240E-04  3.7710E-04  3.9010E-04  4.0380E-04  4.1970E-04
-34  3.8170e-04  3.9590E-04  4.1270E-04  4.3150E-04  4.4660E-04  4.6680E-04  4.9300E-04
-33  4.3160e-04  4.4900E-04  4.7280E-04  4.9530E-04  5.1380E-04  5.4350E-04  5.7820E-04
-32  4.8760e-04  5.1330E-04  5.4480E-04  5.7060E-04  5.9510E-04  6.3540E-04  6.7090E-04
-31  5.5550e-04  5.9350E-04  6.3120E-04  6.6120E-04  6.9430E-04  7.4060E-04  7.6780E-04
-30  6.4360e-04  6.9290E-04  7.3500E-04  7.7130E-04  8.1140E-04  8.5490E-04  8.7090E-04
-29  7.5780e-04  8.1320E-04  8.5880E-04  9.0100E-04  9.4140E-04  9.7490E-04  9.8410E-04
-28  8.9710e-04  9.5320E-04  1.0010E-03  1.0450E-03  1.0770E-03  1.0990E-03  1.1070E-03
-27  1.0540e-03  1.1090E-03  1.1580E-03  1.1940E-03  1.2130E-03  1.2270E-03  1.2320E-03
-26  1.2230e-03  1.2780E-03  1.3220E-03  1.3430E-03  1.3510E-03  1.3580E-03  1.3480E-03
-25  1.4060e-03  1.4600E-03  1.4910E-03  1.4970E-03  1.4950E-03  1.4900E-03  1.4520E-03
-24  1.6100e-03  1.6530E-03  1.6670E-03  1.6590E-03  1.6480E-03  1.6190E-03  1.5460E-03
-23  1.8350e-03  1.8560E-03  1.8520E-03  1.8320E-03  1.8030E-03  1.7430E-03  1.6410E-03
-22  2.0660e-03  2.0620E-03  2.0400E-03  2.0050E-03  1.9510E-03  1.8650E-03  1.7480E-03
-21  2.2860e-03  2.2590E-03  2.2210E-03  2.1690E-03  2.0950E-03  1.9980E-03  1.8870E-03
-20  2.4850e-03  2.4430E-03  2.3930E-03  2.3330E-03  2.2540E-03  2.1690E-03  2.0840E-03
-19  2.6760e-03  2.6260E-03  2.5780E-03  2.5280E-03  2.4630E-03  2.4070E-03  2.3560E-03
-18  2.8880e-03  2.8460E-03  2.8200E-03  2.7910E-03  2.7460E-03  2.7160E-03  2.6840E-03
-17  3.1700e-03  3.1550E-03  3.1540E-03  3.1310E-03  3.0890E-03  3.0570E-03  3.0150E-03
-16  3.5640e-03  3.5750E-03  3.5660E-03  3.5110E-03  3.4400E-03  3.3770E-03  3.3110E-03
-15  4.0750e-03  4.0690E-03  3.9980E-03  3.8790E-03  3.7620E-03  3.6610E-03  3.5820E-03
-14  4.6530e-03  4.5660E-03  4.4060E-03  4.2280E-03  4.0780E-03  3.9600E-03  3.8830E-03
-13  5.2480e-03  5.0500E-03  4.8260E-03  4.6260E-03  4.4690E-03  4.3520E-03  4.2670E-03
-12  5.8710e-03  5.5960E-03  5.3690E-03  5.1880E-03  5.0370E-03  4.9110E-03  4.7730E-03
-11  6.6160e-03  6.3360E-03  6.1650E-03  6.0250E-03  5.8690E-03  5.7000E-03  5.4540E-03
-10  7.6100e-03  7.4040E-03  7.3210E-03  7.2160E-03  7.0250E-03  6.7810E-03  6.4030E-03
-9  9.0100e-03  8.9230E-03  8.9160E-03  8.8080E-03  8.5510E-03  8.2200E-03  7.7440E-03
-8  1.1050e-02  1.1050E-02  1.1070E-02  1.0900E-02  1.0550E-02  1.0140E-02  9.6470E-03
-7  1.4140e-02  1.4130E-02  1.4100E-02  1.3840E-02  1.3400E-02  1.2950E-02  1.2520E-02
-6  1.9090e-02  1.8960E-02  1.8880E-02  1.8560E-02  1.8070E-02  1.7640E-02  1.7370E-02
-5  2.7290e-02  2.7020E-02  2.6950E-02  2.6670E-02  2.6250E-02  2.5970E-02  2.6010E-02
-4  4.0380e-02  4.0040E-02  4.0050E-02  3.9930E-02  3.9750E-02  3.9870E-02  4.0370E-02
-3  5.8720e-02  5.8530E-02  5.8640E-02  5.8800E-02  5.9040E-02  5.9760E-02  6.0700E-02
-2  7.9520e-02  7.9840E-02  8.0120E-02  8.0660E-02  8.1400E-02  8.2690E-02  8.3750E-02
-1  9.6860e-02  9.8040E-02  9.8580E-02  9.9500E-02  1.0060E-01  1.0230E-01  1.0300E-01
  0  1.0470e-01  1.0670E-01  1.0750E-01  1.0860E-01  1.0990E-01  1.1160E-01  1.1200E-01
  1  1.0080e-01  1.0300E-01  1.0370E-01  1.0470E-01  1.0600E-01  1.0750E-01  1.0780E-01
  2  8.7420e-02  8.8910E-02  8.9350E-02  8.9980E-02  9.1000E-02  9.2040E-02  9.2620E-02
  3  6.9170e-02  6.9470E-02  6.9570E-02  6.9800E-02  7.0400E-02  7.0850E-02  7.1690E-02
  4  5.0520e-02  4.9840E-02  4.9750E-02  4.9710E-02  4.9860E-02  4.9730E-02  5.0600E-02
  5  3.4670e-02  3.3580E-02  3.3440E-02  3.3280E-02  3.3100E-02  3.2580E-02  3.3220E-02
  6  2.3140e-02  2.2120E-02  2.1970E-02  2.1760E-02  2.1430E-02  2.0790E-02  2.1060E-02
  7  1.5850e-02  1.5070E-02  1.4870E-02  1.4630E-02  1.4270E-02  1.3680E-02  1.3630E-02
  8  1.1620e-02  1.1050E-02  1.0820E-02  1.0570E-02  1.0220E-02  9.7280E-03  9.4550E-03
  9  9.1560e-03  8.7200E-03  8.4860E-03  8.2450E-03  7.9450E-03  7.5210E-03  7.1320E-03
10  7.5590e-03  7.1960E-03  6.9820E-03  6.7710E-03  6.5250E-03  6.1720E-03  5.7540E-03
11  6.4250e-03  6.0920E-03  5.8850E-03  5.6970E-03  5.5040E-03  5.2340E-03  4.8620E-03
12  5.6150e-03  5.2910E-03  5.0670E-03  4.8770E-03  4.7130E-03  4.5160E-03  4.2320E-03
13  5.0470e-03  4.7470E-03  4.5030E-03  4.2940E-03  4.1250E-03  3.9610E-03  3.7520E-03
14  4.6150e-03  4.3790E-03  4.1450E-03  3.9230E-03  3.7360E-03  3.5680E-03  3.3850E-03
15  4.2050e-03  4.0680E-03  3.8880E-03  3.6880E-03  3.5000E-03  3.3210E-03  3.1270E-03
16  3.7630e-03  3.7200E-03  3.6230E-03  3.4820E-03  3.3270E-03  3.1640E-03  2.9600E-03
17  3.3070e-03  3.3200E-03  3.2960E-03  3.2270E-03  3.1300E-03  3.0100E-03  2.8270E-03
18  2.8880e-03  2.9120E-03  2.9280E-03  2.9130E-03  2.8680E-03  2.7980E-03  2.6610E-03
19  2.5460e-03  2.5510E-03  2.5740E-03  2.5820E-03  2.5660E-03  2.5290E-03  2.4390E-03
20  2.2890e-03  2.2640E-03  2.2720E-03  2.2810E-03  2.2720E-03  2.2460E-03  2.1870E-03
21  2.0990e-03  2.0500E-03  2.0340E-03  2.0310E-03  2.0190E-03  1.9920E-03  1.9450E-03
22  1.9460e-03  1.8950E-03  1.8570E-03  1.8340E-03  1.8130E-03  1.7820E-03  1.7350E-03
23  1.8030e-03  1.7770E-03  1.7310E-03  1.6870E-03  1.6520E-03  1.6120E-03  1.5620E-03
24  1.6550e-03  1.6670E-03  1.6360E-03  1.5840E-03  1.5340E-03  1.4810E-03  1.4230E-03
25  1.5010e-03  1.5490E-03  1.5480E-03  1.5070E-03  1.4500E-03  1.3850E-03  1.3170E-03
26  1.3450e-03  1.4180E-03  1.4500E-03  1.4330E-03  1.3830E-03  1.3120E-03  1.2360E-03
27  1.1920e-03  1.2760E-03  1.3350E-03  1.3460E-03  1.3120E-03  1.2440E-03  1.1630E-03
28  1.0480e-03  1.1300E-03  1.2050E-03  1.2420E-03  1.2270E-03  1.1670E-03  1.0880E-03
29  9.2290e-04  9.8760E-04  1.0660E-03  1.1200E-03  1.1260E-03  1.0790E-03  1.0060E-03
30  8.1950e-04  8.6100E-04  9.2730E-04  9.8740E-04  1.0110E-03  9.7920E-04  9.1530E-04
31  7.3750e-04  7.5770E-04  8.0320E-04  8.5550E-04  8.8700E-04  8.6970E-04  8.1900E-04
32  6.7120e-04  6.7810E-04  7.0220E-04  7.3790E-04  7.6600E-04  7.5750E-04  7.2070E-04
33  6.1430e-04  6.1610E-04  6.2510E-04  6.4290E-04  6.5940E-04  6.5190E-04  6.2680E-04
34  5.6340e-04  5.6450E-04  5.6620E-04  5.7070E-04  5.7360E-04  5.6110E-04  5.4260E-04
35  5.1760e-04  5.1880E-04  5.1840E-04  5.1570E-04  5.0850E-04  4.8890E-04  4.7100E-04
36  4.7560e-04  4.7760E-04  4.7660E-04  4.7170E-04  4.5940E-04  4.3450E-04  4.1340E-04
37  4.3470e-04  4.4090E-04  4.3890E-04  4.3360E-04  4.2030E-04  3.9370E-04  3.6900E-04
38  3.9330e-04  4.0700E-04  4.0570E-04  3.9960E-04  3.8680E-04  3.6090E-04  3.3530E-04
39  3.5240e-04  3.7300E-04  3.7630E-04  3.6950E-04  3.5680E-04  3.3250E-04  3.0750E-04
40  3.1460e-04  3.3810E-04  3.4850E-04  3.4340E-04  3.2990E-04  3.0690E-04  2.8250E-04
41  2.8220e-04  3.0390E-04  3.1980E-04  3.1950E-04  3.0660E-04  2.8480E-04  2.5970E-04
42  2.5500e-04  2.7280E-04  2.8990E-04  2.9520E-04  2.8540E-04  2.6620E-04  2.4010E-04
43  2.3190e-04  2.4610E-04  2.6120E-04  2.6940E-04  2.6430E-04  2.4950E-04  2.2380E-04
44  2.1150e-04  2.2360E-04  2.3530E-04  2.4310E-04  2.4190E-04  2.3210E-04  2.0880E-04
45  1.9310e-04  2.0400E-04  2.1330E-04  2.1900E-04  2.1930E-04  2.1300E-04  1.9300E-04
46  1.7620e-04  1.8650E-04  1.9450E-04  1.9820E-04  1.9810E-04  1.9320E-04  1.7560E-04
47  1.6060e-04  1.7060E-04  1.7800E-04  1.8080E-04  1.8000E-04  1.7470E-04  1.5840E-04
48  1.4680e-04  1.5580E-04  1.6310E-04  1.6570E-04  1.6450E-04  1.5860E-04  1.4290E-04
49  1.3510e-04  1.4240E-04  1.4950E-04  1.5220E-04  1.5130E-04  1.4480E-04  1.3000E-04
50  1.2500e-04  1.3060E-04  1.3700E-04  1.4000E-04  1.3920E-04  1.3270E-04  1.1930E-04
