rel_pix,1700A,1800A,1900A,2000A,2100A,2200A,2300A,2400A,2500A,2600A,2700A,2800A,2900A,3000A,3100A,3200A
  -50.1667 7.2210e-05 7.1700e-05 6.9390e-05 6.7230e-05 6.9840e-05 8.0280e-05 8.2170e-05 9.1200e-05 9.1410e-05 9.2880e-05 1.0140e-04 1.1196e-04 1.1415e-04 1.2201e-04 1.4373e-04 1.6530e-04
  -49.8333 7.0170e-05 6.7440e-05 6.6270e-05 6.5460e-05 6.9780e-05 7.6770e-05 7.7520e-05 8.8470e-05 8.8650e-05 9.0210e-05 1.0089e-04 1.1331e-04 1.1334e-04 1.2618e-04 1.4400e-04 1.7064e-04
  -49.5000 6.9870e-05 6.5760e-05 6.5550e-05 6.6360e-05 7.1130e-05 7.5390e-05 7.7670e-05 8.7810e-05 8.8140e-05 9.2460e-05 1.0200e-04 1.1532e-04 1.1538e-04 1.3302e-04 1.4973e-04 1.7943e-04
  -49.1667 7.0500e-05 6.6210e-05 6.6330e-05 6.8400e-05 7.2720e-05 7.5300e-05 8.0700e-05 8.8110e-05 8.8800e-05 9.7230e-05 1.0461e-04 1.1718e-04 1.1943e-04 1.3911e-04 1.5744e-04 1.8834e-04
  -48.8333 7.1490e-05 6.8130e-05 6.7380e-05 7.0230e-05 7.4310e-05 7.5810e-05 8.5020e-05 8.9130e-05 8.9880e-05 1.0221e-04 1.0905e-04 1.1898e-04 1.2447e-04 1.4364e-04 1.6608e-04 1.9533e-04
  -48.5000 7.2930e-05 7.0920e-05 6.8250e-05 7.1700e-05 7.6230e-05 7.6770e-05 8.9430e-05 9.1020e-05 9.1560e-05 1.0638e-04 1.1520e-04 1.2123e-04 1.3053e-04 1.4898e-04 1.7625e-04 2.0097e-04
  -48.1667 7.4910e-05 7.3770e-05 6.9300e-05 7.3440e-05 7.8660e-05 7.8510e-05 9.3210e-05 9.3450e-05 9.4620e-05 1.0986e-04 1.2183e-04 1.2429e-04 1.3818e-04 1.5714e-04 1.8783e-04 2.0721e-04
  -47.8333 7.6980e-05 7.5810e-05 7.0980e-05 7.5960e-05 8.1360e-05 8.1420e-05 9.6180e-05 9.5940e-05 9.9510e-05 1.1289e-04 1.2729e-04 1.2831e-04 1.4661e-04 1.6710e-04 1.9953e-04 2.1357e-04
  -47.5000 7.8540e-05 7.6890e-05 7.3530e-05 7.9260e-05 8.3760e-05 8.5470e-05 9.8280e-05 9.8280e-05 1.0572e-04 1.1619e-04 1.3095e-04 1.3317e-04 1.5381e-04 1.7724e-04 2.0937e-04 2.1804e-04
  -47.1667 7.9350e-05 7.7670e-05 7.6980e-05 8.2590e-05 8.5500e-05 9.0390e-05 9.9660e-05 1.0029e-04 1.1199e-04 1.2075e-04 1.3338e-04 1.3866e-04 1.5951e-04 1.8753e-04 2.1669e-04 2.2230e-04
  -46.8333 8.0100e-05 7.8900e-05 8.0640e-05 8.5350e-05 8.6820e-05 9.5790e-05 1.0113e-04 1.0218e-04 1.1742e-04 1.2708e-04 1.3560e-04 1.4529e-04 1.6629e-04 1.9890e-04 2.2308e-04 2.3109e-04
  -46.5000 8.1540e-05 8.0400e-05 8.3700e-05 8.7810e-05 8.8140e-05 1.0113e-04 1.0341e-04 1.0473e-04 1.2198e-04 1.3443e-04 1.3845e-04 1.5372e-04 1.7580e-04 2.1132e-04 2.2977e-04 2.4375e-04
  -46.1667 8.4030e-05 8.1690e-05 8.5920e-05 9.0510e-05 9.0030e-05 1.0575e-04 1.0641e-04 1.0914e-04 1.2582e-04 1.4115e-04 1.4247e-04 1.6293e-04 1.8693e-04 2.2329e-04 2.3532e-04 2.5257e-04
  -45.8333 8.7300e-05 8.2800e-05 8.8050e-05 9.3630e-05 9.3030e-05 1.0941e-04 1.0956e-04 1.1559e-04 1.2945e-04 1.4619e-04 1.4760e-04 1.7079e-04 1.9824e-04 2.3295e-04 2.3961e-04 2.5251e-04
  -45.5000 9.0600e-05 8.4420e-05 9.0870e-05 9.6780e-05 9.7380e-05 1.1205e-04 1.1244e-04 1.2300e-04 1.3401e-04 1.4958e-04 1.5381e-04 1.7745e-04 2.1015e-04 2.4048e-04 2.4690e-04 2.4732e-04
  -45.1667 9.3000e-05 8.7120e-05 9.4560e-05 9.9360e-05 1.0284e-04 1.1400e-04 1.1496e-04 1.2990e-04 1.4046e-04 1.5219e-04 1.6140e-04 1.8570e-04 2.2347e-04 2.4765e-04 2.5947e-04 2.4345e-04
  -44.8333 9.4290e-05 9.1050e-05 9.8430e-05 1.0119e-04 1.0905e-04 1.1595e-04 1.1745e-04 1.3569e-04 1.4841e-04 1.5513e-04 1.7094e-04 1.9698e-04 2.3760e-04 2.5437e-04 2.7132e-04 2.4204e-04
  -44.5000 9.5400e-05 9.5760e-05 1.0188e-04 1.0284e-04 1.1544e-04 1.1880e-04 1.2099e-04 1.4055e-04 1.5639e-04 1.5915e-04 1.8120e-04 2.0988e-04 2.5035e-04 2.5965e-04 2.7486e-04 2.4024e-04
  -44.1667 9.6990e-05 1.0017e-04 1.0509e-04 1.0494e-04 1.2117e-04 1.2246e-04 1.2666e-04 1.4484e-04 1.6278e-04 1.6455e-04 1.9011e-04 2.2308e-04 2.6031e-04 2.6610e-04 2.7072e-04 2.3724e-04
  -43.8333 9.8790e-05 1.0356e-04 1.0860e-04 1.0812e-04 1.2573e-04 1.2627e-04 1.3446e-04 1.4958e-04 1.6713e-04 1.7139e-04 1.9806e-04 2.3709e-04 2.6841e-04 2.7768e-04 2.6556e-04 2.3655e-04
  -43.5000 1.0041e-04 1.0644e-04 1.1256e-04 1.1271e-04 1.2906e-04 1.2975e-04 1.4298e-04 1.5603e-04 1.7037e-04 1.7991e-04 2.0808e-04 2.5242e-04 2.7594e-04 2.9115e-04 2.6280e-04 2.4258e-04
  -43.1667 1.0221e-04 1.0980e-04 1.1634e-04 1.1871e-04 1.3149e-04 1.3287e-04 1.5081e-04 1.6449e-04 1.7364e-04 1.9044e-04 2.2131e-04 2.6793e-04 2.8230e-04 2.9802e-04 2.6055e-04 2.5641e-04
  -42.8333 1.0509e-04 1.1403e-04 1.1934e-04 1.2576e-04 1.3392e-04 1.3623e-04 1.5744e-04 1.7373e-04 1.7799e-04 2.0175e-04 2.3613e-04 2.8128e-04 2.8866e-04 2.9571e-04 2.5755e-04 2.7468e-04
  -42.5000 1.0959e-04 1.1865e-04 1.2159e-04 1.3323e-04 1.3743e-04 1.4103e-04 1.6299e-04 1.8177e-04 1.8408e-04 2.1180e-04 2.5152e-04 2.9169e-04 2.9919e-04 2.9001e-04 2.5674e-04 2.9271e-04
  -42.1667 1.1541e-04 1.2309e-04 1.2387e-04 1.4028e-04 1.4196e-04 1.4838e-04 1.6839e-04 1.8759e-04 1.9188e-04 2.2155e-04 2.6805e-04 3.0030e-04 3.1350e-04 2.8614e-04 2.6289e-04 3.0840e-04
  -41.8333 1.2144e-04 1.2741e-04 1.2711e-04 1.4610e-04 1.4679e-04 1.5777e-04 1.7496e-04 1.9179e-04 2.0178e-04 2.3400e-04 2.8578e-04 3.0780e-04 3.2400e-04 2.8356e-04 2.7750e-04 3.2250e-04
  -41.5000 1.2651e-04 1.3206e-04 1.3194e-04 1.5054e-04 1.5126e-04 1.6746e-04 1.8372e-04 1.9560e-04 2.1396e-04 2.4969e-04 3.0270e-04 3.1440e-04 3.2430e-04 2.8065e-04 2.9724e-04 3.3390e-04
  -41.1667 1.3062e-04 1.3695e-04 1.3863e-04 1.5384e-04 1.5534e-04 1.7616e-04 1.9413e-04 2.0043e-04 2.2680e-04 2.6697e-04 3.1680e-04 3.2370e-04 3.1830e-04 2.7981e-04 3.1710e-04 3.4050e-04
  -40.8333 1.3476e-04 1.4136e-04 1.4679e-04 1.5699e-04 1.5984e-04 1.8345e-04 2.0409e-04 2.0721e-04 2.3850e-04 2.8518e-04 3.2760e-04 3.3810e-04 3.1320e-04 2.8614e-04 3.3480e-04 3.4110e-04
  -40.5000 1.3971e-04 1.4484e-04 1.5570e-04 1.6116e-04 1.6629e-04 1.9005e-04 2.1189e-04 2.1624e-04 2.5053e-04 3.0480e-04 3.3660e-04 3.5130e-04 3.0990e-04 3.0180e-04 3.5040e-04 3.3990e-04
  -40.1667 1.4529e-04 1.4781e-04 1.6425e-04 1.6662e-04 1.7559e-04 1.9722e-04 2.1747e-04 2.2791e-04 2.6565e-04 3.2520e-04 3.4380e-04 3.5520e-04 3.0720e-04 3.2340e-04 3.6270e-04 3.4170e-04
  -39.8333 1.5096e-04 1.5141e-04 1.7145e-04 1.7250e-04 1.8684e-04 2.0652e-04 2.2215e-04 2.4183e-04 2.8416e-04 3.4380e-04 3.5250e-04 3.5070e-04 3.0660e-04 3.4530e-04 3.6900e-04 3.4830e-04
  -39.5000 1.5669e-04 1.5663e-04 1.7697e-04 1.7802e-04 1.9812e-04 2.1810e-04 2.2767e-04 2.5614e-04 3.0450e-04 3.5880e-04 3.6600e-04 3.4440e-04 3.1320e-04 3.6480e-04 3.6960e-04 3.5970e-04
  -39.1667 1.6278e-04 1.6395e-04 1.8117e-04 1.8312e-04 2.0799e-04 2.3022e-04 2.3523e-04 2.6970e-04 3.2610e-04 3.6990e-04 3.8130e-04 3.4050e-04 3.2970e-04 3.8190e-04 3.6900e-04 3.7560e-04
  -38.8333 1.6893e-04 1.7319e-04 1.8519e-04 1.8912e-04 2.1660e-04 2.4054e-04 2.4564e-04 2.8434e-04 3.4920e-04 3.7860e-04 3.8970e-04 3.3750e-04 3.5310e-04 3.9450e-04 3.7200e-04 3.9240e-04
  -38.5000 1.7439e-04 1.8369e-04 1.9050e-04 1.9776e-04 2.2503e-04 2.4804e-04 2.5929e-04 3.0270e-04 3.7200e-04 3.8700e-04 3.8730e-04 3.3720e-04 3.7740e-04 4.0080e-04 3.8070e-04 4.0530e-04
  -38.1667 1.7883e-04 1.9428e-04 1.9743e-04 2.0970e-04 2.3517e-04 2.5395e-04 2.7516e-04 3.2460e-04 3.9180e-04 3.9900e-04 3.8100e-04 3.4410e-04 3.9930e-04 4.0140e-04 3.9480e-04 4.1310e-04
  -37.8333 1.8318e-04 2.0367e-04 2.0505e-04 2.2341e-04 2.4801e-04 2.6034e-04 2.9133e-04 3.4860e-04 4.0680e-04 4.1520e-04 3.7620e-04 3.6180e-04 4.1820e-04 4.0230e-04 4.1310e-04 4.1880e-04
  -37.5000 1.8885e-04 2.1111e-04 2.1222e-04 2.3652e-04 2.6229e-04 2.6886e-04 3.0720e-04 3.7470e-04 4.1760e-04 4.2690e-04 3.7260e-04 3.8730e-04 4.3170e-04 4.0770e-04 4.3020e-04 4.2690e-04
  -37.1667 1.9677e-04 2.1684e-04 2.1915e-04 2.4801e-04 2.7522e-04 2.8092e-04 3.2520e-04 4.0200e-04 4.2660e-04 4.2810e-04 3.7200e-04 4.1430e-04 4.3770e-04 4.1940e-04 4.4160e-04 4.3620e-04
  -36.8333 2.0721e-04 2.2212e-04 2.2743e-04 2.5845e-04 2.8497e-04 2.9655e-04 3.4740e-04 4.2780e-04 4.3770e-04 4.2210e-04 3.7920e-04 4.3920e-04 4.3890e-04 4.3680e-04 4.4880e-04 4.4160e-04
  -36.5000 2.1957e-04 2.2872e-04 2.3904e-04 2.6985e-04 2.9250e-04 3.1440e-04 3.7380e-04 4.4850e-04 4.5390e-04 4.1610e-04 3.9810e-04 4.6020e-04 4.4070e-04 4.5690e-04 4.5630e-04 4.4010e-04
  -36.1667 2.3241e-04 2.3739e-04 2.5404e-04 2.8401e-04 2.9997e-04 3.3300e-04 4.0320e-04 4.6350e-04 4.6920e-04 4.1220e-04 4.2600e-04 4.7430e-04 4.4850e-04 4.7370e-04 4.6590e-04 4.3170e-04
  -35.8333 2.4414e-04 2.4696e-04 2.7024e-04 3.0060e-04 3.0990e-04 3.5190e-04 4.3440e-04 4.7430e-04 4.7490e-04 4.1130e-04 4.5630e-04 4.8060e-04 4.6350e-04 4.8420e-04 4.7370e-04 4.2390e-04
  -35.5000 2.5365e-04 2.5620e-04 2.8536e-04 3.1650e-04 3.2370e-04 3.7380e-04 4.6590e-04 4.8480e-04 4.7070e-04 4.1910e-04 4.8420e-04 4.8210e-04 4.8390e-04 4.9230e-04 4.7520e-04 4.2540e-04
  -35.1667 2.6100e-04 2.6526e-04 2.9874e-04 3.2940e-04 3.4170e-04 4.0140e-04 4.9380e-04 5.0010e-04 4.6440e-04 4.3950e-04 5.0700e-04 4.8600e-04 5.0520e-04 5.0220e-04 4.6830e-04 4.3710e-04
  -34.8333 2.6769e-04 2.7627e-04 3.1200e-04 3.3900e-04 3.6240e-04 4.3350e-04 5.1480e-04 5.1750e-04 4.5960e-04 4.7010e-04 5.2200e-04 4.9650e-04 5.2080e-04 5.1240e-04 4.5900e-04 4.5090e-04
  -34.5000 2.7591e-04 2.9118e-04 3.2760e-04 3.4800e-04 3.8400e-04 4.6920e-04 5.2920e-04 5.2740e-04 4.5870e-04 5.0430e-04 5.2800e-04 5.1510e-04 5.3100e-04 5.1660e-04 4.5690e-04 4.6050e-04
  -34.1667 2.8662e-04 3.0960e-04 3.4650e-04 3.5940e-04 4.0710e-04 5.0610e-04 5.4000e-04 5.2590e-04 4.6650e-04 5.3580e-04 5.3010e-04 5.3790e-04 5.4060e-04 5.1120e-04 4.6650e-04 4.6920e-04
  -33.8333 2.9874e-04 3.2850e-04 3.6600e-04 3.7530e-04 4.3500e-04 5.4180e-04 5.5410e-04 5.1900e-04 4.8810e-04 5.6190e-04 5.3640e-04 5.5920e-04 5.5200e-04 5.0010e-04 4.8120e-04 4.8390e-04
  -33.5000 3.1050e-04 3.4620e-04 3.8280e-04 3.9600e-04 4.6890e-04 5.7120e-04 5.7270e-04 5.1330e-04 5.2140e-04 5.7870e-04 5.5140e-04 5.7390e-04 5.5980e-04 4.9350e-04 4.9320e-04 5.0670e-04
  -33.1667 3.2280e-04 3.6270e-04 3.9510e-04 4.1970e-04 5.0850e-04 5.9160e-04 5.8710e-04 5.1210e-04 5.5920e-04 5.8530e-04 5.7420e-04 5.8470e-04 5.5830e-04 4.9950e-04 5.0340e-04 5.3100e-04
  -32.8333 3.3780e-04 3.8070e-04 4.0620e-04 4.4520e-04 5.5110e-04 6.0510e-04 5.8950e-04 5.2050e-04 5.9460e-04 5.8890e-04 6.0000e-04 5.9610e-04 5.4750e-04 5.1420e-04 5.1900e-04 5.4900e-04
  -32.5000 3.5730e-04 4.0230e-04 4.1940e-04 4.7370e-04 5.9460e-04 6.1830e-04 5.8350e-04 5.4420e-04 6.2340e-04 5.9850e-04 6.2130e-04 6.0690e-04 5.3730e-04 5.2920e-04 5.4270e-04 5.6040e-04
  -32.1667 3.8010e-04 4.2600e-04 4.3770e-04 5.0820e-04 6.3360e-04 6.3690e-04 5.7690e-04 5.8110e-04 6.4140e-04 6.1800e-04 6.3570e-04 6.0930e-04 5.3820e-04 5.4150e-04 5.6910e-04 5.7330e-04
  -31.8333 4.0320e-04 4.4730e-04 4.6170e-04 5.5050e-04 6.6300e-04 6.5520e-04 5.7480e-04 6.2340e-04 6.4920e-04 6.4500e-04 6.4800e-04 6.0090e-04 5.5170e-04 5.5800e-04 5.8920e-04 5.9520e-04
  -31.5000 4.2480e-04 4.6410e-04 4.8990e-04 5.9880e-04 6.8160e-04 6.6270e-04 5.8380e-04 6.6330e-04 6.5520e-04 6.7170e-04 6.6030e-04 5.8890e-04 5.6820e-04 5.8290e-04 6.0240e-04 6.2490e-04
  -31.1667 4.4640e-04 4.7820e-04 5.2050e-04 6.5010e-04 6.9540e-04 6.5910e-04 6.0930e-04 6.9510e-04 6.6960e-04 6.9180e-04 6.6690e-04 5.8590e-04 5.8290e-04 6.1110e-04 6.1710e-04 6.5490e-04
  -30.8333 4.7130e-04 4.9380e-04 5.5590e-04 7.0050e-04 7.1280e-04 6.5190e-04 6.5010e-04 7.1460e-04 6.9450e-04 7.0620e-04 6.6180e-04 5.9700e-04 6.0030e-04 6.3420e-04 6.4080e-04 6.7830e-04
  -30.5000 4.9950e-04 5.1510e-04 5.9970e-04 7.4250e-04 7.3320e-04 6.4950e-04 6.9750e-04 7.2390e-04 7.2450e-04 7.1910e-04 6.4860e-04 6.1560e-04 6.2580e-04 6.5010e-04 6.7290e-04 6.9120e-04
  -30.1667 5.2710e-04 5.4330e-04 6.5220e-04 7.7130e-04 7.4640e-04 6.5880e-04 7.4280e-04 7.3350e-04 7.5120e-04 7.2900e-04 6.4050e-04 6.3300e-04 6.5580e-04 6.6690e-04 7.0590e-04 6.9360e-04
  -29.8333 5.4990e-04 5.7660e-04 7.1190e-04 7.8900e-04 7.4670e-04 6.8670e-04 7.7790e-04 7.5300e-04 7.7040e-04 7.2840e-04 6.4800e-04 6.5160e-04 6.8160e-04 6.9360e-04 7.3140e-04 6.9030e-04
  -29.5000 5.6850e-04 6.1440e-04 7.7370e-04 8.0550e-04 7.4070e-04 7.3200e-04 7.9920e-04 7.8300e-04 7.8510e-04 7.1640e-04 6.6660e-04 6.7710e-04 7.0050e-04 7.2900e-04 7.4490e-04 6.8760e-04
  -29.1667 5.8770e-04 6.5940e-04 8.3070e-04 8.2650e-04 7.3800e-04 7.8570e-04 8.1120e-04 8.1570e-04 7.9770e-04 7.0440e-04 6.8700e-04 7.0800e-04 7.2000e-04 7.6500e-04 7.4670e-04 6.8760e-04
  -28.8333 6.1320e-04 7.1490e-04 8.7420e-04 8.4450e-04 7.4790e-04 8.3640e-04 8.2590e-04 8.4210e-04 8.0190e-04 7.0650e-04 7.0740e-04 7.3590e-04 7.5000e-04 7.9200e-04 7.4250e-04 6.8790e-04
  -28.5000 6.4650e-04 7.8180e-04 9.0090e-04 8.5050e-04 7.7820e-04 8.7600e-04 8.5170e-04 8.6070e-04 7.9290e-04 7.2360e-04 7.3380e-04 7.5720e-04 7.8930e-04 8.0490e-04 7.3890e-04 6.8730e-04
  -28.1667 6.8640e-04 8.5530e-04 9.1890e-04 8.4630e-04 8.2890e-04 9.0030e-04 8.8710e-04 8.7570e-04 7.7910e-04 7.4610e-04 7.6650e-04 7.7970e-04 8.2800e-04 8.0520e-04 7.3740e-04 6.9210e-04
  -27.8333 7.3350e-04 9.2850e-04 9.3960e-04 8.4360e-04 8.8920e-04 9.1590e-04 9.2130e-04 8.8440e-04 7.7610e-04 7.6920e-04 7.9680e-04 8.1330e-04 8.5680e-04 7.9920e-04 7.3620e-04 7.1880e-04
  -27.5000 7.9110e-04 9.9060e-04 9.6120e-04 8.5380e-04 9.4710e-04 9.3660e-04 9.4680e-04 8.8020e-04 7.9080e-04 7.9740e-04 8.2110e-04 8.5620e-04 8.6940e-04 7.9440e-04 7.3620e-04 7.7670e-04
  -27.1667 8.6310e-04 1.0326e-03 9.7320e-04 8.8740e-04 9.9180e-04 9.6960e-04 9.6540e-04 8.6580e-04 8.1510e-04 8.3220e-04 8.4690e-04 8.9850e-04 8.6760e-04 7.9200e-04 7.5000e-04 8.4930e-04
  -26.8333 9.4740e-04 1.0572e-03 9.7290e-04 9.4410e-04 1.0200e-03 1.0089e-03 9.7800e-04 8.5770e-04 8.4150e-04 8.6580e-04 8.8440e-04 9.2880e-04 8.6010e-04 7.9050e-04 7.9380e-04 9.0870e-04
  -26.5000 1.0371e-03 1.0773e-03 9.7050e-04 1.0128e-03 1.0410e-03 1.0431e-03 9.7920e-04 8.6790e-04 8.7180e-04 8.9400e-04 9.3210e-04 9.4050e-04 8.5470e-04 7.9470e-04 8.6640e-04 9.4530e-04
  -26.1667 1.1211e-03 1.1004e-03 9.8190e-04 1.0788e-03 1.0689e-03 1.0674e-03 9.6690e-04 8.9280e-04 9.0870e-04 9.2430e-04 9.7830e-04 9.3720e-04 8.5140e-04 8.2260e-04 9.4170e-04 9.7080e-04
  -25.8333 1.1850e-03 1.1181e-03 1.0188e-03 1.1298e-03 1.1088e-03 1.0836e-03 9.5430e-04 9.2310e-04 9.4560e-04 9.6660e-04 1.0101e-03 9.2910e-04 8.5110e-04 8.8590e-04 9.9510e-04 9.9660e-04
  -25.5000 1.2234e-03 1.1229e-03 1.0827e-03 1.1634e-03 1.1508e-03 1.0902e-03 9.5880e-04 9.5730e-04 9.7770e-04 1.0197e-03 1.0209e-03 9.2310e-04 8.6520e-04 9.6990e-04 1.0284e-03 1.0230e-03
  -25.1667 1.2465e-03 1.1232e-03 1.1613e-03 1.1913e-03 1.1841e-03 1.0818e-03 9.8250e-04 9.9690e-04 1.0128e-03 1.0701e-03 1.0164e-03 9.1980e-04 9.1260e-04 1.0434e-03 1.0569e-03 1.0455e-03
  -24.8333 1.2699e-03 1.1364e-03 1.2375e-03 1.2282e-03 1.2066e-03 1.0671e-03 1.0161e-03 1.0368e-03 1.0608e-03 1.1028e-03 1.0074e-03 9.2430e-04 9.9510e-04 1.0914e-03 1.0860e-03 1.0572e-03
  -24.5000 1.2918e-03 1.1778e-03 1.2963e-03 1.2741e-03 1.2183e-03 1.0653e-03 1.0545e-03 1.0740e-03 1.1196e-03 1.1121e-03 1.0008e-03 9.5400e-04 1.0857e-03 1.1256e-03 1.1133e-03 1.0500e-03
  -24.1667 1.3032e-03 1.2504e-03 1.3374e-03 1.3173e-03 1.2159e-03 1.0863e-03 1.0974e-03 1.1145e-03 1.1742e-03 1.1058e-03 9.9960e-04 1.0248e-03 1.1538e-03 1.1580e-03 1.1310e-03 1.0272e-03
  -23.8333 1.3080e-03 1.3413e-03 1.3746e-03 1.3485e-03 1.2018e-03 1.1232e-03 1.1415e-03 1.1694e-03 1.2081e-03 1.0956e-03 1.0143e-03 1.1232e-03 1.1985e-03 1.1895e-03 1.1298e-03 1.0089e-03
  -23.5000 1.3245e-03 1.4295e-03 1.4211e-03 1.3671e-03 1.1940e-03 1.1667e-03 1.1838e-03 1.2354e-03 1.2162e-03 1.0893e-03 1.0659e-03 1.2138e-03 1.2354e-03 1.2135e-03 1.1091e-03 1.0095e-03
  -23.1667 1.3719e-03 1.4994e-03 1.4718e-03 1.3710e-03 1.2105e-03 1.2147e-03 1.2312e-03 1.2945e-03 1.2078e-03 1.0935e-03 1.1601e-03 1.2762e-03 1.2714e-03 1.2192e-03 1.0866e-03 1.0275e-03
  -22.8333 1.4553e-03 1.5510e-03 1.5138e-03 1.3599e-03 1.2489e-03 1.2645e-03 1.2939e-03 1.3293e-03 1.1964e-03 1.1256e-03 1.2681e-03 1.3209e-03 1.3017e-03 1.2024e-03 1.0815e-03 1.0581e-03
  -22.5000 1.5606e-03 1.5996e-03 1.5402e-03 1.3482e-03 1.2972e-03 1.3131e-03 1.3677e-03 1.3356e-03 1.1916e-03 1.2042e-03 1.3542e-03 1.3617e-03 1.3158e-03 1.1772e-03 1.0974e-03 1.0971e-03
  -22.1667 1.6641e-03 1.6545e-03 1.5513e-03 1.3587e-03 1.3509e-03 1.3683e-03 1.4319e-03 1.3245e-03 1.2066e-03 1.3194e-03 1.4133e-03 1.3983e-03 1.3053e-03 1.1658e-03 1.1286e-03 1.1355e-03
  -21.8333 1.7481e-03 1.7061e-03 1.5453e-03 1.3959e-03 1.4067e-03 1.4400e-03 1.4670e-03 1.3125e-03 1.2633e-03 1.4310e-03 1.4610e-03 1.4205e-03 1.2795e-03 1.1778e-03 1.1694e-03 1.1607e-03
  -21.5000 1.8126e-03 1.7427e-03 1.5330e-03 1.4496e-03 1.4631e-03 1.5219e-03 1.4700e-03 1.3128e-03 1.3716e-03 1.5129e-03 1.5048e-03 1.4172e-03 1.2627e-03 1.2084e-03 1.2111e-03 1.1643e-03
  -21.1667 1.8723e-03 1.7610e-03 1.5381e-03 1.5108e-03 1.5273e-03 1.5912e-03 1.4562e-03 1.3464e-03 1.5021e-03 1.5729e-03 1.5369e-03 1.3923e-03 1.2702e-03 1.2510e-03 1.2393e-03 1.1472e-03
  -20.8333 1.9317e-03 1.7613e-03 1.5726e-03 1.5738e-03 1.6089e-03 1.6254e-03 1.4448e-03 1.4355e-03 1.6131e-03 1.6245e-03 1.5432e-03 1.3707e-03 1.3002e-03 1.2954e-03 1.2441e-03 1.1253e-03
  -20.5000 1.9800e-03 1.7523e-03 1.6308e-03 1.6389e-03 1.7007e-03 1.6248e-03 1.4568e-03 1.5720e-03 1.6929e-03 1.6662e-03 1.5219e-03 1.3731e-03 1.3443e-03 1.3269e-03 1.2267e-03 1.1223e-03
  -20.1667 2.0079e-03 1.7535e-03 1.6998e-03 1.7133e-03 1.7745e-03 1.6083e-03 1.5189e-03 1.7118e-03 1.7556e-03 1.6824e-03 1.4958e-03 1.4019e-03 1.3917e-03 1.3332e-03 1.2054e-03 1.1532e-03
  -19.8333 2.0166e-03 1.7853e-03 1.7727e-03 1.8072e-03 1.8078e-03 1.6017e-03 1.6449e-03 1.8198e-03 1.8075e-03 1.6665e-03 1.4916e-03 1.4481e-03 1.4265e-03 1.3158e-03 1.2063e-03 1.2147e-03
  -19.5000 2.0130e-03 1.8474e-03 1.8474e-03 1.9095e-03 1.8036e-03 1.6341e-03 1.8051e-03 1.8999e-03 1.8354e-03 1.6368e-03 1.5171e-03 1.4988e-03 1.4346e-03 1.2948e-03 1.2447e-03 1.2894e-03
  -19.1667 2.0136e-03 1.9257e-03 1.9350e-03 1.9884e-03 1.7868e-03 1.7346e-03 1.9482e-03 1.9638e-03 1.8279e-03 1.6245e-03 1.5642e-03 1.5366e-03 1.4178e-03 1.2996e-03 1.3149e-03 1.3530e-03
  -18.8333 2.0430e-03 2.0094e-03 2.0436e-03 2.0199e-03 1.7922e-03 1.8984e-03 2.0553e-03 2.0049e-03 1.7976e-03 1.6449e-03 1.6182e-03 1.5459e-03 1.3980e-03 1.3467e-03 1.3944e-03 1.3830e-03
  -18.5000 2.1078e-03 2.0970e-03 2.1579e-03 2.0121e-03 1.8582e-03 2.0751e-03 2.1363e-03 2.0088e-03 1.7775e-03 1.6926e-03 1.6602e-03 1.5288e-03 1.4091e-03 1.4253e-03 1.4559e-03 1.3788e-03
  -18.1667 2.1963e-03 2.2002e-03 2.2413e-03 1.9989e-03 2.0055e-03 2.2197e-03 2.1930e-03 1.9812e-03 1.7916e-03 1.7511e-03 1.6716e-03 1.5114e-03 1.4655e-03 1.5087e-03 1.4793e-03 1.3692e-03
  -17.8333 2.2932e-03 2.3259e-03 2.2701e-03 2.0286e-03 2.2038e-03 2.3265e-03 2.2113e-03 1.9545e-03 1.8393e-03 1.7976e-03 1.6545e-03 1.5297e-03 1.5525e-03 1.5672e-03 1.4730e-03 1.3848e-03
  -17.5000 2.3973e-03 2.4531e-03 2.2602e-03 2.1423e-03 2.3919e-03 2.4027e-03 2.1891e-03 1.9617e-03 1.9023e-03 1.8108e-03 1.6407e-03 1.5963e-03 1.6377e-03 1.5846e-03 1.4709e-03 1.4289e-03
  -17.1667 2.5200e-03 2.5404e-03 2.2602e-03 2.3409e-03 2.5365e-03 2.4387e-03 2.1576e-03 2.0085e-03 1.9530e-03 1.7949e-03 1.6671e-03 1.6911e-03 1.6908e-03 1.5786e-03 1.4997e-03 1.4889e-03
  -16.8333 2.6661e-03 2.5659e-03 2.3295e-03 2.5680e-03 2.6394e-03 2.4267e-03 2.1570e-03 2.0757e-03 1.9686e-03 1.7859e-03 1.7439e-03 1.7772e-03 1.7031e-03 1.5870e-03 1.5552e-03 1.5723e-03
  -16.5000 2.8083e-03 2.5596e-03 2.5035e-03 2.7621e-03 2.6976e-03 2.3925e-03 2.2029e-03 2.1309e-03 1.9554e-03 1.8219e-03 1.8459e-03 1.8249e-03 1.7004e-03 1.6290e-03 1.6308e-03 1.7070e-03
  -16.1667 2.8989e-03 2.5875e-03 2.7519e-03 2.9037e-03 2.7003e-03 2.3847e-03 2.2737e-03 2.1504e-03 1.9521e-03 1.9101e-03 1.9323e-03 1.8342e-03 1.7217e-03 1.6983e-03 1.7460e-03 1.8972e-03
  -15.8333 2.9247e-03 2.7162e-03 3.0000e-03 2.9907e-03 2.6679e-03 2.4270e-03 2.3346e-03 2.1414e-03 1.9992e-03 2.0193e-03 1.9746e-03 1.8402e-03 1.7790e-03 1.7991e-03 1.9236e-03 2.0865e-03
  -15.5000 2.9325e-03 2.9589e-03 3.1950e-03 3.0150e-03 2.6532e-03 2.5014e-03 2.3595e-03 2.1447e-03 2.0997e-03 2.1048e-03 1.9848e-03 1.8774e-03 1.8684e-03 1.9578e-03 2.1357e-03 2.1969e-03
  -15.1667 3.0090e-03 3.2520e-03 3.3210e-03 2.9889e-03 2.6901e-03 2.5698e-03 2.3547e-03 2.2038e-03 2.2149e-03 2.1441e-03 2.0034e-03 1.9539e-03 2.0070e-03 2.1759e-03 2.3010e-03 2.2125e-03
  -14.8333 3.2130e-03 3.5130e-03 3.3750e-03 2.9673e-03 2.7681e-03 2.6013e-03 2.3670e-03 2.3169e-03 2.2989e-03 2.1594e-03 2.0601e-03 2.0751e-03 2.2155e-03 2.3880e-03 2.3634e-03 2.1906e-03
  -14.5000 3.5310e-03 3.6960e-03 3.3630e-03 2.9973e-03 2.8455e-03 2.6028e-03 2.4405e-03 2.4381e-03 2.3370e-03 2.1939e-03 2.1645e-03 2.2644e-03 2.4585e-03 2.5107e-03 2.3538e-03 2.1765e-03
  -14.1667 3.8610e-03 3.7920e-03 3.3360e-03 3.0780e-03 2.8842e-03 2.6265e-03 2.5671e-03 2.5209e-03 2.3607e-03 2.2761e-03 2.3316e-03 2.5179e-03 2.6451e-03 2.5326e-03 2.3349e-03 2.1543e-03
  -13.8333 4.1190e-03 3.7980e-03 3.3600e-03 3.1650e-03 2.8938e-03 2.7150e-03 2.6943e-03 2.5605e-03 2.4183e-03 2.4204e-03 2.5779e-03 2.7612e-03 2.7186e-03 2.5143e-03 2.3166e-03 2.1024e-03
  -13.5000 4.2720e-03 3.7740e-03 3.4440e-03 3.2160e-03 2.9301e-03 2.8551e-03 2.7759e-03 2.6004e-03 2.5371e-03 2.6475e-03 2.8602e-03 2.9025e-03 2.7150e-03 2.4957e-03 2.2725e-03 2.0529e-03
  -13.1667 4.3110e-03 3.7920e-03 3.5430e-03 3.2340e-03 3.0360e-03 2.9859e-03 2.8224e-03 2.6901e-03 2.7387e-03 2.9466e-03 3.0750e-03 2.9340e-03 2.6955e-03 2.4591e-03 2.2170e-03 2.0685e-03
  -12.8333 4.2930e-03 3.8760e-03 3.6030e-03 3.2880e-03 3.1860e-03 3.0690e-03 2.8875e-03 2.8611e-03 3.0360e-03 3.2310e-03 3.1650e-03 2.9199e-03 2.6643e-03 2.4012e-03 2.2125e-03 2.1837e-03
  -12.5000 4.3050e-03 3.9870e-03 3.6420e-03 3.4110e-03 3.3210e-03 3.1320e-03 3.0240e-03 3.1380e-03 3.3690e-03 3.3990e-03 3.1710e-03 2.8914e-03 2.6076e-03 2.3787e-03 2.3103e-03 2.3766e-03
  -12.1667 4.3920e-03 4.0710e-03 3.7140e-03 3.5730e-03 3.4140e-03 3.2340e-03 3.2670e-03 3.4950e-03 3.6240e-03 3.4440e-03 3.1470e-03 2.8383e-03 2.5698e-03 2.4555e-03 2.5002e-03 2.5746e-03
  -11.8333 4.5210e-03 4.1280e-03 3.8520e-03 3.7140e-03 3.5010e-03 3.4380e-03 3.6240e-03 3.8340e-03 3.7380e-03 3.4290e-03 3.0960e-03 2.7894e-03 2.6250e-03 2.6382e-03 2.7117e-03 2.7048e-03
  -11.5000 4.6290e-03 4.2180e-03 4.0290e-03 3.8220e-03 3.6630e-03 3.7740e-03 4.0290e-03 4.0410e-03 3.7500e-03 3.3870e-03 3.0420e-03 2.8212e-03 2.7975e-03 2.8614e-03 2.8623e-03 2.7501e-03
  -11.1667 4.7100e-03 4.3770e-03 4.1820e-03 3.9570e-03 3.9600e-03 4.2120e-03 4.3380e-03 4.1010e-03 3.7140e-03 3.3300e-03 3.0510e-03 2.9784e-03 3.0300e-03 3.0330e-03 2.9214e-03 2.7444e-03
  -10.8333 4.8240e-03 4.5660e-03 4.3230e-03 4.2060e-03 4.4040e-03 4.6260e-03 4.4820e-03 4.0830e-03 3.6570e-03 3.3210e-03 3.1890e-03 3.2190e-03 3.2250e-03 3.1080e-03 2.9193e-03 2.7216e-03
  -10.5000 5.0040e-03 4.7430e-03 4.5300e-03 4.6230e-03 4.8960e-03 4.8810e-03 4.5000e-03 4.0320e-03 3.6300e-03 3.4350e-03 3.4320e-03 3.4350e-03 3.3180e-03 3.1110e-03 2.8977e-03 2.7051e-03
  -10.1667 5.2140e-03 4.9410e-03 4.9020e-03 5.1660e-03 5.2800e-03 4.9650e-03 4.4610e-03 3.9930e-03 3.7200e-03 3.6750e-03 3.6690e-03 3.5490e-03 3.3300e-03 3.0930e-03 2.8884e-03 2.7330e-03
   -9.8333 5.4360e-03 5.2620e-03 5.4510e-03 5.6790e-03 5.4720e-03 4.9500e-03 4.4130e-03 4.0560e-03 3.9480e-03 3.9330e-03 3.8070e-03 3.5730e-03 3.3150e-03 3.0900e-03 2.9325e-03 2.8626e-03
   -9.5000 5.7270e-03 5.7840e-03 6.0750e-03 6.0120e-03 5.5050e-03 4.9020e-03 4.4490e-03 4.2690e-03 4.2270e-03 4.1010e-03 3.8490e-03 3.5640e-03 3.3240e-03 3.1530e-03 3.0900e-03 3.1440e-03
   -9.1667 6.2040e-03 6.4740e-03 6.5700e-03 6.1320e-03 5.4660e-03 4.9140e-03 4.6470e-03 4.5630e-03 4.4250e-03 4.1610e-03 3.8490e-03 3.5850e-03 3.4050e-03 3.3450e-03 3.4140e-03 3.5700e-03
   -8.8333 6.9120e-03 7.1370e-03 6.8220e-03 6.1200e-03 5.4630e-03 5.0880e-03 4.9530e-03 4.7970e-03 4.5090e-03 4.1700e-03 3.8820e-03 3.6930e-03 3.6360e-03 3.7140e-03 3.8850e-03 4.0500e-03
   -8.5000 7.7130e-03 7.5690e-03 6.8760e-03 6.1080e-03 5.6130e-03 5.4000e-03 5.2200e-03 4.9080e-03 4.5360e-03 4.2210e-03 4.0200e-03 3.9690e-03 4.0560e-03 4.2300e-03 4.3920e-03 4.4490e-03
   -8.1667 8.3550e-03 7.7400e-03 6.8730e-03 6.2370e-03 5.9250e-03 5.7030e-03 5.3640e-03 4.9560e-03 4.6080e-03 4.3950e-03 4.3470e-03 4.4490e-03 4.6260e-03 4.7700e-03 4.8090e-03 4.7430e-03
   -7.8333 8.7060e-03 7.7730e-03 6.9780e-03 6.5430e-03 6.2640e-03 5.8860e-03 5.4360e-03 5.0550e-03 4.8300e-03 4.7880e-03 4.9020e-03 5.0790e-03 5.2050e-03 5.2140e-03 5.1390e-03 5.0460e-03
   -7.5000 8.8230e-03 7.8630e-03 7.2750e-03 6.9120e-03 6.4950e-03 6.0000e-03 5.5800e-03 5.3400e-03 5.3010e-03 5.4270e-03 5.5980e-03 5.7000e-03 5.6850e-03 5.6010e-03 5.5230e-03 5.4900e-03
   -7.1667 8.9190e-03 8.1480e-03 7.6770e-03 7.2060e-03 6.6660e-03 6.2040e-03 5.9430e-03 5.9070e-03 6.0360e-03 6.2010e-03 6.2790e-03 6.2460e-03 6.1620e-03 6.0990e-03 6.0810e-03 6.0810e-03
   -6.8333 9.2070e-03 8.6010e-03 8.0550e-03 7.4580e-03 6.9450e-03 6.6630e-03 6.6270e-03 6.7590e-03 6.9120e-03 6.9720e-03 6.9270e-03 6.8520e-03 6.8010e-03 6.7830e-03 6.7680e-03 6.7140e-03
   -6.5000 9.7170e-03 9.0750e-03 8.4120e-03 7.8510e-03 7.5420e-03 7.5060e-03 7.6380e-03 7.7760e-03 7.8120e-03 7.7550e-03 7.6800e-03 7.6320e-03 7.5960e-03 7.5360e-03 7.4220e-03 7.2570e-03
   -6.1667 1.0326e-02 9.5790e-03 8.9550e-03 8.6130e-03 8.5620e-03 8.6790e-03 8.7900e-03 8.8020e-03 8.7330e-03 8.6550e-03 8.5920e-03 8.5170e-03 8.3910e-03 8.2050e-03 7.9710e-03 7.7220e-03
   -5.8333 1.0977e-02 1.0278e-02 9.8940e-03 9.8250e-03 9.9270e-03 1.0020e-02 1.0020e-02 9.9480e-03 9.8610e-03 9.7680e-03 9.6330e-03 9.4260e-03 9.1590e-03 8.8620e-03 8.5830e-03 8.3580e-03
   -5.5000 1.2021e-02 1.1604e-02 1.1529e-02 1.1625e-02 1.1703e-02 1.1691e-02 1.1607e-02 1.1487e-02 1.1325e-02 1.1094e-02 1.0785e-02 1.0425e-02 1.0068e-02 9.7620e-03 9.5430e-03 9.4110e-03
   -5.1667 1.3863e-02 1.3770e-02 1.3851e-02 1.3908e-02 1.3863e-02 1.3731e-02 1.3533e-02 1.3251e-02 1.2879e-02 1.2441e-02 1.1988e-02 1.1574e-02 1.1247e-02 1.1016e-02 1.0869e-02 1.0767e-02
   -4.8333 1.6185e-02 1.6260e-02 1.6299e-02 1.6212e-02 1.6005e-02 1.5687e-02 1.5258e-02 1.4730e-02 1.4163e-02 1.3629e-02 1.3179e-02 1.2828e-02 1.2570e-02 1.2369e-02 1.2183e-02 1.1970e-02
   -4.5000 1.9023e-02 1.8996e-02 1.8807e-02 1.8453e-02 1.7943e-02 1.7310e-02 1.6608e-02 1.5912e-02 1.5297e-02 1.4796e-02 1.4403e-02 1.4079e-02 1.3779e-02 1.3467e-02 1.3113e-02 1.2717e-02
   -4.1667 2.2269e-02 2.1918e-02 2.1339e-02 2.0571e-02 1.9683e-02 1.8774e-02 1.7931e-02 1.7205e-02 1.6605e-02 1.6101e-02 1.5642e-02 1.5192e-02 1.4718e-02 1.4223e-02 1.3716e-02 1.3221e-02
   -3.8333 2.5554e-02 2.4660e-02 2.3574e-02 2.2410e-02 2.1285e-02 2.0277e-02 1.9416e-02 1.8672e-02 1.8009e-02 1.7379e-02 1.6761e-02 1.6146e-02 1.5549e-02 1.4994e-02 1.4508e-02 1.4112e-02
   -3.5000 2.8542e-02 2.7063e-02 2.5569e-02 2.4183e-02 2.2962e-02 2.1906e-02 2.0982e-02 2.0139e-02 1.9353e-02 1.8621e-02 1.7949e-02 1.7361e-02 1.6881e-02 1.6521e-02 1.6290e-02 1.6191e-02
   -3.1667 3.1140e-02 2.9289e-02 2.7606e-02 2.6139e-02 2.4867e-02 2.3754e-02 2.2773e-02 2.1906e-02 2.1168e-02 2.0571e-02 2.0130e-02 1.9857e-02 1.9746e-02 1.9791e-02 1.9971e-02 2.0274e-02
   -2.8333 3.3810e-02 3.1800e-02 3.0120e-02 2.8674e-02 2.7474e-02 2.6490e-02 2.5716e-02 2.5155e-02 2.4807e-02 2.4666e-02 2.4723e-02 2.4960e-02 2.5353e-02 2.5878e-02 2.6517e-02 2.7252e-02
   -2.5000 3.7410e-02 3.5610e-02 3.4170e-02 3.3090e-02 3.2310e-02 3.1860e-02 3.1650e-02 3.1710e-02 3.1980e-02 3.2460e-02 3.3120e-02 3.3900e-02 3.4800e-02 3.5760e-02 3.6810e-02 3.7920e-02
   -2.1667 4.3980e-02 4.2810e-02 4.2120e-02 4.1790e-02 4.1790e-02 4.2060e-02 4.2600e-02 4.3350e-02 4.4220e-02 4.5240e-02 4.6320e-02 4.7460e-02 4.8660e-02 4.9860e-02 5.1060e-02 5.2260e-02
   -1.8333 5.6730e-02 5.6610e-02 5.6880e-02 5.7420e-02 5.8200e-02 5.9160e-02 6.0240e-02 6.1380e-02 6.2580e-02 6.3780e-02 6.4980e-02 6.6150e-02 6.7260e-02 6.8310e-02 6.9270e-02 7.0140e-02
   -1.5000 7.9500e-02 8.0490e-02 8.1630e-02 8.2860e-02 8.4180e-02 8.5470e-02 8.6790e-02 8.8020e-02 8.9190e-02 9.0300e-02 9.1290e-02 9.2190e-02 9.3000e-02 9.3690e-02 9.4290e-02 9.4800e-02
   -1.1667 1.1646e-01 1.1865e-01 1.2072e-01 1.2264e-01 1.2441e-01 1.2603e-01 1.2747e-01 1.2879e-01 1.2993e-01 1.3095e-01 1.3182e-01 1.3260e-01 1.3329e-01 1.3386e-01 1.3440e-01 1.3488e-01
   -0.8333 1.7049e-01 1.7445e-01 1.7793e-01 1.8096e-01 1.8357e-01 1.8582e-01 1.8777e-01 1.8945e-01 1.9086e-01 1.9206e-01 1.9308e-01 1.9392e-01 1.9467e-01 1.9530e-01 1.9587e-01 1.9638e-01
   -0.5000 2.3397e-01 2.4024e-01 2.4555e-01 2.5008e-01 2.5389e-01 2.5707e-01 2.5968e-01 2.6181e-01 2.6355e-01 2.6490e-01 2.6595e-01 2.6670e-01 2.6721e-01 2.6754e-01 2.6766e-01 2.6766e-01
   -0.1667 2.8107e-01 2.8899e-01 2.9565e-01 3.0120e-01 3.0570e-01 3.0960e-01 3.1260e-01 3.1500e-01 3.1680e-01 3.1800e-01 3.1890e-01 3.1920e-01 3.1920e-01 3.1890e-01 3.1860e-01 3.1770e-01
    0.1667 2.8371e-01 2.9142e-01 2.9787e-01 3.0330e-01 3.0750e-01 3.1110e-01 3.1410e-01 3.1620e-01 3.1800e-01 3.1890e-01 3.1980e-01 3.2010e-01 3.2010e-01 3.1980e-01 3.1920e-01 3.1830e-01
    0.5000 2.4078e-01 2.4657e-01 2.5146e-01 2.5554e-01 2.5893e-01 2.6172e-01 2.6394e-01 2.6574e-01 2.6712e-01 2.6817e-01 2.6889e-01 2.6937e-01 2.6967e-01 2.6976e-01 2.6970e-01 2.6949e-01
    0.8333 1.7877e-01 1.8228e-01 1.8537e-01 1.8807e-01 1.9035e-01 1.9227e-01 1.9389e-01 1.9521e-01 1.9629e-01 1.9716e-01 1.9785e-01 1.9839e-01 1.9881e-01 1.9914e-01 1.9941e-01 1.9965e-01
    1.1667 1.2381e-01 1.2558e-01 1.2735e-01 1.2909e-01 1.3071e-01 1.3221e-01 1.3356e-01 1.3476e-01 1.3578e-01 1.3665e-01 1.3734e-01 1.3794e-01 1.3839e-01 1.3878e-01 1.3908e-01 1.3932e-01
    1.5000 8.5440e-02 8.5830e-02 8.6550e-02 8.7540e-02 8.8680e-02 8.9910e-02 9.1200e-02 9.2490e-02 9.3720e-02 9.4890e-02 9.5940e-02 9.6870e-02 9.7680e-02 9.8370e-02 9.8940e-02 9.9390e-02
    1.8333 6.1890e-02 6.1140e-02 6.0840e-02 6.0900e-02 6.1320e-02 6.2010e-02 6.2940e-02 6.4020e-02 6.5250e-02 6.6510e-02 6.7800e-02 6.9090e-02 7.0350e-02 7.1550e-02 7.2630e-02 7.3650e-02
    2.1667 4.8360e-02 4.6860e-02 4.5750e-02 4.5000e-02 4.4580e-02 4.4490e-02 4.4670e-02 4.5150e-02 4.5840e-02 4.6710e-02 4.7760e-02 4.8900e-02 5.0160e-02 5.1450e-02 5.2770e-02 5.4120e-02
    2.5000 4.0470e-02 3.8640e-02 3.7170e-02 3.5970e-02 3.5010e-02 3.4290e-02 3.3810e-02 3.3570e-02 3.3570e-02 3.3780e-02 3.4200e-02 3.4800e-02 3.5580e-02 3.6480e-02 3.7500e-02 3.8610e-02
    2.8333 3.5640e-02 3.3600e-02 3.1950e-02 3.0600e-02 2.9499e-02 2.8551e-02 2.7747e-02 2.7084e-02 2.6577e-02 2.6241e-02 2.6082e-02 2.6100e-02 2.6283e-02 2.6622e-02 2.7096e-02 2.7693e-02
    3.1667 3.2460e-02 3.0360e-02 2.8539e-02 2.7057e-02 2.5872e-02 2.4909e-02 2.4087e-02 2.3352e-02 2.2689e-02 2.2101e-02 2.1606e-02 2.1228e-02 2.0979e-02 2.0862e-02 2.0877e-02 2.1015e-02
    3.5000 2.9880e-02 2.8119e-02 2.6343e-02 2.4723e-02 2.3364e-02 2.2287e-02 2.1441e-02 2.0745e-02 2.0139e-02 1.9575e-02 1.9038e-02 1.8534e-02 1.8084e-02 1.7703e-02 1.7415e-02 1.7223e-02
    3.8333 2.7024e-02 2.5962e-02 2.4636e-02 2.3190e-02 2.1774e-02 2.0523e-02 1.9509e-02 1.8717e-02 1.8108e-02 1.7610e-02 1.7169e-02 1.6740e-02 1.6314e-02 1.5888e-02 1.5486e-02 1.5123e-02
    4.1667 2.3724e-02 2.3328e-02 2.2653e-02 2.1723e-02 2.0607e-02 1.9425e-02 1.8303e-02 1.7337e-02 1.6569e-02 1.5984e-02 1.5540e-02 1.5177e-02 1.4850e-02 1.4526e-02 1.4190e-02 1.3842e-02
    4.5000 2.0322e-02 2.0355e-02 2.0196e-02 1.9806e-02 1.9197e-02 1.8390e-02 1.7454e-02 1.6485e-02 1.5594e-02 1.4850e-02 1.4271e-02 1.3839e-02 1.3515e-02 1.3257e-02 1.3023e-02 1.2786e-02
    4.8333 1.7205e-02 1.7379e-02 1.7520e-02 1.7511e-02 1.7328e-02 1.6968e-02 1.6437e-02 1.5747e-02 1.4967e-02 1.4190e-02 1.3494e-02 1.2921e-02 1.2486e-02 1.2162e-02 1.1922e-02 1.1730e-02
    5.1667 1.4706e-02 1.4736e-02 1.4952e-02 1.5162e-02 1.5246e-02 1.5186e-02 1.5000e-02 1.4670e-02 1.4190e-02 1.3593e-02 1.2942e-02 1.2309e-02 1.1757e-02 1.1310e-02 1.0971e-02 1.0719e-02
    5.5000 1.2798e-02 1.2525e-02 1.2555e-02 1.2774e-02 1.3005e-02 1.3137e-02 1.3146e-02 1.3062e-02 1.2876e-02 1.2573e-02 1.2147e-02 1.1631e-02 1.1091e-02 1.0587e-02 1.0155e-02 9.8100e-03
    5.8333 1.1214e-02 1.0734e-02 1.0497e-02 1.0524e-02 1.0740e-02 1.0995e-02 1.1163e-02 1.1223e-02 1.1208e-02 1.1127e-02 1.0968e-02 1.0695e-02 1.0320e-02 9.8910e-03 9.4560e-03 9.0630e-03
    6.1667 1.0146e-02 9.5970e-03 9.1860e-03 8.9670e-03 8.9730e-03 9.1710e-03 9.4260e-03 9.6150e-03 9.6990e-03 9.7140e-03 9.6930e-03 9.6180e-03 9.4620e-03 9.2100e-03 8.8830e-03 8.5200e-03
    6.5000 9.3390e-03 8.8200e-03 8.3670e-03 8.0280e-03 7.8330e-03 7.8300e-03 8.0070e-03 8.2590e-03 8.4630e-03 8.5650e-03 8.5950e-03 8.5950e-03 8.5740e-03 8.4960e-03 8.3400e-03 8.1000e-03
    6.8333 8.6280e-03 8.1750e-03 7.7190e-03 7.3380e-03 7.0590e-03 6.8880e-03 6.8730e-03 7.0350e-03 7.2870e-03 7.5120e-03 7.6380e-03 7.6830e-03 7.6950e-03 7.7010e-03 7.6860e-03 7.6050e-03
    7.1667 8.0490e-03 7.6470e-03 7.2390e-03 6.8310e-03 6.5160e-03 6.2790e-03 6.1170e-03 6.0840e-03 6.2160e-03 6.4560e-03 6.6900e-03 6.8370e-03 6.8910e-03 6.9090e-03 6.9300e-03 6.9450e-03
    7.5000 7.6410e-03 7.1580e-03 6.8250e-03 6.4530e-03 6.1020e-03 5.8470e-03 5.6520e-03 5.5020e-03 5.4480e-03 5.5440e-03 5.7630e-03 6.0000e-03 6.1590e-03 6.2190e-03 6.2310e-03 6.2460e-03
    7.8333 7.4610e-03 6.7770e-03 6.4230e-03 6.1320e-03 5.7900e-03 5.4900e-03 5.2830e-03 5.1270e-03 4.9890e-03 4.9230e-03 4.9920e-03 5.1870e-03 5.4210e-03 5.5860e-03 5.6580e-03 5.6670e-03
    8.1667 7.3860e-03 6.5670e-03 6.0630e-03 5.7990e-03 5.5410e-03 5.2320e-03 4.9710e-03 4.8090e-03 4.6800e-03 4.5540e-03 4.4790e-03 4.5210e-03 4.6950e-03 4.9200e-03 5.1000e-03 5.1840e-03
    8.5000 7.2270e-03 6.5010e-03 5.8320e-03 5.4660e-03 5.2620e-03 5.0310e-03 4.7520e-03 4.5300e-03 4.4040e-03 4.3020e-03 4.1850e-03 4.0980e-03 4.1190e-03 4.2630e-03 4.4790e-03 4.6680e-03
    8.8333 6.8760e-03 6.4290e-03 5.7570e-03 5.2290e-03 4.9650e-03 4.8000e-03 4.5870e-03 4.3350e-03 4.1490e-03 4.0560e-03 3.9750e-03 3.8670e-03 3.7740e-03 3.7680e-03 3.8880e-03 4.0860e-03
    9.1667 6.3720e-03 6.2010e-03 5.7240e-03 5.1270e-03 4.7280e-03 4.5360e-03 4.4010e-03 4.2000e-03 3.9720e-03 3.8160e-03 3.7470e-03 3.6870e-03 3.5910e-03 3.4920e-03 3.4680e-03 3.5580e-03
    9.5000 5.7870e-03 5.8260e-03 5.5890e-03 5.1060e-03 4.6020e-03 4.3050e-03 4.1670e-03 4.0500e-03 3.8670e-03 3.6570e-03 3.5250e-03 3.4800e-03 3.4350e-03 3.3450e-03 3.2430e-03 3.2040e-03
    9.8333 5.1870e-03 5.3850e-03 5.3130e-03 5.0400e-03 4.5690e-03 4.1610e-03 3.9480e-03 3.8460e-03 3.7470e-03 3.5730e-03 3.3810e-03 3.2730e-03 3.2430e-03 3.2100e-03 3.1260e-03 3.0240e-03
   10.1667 4.6680e-03 4.9050e-03 4.9680e-03 4.8450e-03 4.5420e-03 4.1100e-03 3.7920e-03 3.6360e-03 3.5640e-03 3.4770e-03 3.3120e-03 3.1350e-03 3.0480e-03 3.0360e-03 3.0090e-03 2.9313e-03
   10.5000 4.3320e-03 4.4130e-03 4.6020e-03 4.5660e-03 4.4250e-03 4.0980e-03 3.7200e-03 3.4800e-03 3.3660e-03 3.3180e-03 3.2370e-03 3.0780e-03 2.9169e-03 2.8500e-03 2.8491e-03 2.8311e-03
   10.8333 4.1670e-03 4.0080e-03 4.2030e-03 4.2750e-03 4.2000e-03 4.0410e-03 3.7080e-03 3.3900e-03 3.2100e-03 3.1290e-03 3.0960e-03 3.0210e-03 2.8653e-03 2.7237e-03 2.6727e-03 2.6817e-03
   11.1667 4.0710e-03 3.7590e-03 3.7980e-03 3.9720e-03 3.9450e-03 3.8760e-03 3.6900e-03 3.3660e-03 3.1140e-03 2.9772e-03 2.9187e-03 2.9013e-03 2.8242e-03 2.6772e-03 2.5500e-03 2.5134e-03
   11.5000 3.9810e-03 3.6420e-03 3.4800e-03 3.6360e-03 3.7080e-03 3.6480e-03 3.5850e-03 3.3660e-03 3.0720e-03 2.8770e-03 2.7696e-03 2.7348e-03 2.7213e-03 2.6490e-03 2.5074e-03 2.3937e-03
   11.8333 3.9060e-03 3.5700e-03 3.2910e-03 3.3000e-03 3.4590e-03 3.4380e-03 3.3900e-03 3.3120e-03 3.0720e-03 2.8224e-03 2.6706e-03 2.5887e-03 2.5656e-03 2.5635e-03 2.4897e-03 2.3535e-03
   12.1667 3.8820e-03 3.4890e-03 3.2070e-03 3.0420e-03 3.1680e-03 3.2550e-03 3.1890e-03 3.1620e-03 3.0540e-03 2.8101e-03 2.6094e-03 2.4918e-03 2.4228e-03 2.4186e-03 2.4198e-03 2.3448e-03
   12.5000 3.9030e-03 3.4200e-03 3.1500e-03 2.9025e-03 2.8878e-03 3.0390e-03 3.0300e-03 2.9688e-03 2.9571e-03 2.8110e-03 2.5827e-03 2.4282e-03 2.3295e-03 2.2770e-03 2.2860e-03 2.2905e-03
   12.8333 3.9420e-03 3.3960e-03 3.0810e-03 2.8416e-03 2.6841e-03 2.7831e-03 2.8806e-03 2.8107e-03 2.7861e-03 2.7615e-03 2.5848e-03 2.3892e-03 2.2689e-03 2.1837e-03 2.1459e-03 2.1690e-03
   13.1667 3.9390e-03 3.4170e-03 3.0150e-03 2.7984e-03 2.5791e-03 2.5461e-03 2.6850e-03 2.6949e-03 2.6184e-03 2.6283e-03 2.5701e-03 2.3820e-03 2.2230e-03 2.1267e-03 2.0511e-03 2.0304e-03
   13.5000 3.8310e-03 3.4560e-03 2.9898e-03 2.7372e-03 2.5359e-03 2.3850e-03 2.4582e-03 2.5638e-03 2.5050e-03 2.4588e-03 2.4828e-03 2.3853e-03 2.2026e-03 2.0796e-03 1.9974e-03 1.9320e-03
   13.8333 3.6120e-03 3.4830e-03 3.0090e-03 2.6748e-03 2.5011e-03 2.3064e-03 2.2602e-03 2.3841e-03 2.4162e-03 2.3292e-03 2.3298e-03 2.3406e-03 2.2089e-03 2.0478e-03 1.9533e-03 1.8798e-03
   14.1667 3.3780e-03 3.4320e-03 3.0450e-03 2.6490e-03 2.4462e-03 2.2749e-03 2.1330e-03 2.1849e-03 2.2941e-03 2.2530e-03 2.1828e-03 2.2191e-03 2.1963e-03 2.0469e-03 1.9143e-03 1.8411e-03
   14.5000 3.2460e-03 3.2700e-03 3.0840e-03 2.6643e-03 2.3871e-03 2.2479e-03 2.0733e-03 2.0208e-03 2.1267e-03 2.1780e-03 2.0952e-03 2.0670e-03 2.1147e-03 2.0526e-03 1.9011e-03 1.8000e-03
   14.8333 3.2430e-03 3.0450e-03 3.0780e-03 2.6985e-03 2.3595e-03 2.2005e-03 2.0511e-03 1.9197e-03 1.9527e-03 2.0595e-03 2.0445e-03 1.9560e-03 1.9749e-03 2.0097e-03 1.9110e-03 1.7742e-03
   15.1667 3.3090e-03 2.8695e-03 2.9745e-03 2.7381e-03 2.3721e-03 2.1435e-03 2.0313e-03 1.8741e-03 1.8162e-03 1.9050e-03 1.9737e-03 1.9032e-03 1.8441e-03 1.8966e-03 1.8990e-03 1.7784e-03
   15.5000 3.3540e-03 2.8038e-03 2.7828e-03 2.7588e-03 2.4036e-03 2.1126e-03 1.9902e-03 1.8585e-03 1.7358e-03 1.7535e-03 1.8576e-03 1.8651e-03 1.7721e-03 1.7577e-03 1.8219e-03 1.7850e-03
   15.8333 3.2940e-03 2.8356e-03 2.5893e-03 2.7057e-03 2.4408e-03 2.1228e-03 1.9353e-03 1.8438e-03 1.7019e-03 1.6407e-03 1.7154e-03 1.7934e-03 1.7442e-03 1.6590e-03 1.6929e-03 1.7436e-03
   16.1667 3.0990e-03 2.9061e-03 2.4714e-03 2.5587e-03 2.4738e-03 2.1519e-03 1.9014e-03 1.8078e-03 1.6920e-03 1.5771e-03 1.5843e-03 1.6797e-03 1.7088e-03 1.6203e-03 1.5732e-03 1.6386e-03
   16.5000 2.8113e-03 2.9388e-03 2.4519e-03 2.3718e-03 2.4606e-03 2.1840e-03 1.9080e-03 1.7550e-03 1.6815e-03 1.5525e-03 1.4913e-03 1.5507e-03 1.6335e-03 1.6053e-03 1.5108e-03 1.5114e-03
   16.8333 2.5239e-03 2.8695e-03 2.5029e-03 2.2236e-03 2.3598e-03 2.2203e-03 1.9350e-03 1.7187e-03 1.6503e-03 1.5471e-03 1.4415e-03 1.4385e-03 1.5240e-03 1.5669e-03 1.4958e-03 1.4226e-03
   17.1667 2.3061e-03 2.6847e-03 2.5686e-03 2.1564e-03 2.1948e-03 2.2350e-03 1.9623e-03 1.7211e-03 1.6002e-03 1.5402e-03 1.4235e-03 1.3623e-03 1.4079e-03 1.4895e-03 1.4829e-03 1.3926e-03
   17.5000 2.1831e-03 2.4333e-03 2.5875e-03 2.1684e-03 2.0352e-03 2.1774e-03 1.9959e-03 1.7478e-03 1.5609e-03 1.5135e-03 1.4214e-03 1.3230e-03 1.3119e-03 1.3866e-03 1.4382e-03 1.3905e-03
   17.8333 2.1327e-03 2.1900e-03 2.5131e-03 2.2269e-03 1.9329e-03 2.0439e-03 2.0259e-03 1.7736e-03 1.5585e-03 1.4658e-03 1.4172e-03 1.3095e-03 1.2495e-03 1.2834e-03 1.3602e-03 1.3737e-03
   18.1667 2.1027e-03 2.0091e-03 2.3415e-03 2.2836e-03 1.9035e-03 1.8888e-03 2.0049e-03 1.8018e-03 1.5840e-03 1.4238e-03 1.3938e-03 1.3098e-03 1.2183e-03 1.2009e-03 1.2654e-03 1.3230e-03
   18.5000 2.0550e-03 1.9080e-03 2.1213e-03 2.2902e-03 1.9335e-03 1.7670e-03 1.9071e-03 1.8366e-03 1.6101e-03 1.4160e-03 1.3482e-03 1.3086e-03 1.2087e-03 1.1490e-03 1.1748e-03 1.2462e-03
   18.8333 1.9845e-03 1.8690e-03 1.9152e-03 2.2122e-03 1.9914e-03 1.7034e-03 1.7673e-03 1.8426e-03 1.6335e-03 1.4394e-03 1.3035e-03 1.2891e-03 1.2108e-03 1.1241e-03 1.1043e-03 1.1595e-03
   19.1667 1.8990e-03 1.8504e-03 1.7634e-03 2.0535e-03 2.0379e-03 1.7001e-03 1.6395e-03 1.7796e-03 1.6662e-03 1.4664e-03 1.2906e-03 1.2462e-03 1.2123e-03 1.1175e-03 1.0608e-03 1.0791e-03
   19.5000 1.7979e-03 1.8183e-03 1.6782e-03 1.8609e-03 2.0346e-03 1.7391e-03 1.5534e-03 1.6608e-03 1.6890e-03 1.4865e-03 1.3116e-03 1.2000e-03 1.1964e-03 1.1214e-03 1.0407e-03 1.0179e-03
   19.8333 1.6686e-03 1.7634e-03 1.6467e-03 1.6863e-03 1.9554e-03 1.7919e-03 1.5180e-03 1.5351e-03 1.6581e-03 1.5144e-03 1.3398e-03 1.1817e-03 1.1565e-03 1.1247e-03 1.0365e-03 9.8100e-04
   20.1667 1.5231e-03 1.6995e-03 1.6365e-03 1.5579e-03 1.8099e-03 1.8279e-03 1.5303e-03 1.4373e-03 1.5648e-03 1.5456e-03 1.3578e-03 1.1997e-03 1.1100e-03 1.1121e-03 1.0413e-03 9.6480e-04
   20.5000 1.4028e-03 1.6308e-03 1.6146e-03 1.4844e-03 1.6416e-03 1.8162e-03 1.5717e-03 1.3788e-03 1.4481e-03 1.5414e-03 1.3791e-03 1.2291e-03 1.0875e-03 1.0749e-03 1.0458e-03 9.6210e-04
   20.8333 1.3398e-03 1.5408e-03 1.5720e-03 1.4592e-03 1.4931e-03 1.7367e-03 1.6179e-03 1.3635e-03 1.3473e-03 1.4751e-03 1.4118e-03 1.2474e-03 1.1010e-03 1.0287e-03 1.0356e-03 9.6750e-04
   21.1667 1.3302e-03 1.4214e-03 1.5210e-03 1.4541e-03 1.3839e-03 1.6032e-03 1.6446e-03 1.3857e-03 1.2753e-03 1.3710e-03 1.4268e-03 1.2630e-03 1.1310e-03 1.0023e-03 1.0017e-03 9.7290e-04
   21.5000 1.3398e-03 1.2984e-03 1.4724e-03 1.4397e-03 1.3203e-03 1.4559e-03 1.6266e-03 1.4262e-03 1.2375e-03 1.2714e-03 1.3878e-03 1.2924e-03 1.1508e-03 1.0116e-03 9.5580e-04 9.6480e-04
   21.8333 1.3404e-03 1.2105e-03 1.4145e-03 1.4073e-03 1.2987e-03 1.3290e-03 1.5483e-03 1.4649e-03 1.2369e-03 1.1940e-03 1.3005e-03 1.3194e-03 1.1622e-03 1.0413e-03 9.2580e-04 9.3420e-04
   22.1667 1.3302e-03 1.1751e-03 1.3278e-03 1.3650e-03 1.2966e-03 1.2357e-03 1.4259e-03 1.4841e-03 1.2636e-03 1.1409e-03 1.2048e-03 1.3050e-03 1.1850e-03 1.0641e-03 9.2970e-04 8.8980e-04
   22.5000 1.3296e-03 1.1769e-03 1.2180e-03 1.3266e-03 1.2891e-03 1.1808e-03 1.2966e-03 1.4616e-03 1.2999e-03 1.1187e-03 1.1262e-03 1.2375e-03 1.2168e-03 1.0737e-03 9.5820e-04 8.5650e-04
   22.8333 1.3563e-03 1.1859e-03 1.1190e-03 1.2903e-03 1.2654e-03 1.1619e-03 1.1883e-03 1.3854e-03 1.3314e-03 1.1283e-03 1.0671e-03 1.1478e-03 1.2225e-03 1.0896e-03 9.8400e-04 8.5530e-04
   23.1667 1.4034e-03 1.1826e-03 1.0590e-03 1.2345e-03 1.2303e-03 1.1622e-03 1.1079e-03 1.2729e-03 1.3440e-03 1.1568e-03 1.0290e-03 1.0689e-03 1.1769e-03 1.1202e-03 9.9390e-04 8.8170e-04
   23.5000 1.4466e-03 1.1694e-03 1.0422e-03 1.1475e-03 1.1973e-03 1.1604e-03 1.0587e-03 1.1595e-03 1.3179e-03 1.1886e-03 1.0194e-03 1.0077e-03 1.0968e-03 1.1403e-03 1.0035e-03 9.0990e-04
   23.8333 1.4604e-03 1.1643e-03 1.0491e-03 1.0509e-03 1.1730e-03 1.1439e-03 1.0413e-03 1.0665e-03 1.2444e-03 1.2144e-03 1.0353e-03 9.6090e-04 1.0188e-03 1.1169e-03 1.0296e-03 9.2250e-04
   24.1667 1.4259e-03 1.1835e-03 1.0560e-03 9.7500e-04 1.1409e-03 1.1145e-03 1.0434e-03 9.9690e-04 1.1421e-03 1.2222e-03 1.0617e-03 9.3450e-04 9.5790e-04 1.0506e-03 1.0581e-03 9.2820e-04
   24.5000 1.3425e-03 1.2219e-03 1.0497e-03 9.3720e-04 1.0794e-03 1.0839e-03 1.0452e-03 9.5250e-04 1.0437e-03 1.1934e-03 1.0887e-03 9.3510e-04 9.0930e-04 9.7440e-04 1.0545e-03 9.4770e-04
   24.8333 1.2375e-03 1.2597e-03 1.0344e-03 9.3210e-04 9.9450e-04 1.0641e-03 1.0344e-03 9.3690e-04 9.6450e-04 1.1223e-03 1.1100e-03 9.5460e-04 8.7180e-04 9.1320e-04 1.0050e-03 9.7890e-04
   25.1667 1.1460e-03 1.2786e-03 1.0269e-03 9.4050e-04 9.1320e-04 1.0473e-03 1.0113e-03 9.4050e-04 9.0330e-04 1.0296e-03 1.1142e-03 9.7860e-04 8.5590e-04 8.6580e-04 9.3330e-04 9.9090e-04
   25.5000 1.0854e-03 1.2612e-03 1.0401e-03 9.4410e-04 8.5800e-04 1.0098e-03 9.8370e-04 9.4470e-04 8.6250e-04 9.4440e-04 1.0836e-03 1.0014e-03 8.6400e-04 8.2470e-04 8.7090e-04 9.6000e-04
   25.8333 1.0509e-03 1.1997e-03 1.0707e-03 9.3600e-04 8.3550e-04 9.4260e-04 9.6450e-04 9.3840e-04 8.4720e-04 8.7630e-04 1.0158e-03 1.0197e-03 8.8410e-04 7.9590e-04 8.2530e-04 8.9670e-04
   26.1667 1.0224e-03 1.1109e-03 1.1031e-03 9.2070e-04 8.3700e-04 8.6490e-04 9.5610e-04 9.2040e-04 8.5020e-04 8.2230e-04 9.3240e-04 1.0209e-03 9.0480e-04 7.8960e-04 7.8630e-04 8.3310e-04
   26.5000 9.8520e-04 1.0245e-03 1.1235e-03 9.1140e-04 8.4390e-04 8.0070e-04 9.3870e-04 8.9580e-04 8.5560e-04 7.8510e-04 8.5860e-04 9.8850e-04 9.2400e-04 8.0250e-04 7.5090e-04 7.8690e-04
   26.8333 9.4200e-04 9.6150e-04 1.1181e-03 9.1980e-04 8.4450e-04 7.6290e-04 8.9220e-04 8.7540e-04 8.5260e-04 7.7040e-04 8.0040e-04 9.2400e-04 9.3960e-04 8.2140e-04 7.3050e-04 7.5150e-04
   27.1667 9.0030e-04 9.2430e-04 1.0752e-03 9.4380e-04 8.3610e-04 7.5210e-04 8.2440e-04 8.6850e-04 8.3970e-04 7.7340e-04 7.5300e-04 8.4840e-04 9.3840e-04 8.3850e-04 7.3200e-04 7.1670e-04
   27.5000 8.5680e-04 9.0090e-04 1.0020e-03 9.7020e-04 8.2170e-04 7.5690e-04 7.5870e-04 8.6400e-04 8.1930e-04 7.8030e-04 7.1880e-04 7.8420e-04 9.0510e-04 8.5530e-04 7.4730e-04 6.8700e-04
   27.8333 8.0370e-04 8.7360e-04 9.2340e-04 9.8940e-04 8.1180e-04 7.6200e-04 7.1070e-04 8.3760e-04 7.9860e-04 7.8000e-04 7.0440e-04 7.3440e-04 8.4330e-04 8.6880e-04 7.6380e-04 6.7470e-04
   28.1667 7.4130e-04 8.3700e-04 8.6100e-04 9.9180e-04 8.1720e-04 7.6050e-04 6.8640e-04 7.8360e-04 7.8930e-04 7.7100e-04 7.0680e-04 6.9210e-04 7.7460e-04 8.6520e-04 7.7850e-04 6.8190e-04
   28.5000 6.8190e-04 7.9980e-04 8.2080e-04 9.6450e-04 8.3640e-04 7.5150e-04 6.8280e-04 7.2120e-04 7.9110e-04 7.5480e-04 7.1400e-04 6.6030e-04 7.1880e-04 8.3100e-04 7.9380e-04 6.9660e-04
   28.8333 6.3900e-04 7.6590e-04 7.9830e-04 9.0660e-04 8.5800e-04 7.3740e-04 6.8850e-04 6.6900e-04 7.8180e-04 7.3470e-04 7.1580e-04 6.4590e-04 6.7560e-04 7.7190e-04 8.0580e-04 7.0980e-04
   29.1667 6.1620e-04 7.2960e-04 7.7880e-04 8.3760e-04 8.7510e-04 7.2690e-04 6.9150e-04 6.3510e-04 7.4520e-04 7.2210e-04 7.1010e-04 6.4770e-04 6.3810e-04 7.0980e-04 8.0010e-04 7.2210e-04
   29.5000 6.0330e-04 6.8340e-04 7.5060e-04 7.7790e-04 8.8260e-04 7.2990e-04 6.8820e-04 6.2130e-04 6.9060e-04 7.2420e-04 6.9750e-04 6.5490e-04 6.0810e-04 6.6120e-04 7.6530e-04 7.3680e-04
   29.8333 5.8680e-04 6.2970e-04 7.1640e-04 7.3590e-04 8.6700e-04 7.4520e-04 6.7890e-04 6.2280e-04 6.3840e-04 7.2600e-04 6.7950e-04 6.5820e-04 5.9340e-04 6.2370e-04 7.0890e-04 7.4760e-04
   30.1667 5.6100e-04 5.7840e-04 6.8550e-04 7.1160e-04 8.2320e-04 7.6290e-04 6.6540e-04 6.2820e-04 5.9880e-04 7.0560e-04 6.6390e-04 6.5460e-04 5.9400e-04 5.8950e-04 6.5250e-04 7.3950e-04
   30.5000 5.2920e-04 5.4150e-04 6.5820e-04 6.9630e-04 7.6440e-04 7.7760e-04 6.5490e-04 6.2910e-04 5.7480e-04 6.6120e-04 6.6210e-04 6.4530e-04 6.0060e-04 5.6100e-04 6.1050e-04 7.0380e-04
   30.8333 4.9920e-04 5.2230e-04 6.2700e-04 6.7650e-04 7.0860e-04 7.8690e-04 6.5610e-04 6.2460e-04 5.6700e-04 6.1080e-04 6.6930e-04 6.3030e-04 6.0450e-04 5.4630e-04 5.7810e-04 6.5010e-04
   31.1667 4.7730e-04 5.1210e-04 5.8680e-04 6.4770e-04 6.6660e-04 7.8060e-04 6.6840e-04 6.1560e-04 5.7000e-04 5.6910e-04 6.6360e-04 6.1320e-04 6.0210e-04 5.4660e-04 5.4690e-04 5.9940e-04
   31.5000 4.6590e-04 5.0010e-04 5.3970e-04 6.1740e-04 6.3960e-04 7.4940e-04 6.8280e-04 6.0270e-04 5.7360e-04 5.3880e-04 6.3210e-04 6.0630e-04 5.9550e-04 5.5320e-04 5.1960e-04 5.6310e-04
   31.8333 4.6020e-04 4.8090e-04 4.9500e-04 5.9250e-04 6.2430e-04 6.9990e-04 6.9450e-04 5.9190e-04 5.7210e-04 5.2200e-04 5.8680e-04 6.1350e-04 5.8440e-04 5.5740e-04 5.0520e-04 5.3490e-04
   32.1667 4.5390e-04 4.5540e-04 4.6290e-04 5.7030e-04 6.1110e-04 6.4890e-04 7.0350e-04 5.9160e-04 5.6730e-04 5.1930e-04 5.4450e-04 6.1800e-04 5.6880e-04 5.5680e-04 5.0460e-04 5.0610e-04
   32.5000 4.4340e-04 4.2870e-04 4.4580e-04 5.4300e-04 5.8980e-04 6.0780e-04 7.0260e-04 6.0210e-04 5.5950e-04 5.2290e-04 5.1180e-04 6.0060e-04 5.5830e-04 5.5230e-04 5.1120e-04 4.8030e-04
   32.8333 4.2840e-04 4.0740e-04 4.3770e-04 5.0700e-04 5.6130e-04 5.7900e-04 6.8130e-04 6.1410e-04 5.4810e-04 5.2440e-04 4.8870e-04 5.6340e-04 5.6220e-04 5.4420e-04 5.1630e-04 4.6590e-04
   33.1667 4.1040e-04 3.9450e-04 4.2960e-04 4.6560e-04 5.3550e-04 5.6130e-04 6.4080e-04 6.2280e-04 5.3760e-04 5.2140e-04 4.7790e-04 5.2290e-04 5.7240e-04 5.3070e-04 5.1630e-04 4.6530e-04
   33.5000 3.8970e-04 3.8880e-04 4.1550e-04 4.2690e-04 5.1570e-04 5.5020e-04 5.9490e-04 6.3060e-04 5.3610e-04 5.1660e-04 4.7820e-04 4.8930e-04 5.6820e-04 5.1750e-04 5.1270e-04 4.7160e-04
   33.8333 3.6810e-04 3.8580e-04 3.9540e-04 3.9840e-04 4.9710e-04 5.3610e-04 5.5560e-04 6.3300e-04 5.4450e-04 5.0970e-04 4.8180e-04 4.6380e-04 5.4090e-04 5.1630e-04 5.0700e-04 4.7700e-04
   34.1667 3.4860e-04 3.8040e-04 3.7290e-04 3.8340e-04 4.7190e-04 5.1270e-04 5.2650e-04 6.1950e-04 5.5380e-04 4.9890e-04 4.8150e-04 4.4670e-04 5.0340e-04 5.2770e-04 4.9590e-04 4.7820e-04
   34.5000 3.3450e-04 3.7110e-04 3.5220e-04 3.7680e-04 4.3950e-04 4.8630e-04 5.0700e-04 5.8680e-04 5.6010e-04 4.8870e-04 4.7790e-04 4.4070e-04 4.6980e-04 5.3340e-04 4.8180e-04 4.7610e-04
   34.8333 3.2670e-04 3.5850e-04 3.3780e-04 3.7080e-04 4.0290e-04 4.6560e-04 4.9560e-04 5.4630e-04 5.6580e-04 4.8690e-04 4.7340e-04 4.4310e-04 4.4370e-04 5.1840e-04 4.7580e-04 4.7190e-04
   35.1667 3.2310e-04 3.4380e-04 3.3060e-04 3.6030e-04 3.6900e-04 4.5060e-04 4.8660e-04 5.0970e-04 5.7060e-04 4.9380e-04 4.6710e-04 4.4580e-04 4.2330e-04 4.8660e-04 4.8450e-04 4.6380e-04
   35.5000 3.2040e-04 3.2700e-04 3.2820e-04 3.4470e-04 3.4440e-04 4.3440e-04 4.7070e-04 4.8180e-04 5.6400e-04 5.0220e-04 4.5690e-04 4.4400e-04 4.1040e-04 4.5330e-04 4.9620e-04 4.5030e-04
   35.8333 3.1530e-04 3.0900e-04 3.2640e-04 3.2610e-04 3.3180e-04 4.1190e-04 4.4730e-04 4.6170e-04 5.3970e-04 5.0700e-04 4.4640e-04 4.3980e-04 4.0770e-04 4.2690e-04 4.9260e-04 4.4040e-04
   36.1667 3.0900e-04 2.9277e-04 3.2160e-04 3.0780e-04 3.2700e-04 3.8310e-04 4.2450e-04 4.4940e-04 5.0460e-04 5.1150e-04 4.4370e-04 4.3560e-04 4.1100e-04 4.0590e-04 4.6860e-04 4.4430e-04
   36.5000 3.0270e-04 2.8059e-04 3.1350e-04 2.9307e-04 3.2280e-04 3.5130e-04 4.0890e-04 4.4220e-04 4.7100e-04 5.1690e-04 4.4940e-04 4.2930e-04 4.1220e-04 3.8910e-04 4.3650e-04 4.5840e-04
   36.8333 2.9556e-04 2.7381e-04 3.0330e-04 2.8455e-04 3.1530e-04 3.2190e-04 3.9720e-04 4.3290e-04 4.4490e-04 5.1510e-04 4.5630e-04 4.1940e-04 4.0920e-04 3.7980e-04 4.0950e-04 4.6440e-04
   37.1667 2.8587e-04 2.7096e-04 2.9073e-04 2.8152e-04 3.0330e-04 3.0060e-04 3.8280e-04 4.1520e-04 4.2540e-04 4.9770e-04 4.6020e-04 4.0920e-04 4.0530e-04 3.7950e-04 3.8910e-04 4.5030e-04
   37.5000 2.7249e-04 2.6889e-04 2.7639e-04 2.8092e-04 2.8812e-04 2.9001e-04 3.6240e-04 3.9240e-04 4.1190e-04 4.6800e-04 4.6350e-04 4.0590e-04 4.0170e-04 3.8250e-04 3.7170e-04 4.2240e-04
   37.8333 2.5671e-04 2.6517e-04 2.6118e-04 2.7927e-04 2.7207e-04 2.8611e-04 3.3690e-04 3.7380e-04 4.0440e-04 4.3680e-04 4.6890e-04 4.1070e-04 3.9600e-04 3.8250e-04 3.5790e-04 3.9480e-04
   38.1667 2.4156e-04 2.5974e-04 2.4720e-04 2.7474e-04 2.5791e-04 2.8341e-04 3.0870e-04 3.6210e-04 3.9840e-04 4.1160e-04 4.7100e-04 4.1760e-04 3.8610e-04 3.7890e-04 3.5160e-04 3.7410e-04
   38.5000 2.2965e-04 2.5407e-04 2.3652e-04 2.6736e-04 2.4816e-04 2.7792e-04 2.8284e-04 3.5280e-04 3.8730e-04 3.9300e-04 4.5960e-04 4.2090e-04 3.7620e-04 3.7500e-04 3.5310e-04 3.5730e-04
   38.8333 2.2098e-04 2.4885e-04 2.3037e-04 2.5803e-04 2.4351e-04 2.6850e-04 2.6439e-04 3.3990e-04 3.6810e-04 3.7920e-04 4.3500e-04 4.2270e-04 3.7230e-04 3.7230e-04 3.5550e-04 3.4200e-04
   39.1667 2.1276e-04 2.4258e-04 2.2791e-04 2.4720e-04 2.4231e-04 2.5593e-04 2.5488e-04 3.2100e-04 3.4740e-04 3.7020e-04 4.0650e-04 4.2750e-04 3.7620e-04 3.6720e-04 3.5430e-04 3.3090e-04
   39.5000 2.0238e-04 2.3364e-04 2.2659e-04 2.3484e-04 2.4180e-04 2.4186e-04 2.5146e-04 2.9781e-04 3.3240e-04 3.6480e-04 3.8250e-04 4.3110e-04 3.8250e-04 3.5820e-04 3.5040e-04 3.2760e-04
   39.8333 1.8981e-04 2.2194e-04 2.2404e-04 2.2191e-04 2.3967e-04 2.2836e-04 2.4945e-04 2.7249e-04 3.2370e-04 3.5820e-04 3.6450e-04 4.2480e-04 3.8550e-04 3.4860e-04 3.4740e-04 3.3000e-04
   40.1667 1.7766e-04 2.0919e-04 2.1984e-04 2.1003e-04 2.3496e-04 2.1768e-04 2.4528e-04 2.4936e-04 3.1560e-04 3.4470e-04 3.5100e-04 4.0530e-04 3.8670e-04 3.4440e-04 3.4560e-04 3.3180e-04
   40.5000 1.6935e-04 1.9764e-04 2.1510e-04 2.0079e-04 2.2824e-04 2.1141e-04 2.3766e-04 2.3283e-04 3.0300e-04 3.2520e-04 3.4080e-04 3.7950e-04 3.9060e-04 3.4740e-04 3.4140e-04 3.2940e-04
   40.8333 1.6599e-04 1.8912e-04 2.1099e-04 1.9533e-04 2.2032e-04 2.0913e-04 2.2701e-04 2.2437e-04 2.8545e-04 3.0690e-04 3.3450e-04 3.5610e-04 3.9510e-04 3.5310e-04 3.3270e-04 3.2520e-04
   41.1667 1.6530e-04 1.8303e-04 2.0703e-04 1.9338e-04 2.1123e-04 2.0892e-04 2.1495e-04 2.2140e-04 2.6406e-04 2.9544e-04 3.3060e-04 3.3900e-04 3.9270e-04 3.5580e-04 3.2340e-04 3.2280e-04
   41.5000 1.6359e-04 1.7700e-04 2.0136e-04 1.9287e-04 2.0085e-04 2.0865e-04 2.0301e-04 2.1987e-04 2.4117e-04 2.8911e-04 3.2250e-04 3.2640e-04 3.7770e-04 3.5610e-04 3.1860e-04 3.2160e-04
   41.8333 1.5936e-04 1.6890e-04 1.9314e-04 1.9146e-04 1.8999e-04 2.0664e-04 1.9260e-04 2.1684e-04 2.2035e-04 2.8173e-04 3.0750e-04 3.1650e-04 3.5520e-04 3.5850e-04 3.2100e-04 3.1770e-04
   42.1667 1.5369e-04 1.5873e-04 1.8318e-04 1.8837e-04 1.8003e-04 2.0247e-04 1.8531e-04 2.1084e-04 2.0556e-04 2.6964e-04 2.8881e-04 3.0930e-04 3.3330e-04 3.6330e-04 3.2610e-04 3.0990e-04
   42.5000 1.4823e-04 1.4847e-04 1.7289e-04 1.8435e-04 1.7214e-04 1.9683e-04 1.8180e-04 2.0205e-04 1.9809e-04 2.5326e-04 2.7393e-04 3.0540e-04 3.1650e-04 3.6360e-04 3.2910e-04 3.0090e-04
   42.8333 1.4367e-04 1.4100e-04 1.6404e-04 1.8069e-04 1.6731e-04 1.9035e-04 1.8108e-04 1.9194e-04 1.9557e-04 2.3421e-04 2.6610e-04 3.0120e-04 3.0450e-04 3.5310e-04 3.2880e-04 2.9628e-04
   43.1667 1.3995e-04 1.3782e-04 1.5780e-04 1.7790e-04 1.6563e-04 1.8276e-04 1.8150e-04 1.8198e-04 1.9458e-04 2.1414e-04 2.6169e-04 2.9151e-04 2.9511e-04 3.3360e-04 3.2970e-04 2.9811e-04
   43.5000 1.3641e-04 1.3752e-04 1.5342e-04 1.7451e-04 1.6548e-04 1.7391e-04 1.8144e-04 1.7286e-04 1.9272e-04 1.9602e-04 2.5488e-04 2.7543e-04 2.8731e-04 3.1260e-04 3.3390e-04 3.0300e-04
   43.8333 1.3248e-04 1.3680e-04 1.4877e-04 1.6908e-04 1.6476e-04 1.6470e-04 1.7976e-04 1.6566e-04 1.8855e-04 1.8342e-04 2.4339e-04 2.5842e-04 2.8215e-04 2.9598e-04 3.3600e-04 3.0570e-04
   44.1667 1.2822e-04 1.3374e-04 1.4232e-04 1.6173e-04 1.6260e-04 1.5627e-04 1.7625e-04 1.6140e-04 1.8186e-04 1.7736e-04 2.2836e-04 2.4681e-04 2.7918e-04 2.8440e-04 3.2910e-04 3.0510e-04
   44.5000 1.2426e-04 1.2897e-04 1.3404e-04 1.5339e-04 1.5936e-04 1.4940e-04 1.7157e-04 1.5999e-04 1.7367e-04 1.7559e-04 2.1126e-04 2.4150e-04 2.7405e-04 2.7582e-04 3.1290e-04 3.0540e-04
   44.8333 1.2084e-04 1.2417e-04 1.2534e-04 1.4505e-04 1.5606e-04 1.4490e-04 1.6617e-04 1.6020e-04 1.6536e-04 1.7511e-04 1.9332e-04 2.3775e-04 2.6262e-04 2.6838e-04 2.9385e-04 3.0870e-04
   45.1667 1.1778e-04 1.2027e-04 1.1868e-04 1.3824e-04 1.5363e-04 1.4322e-04 1.5972e-04 1.6074e-04 1.5741e-04 1.7385e-04 1.7706e-04 2.3058e-04 2.4633e-04 2.6235e-04 2.7750e-04 3.1140e-04
   45.5000 1.1511e-04 1.1715e-04 1.1565e-04 1.3368e-04 1.5144e-04 1.4316e-04 1.5204e-04 1.6053e-04 1.5033e-04 1.7070e-04 1.6575e-04 2.1918e-04 2.3139e-04 2.5878e-04 2.6586e-04 3.0720e-04
   45.8333 1.1352e-04 1.1442e-04 1.1544e-04 1.3044e-04 1.4802e-04 1.4292e-04 1.4412e-04 1.5876e-04 1.4520e-04 1.6521e-04 1.6032e-04 2.0529e-04 2.2254e-04 2.5587e-04 2.5773e-04 2.9376e-04
   46.1667 1.1325e-04 1.1163e-04 1.1535e-04 1.2675e-04 1.4280e-04 1.4145e-04 1.3692e-04 1.5540e-04 1.4271e-04 1.5813e-04 1.5879e-04 1.8993e-04 2.1900e-04 2.4909e-04 2.5110e-04 2.7606e-04
   46.5000 1.1346e-04 1.0848e-04 1.1328e-04 1.2150e-04 1.3647e-04 1.3893e-04 1.3092e-04 1.5108e-04 1.4211e-04 1.5075e-04 1.5828e-04 1.7388e-04 2.1567e-04 2.3628e-04 2.4504e-04 2.6004e-04
   46.8333 1.1265e-04 1.0524e-04 1.0938e-04 1.1463e-04 1.2960e-04 1.3605e-04 1.2672e-04 1.4625e-04 1.4229e-04 1.4364e-04 1.5714e-04 1.5933e-04 2.0874e-04 2.2074e-04 2.4063e-04 2.4846e-04
   47.1667 1.1007e-04 1.0242e-04 1.0521e-04 1.0713e-04 1.2300e-04 1.3377e-04 1.2492e-04 1.4052e-04 1.4247e-04 1.3677e-04 1.5453e-04 1.4919e-04 1.9812e-04 2.0823e-04 2.3817e-04 2.4075e-04
   47.5000 1.0623e-04 1.0002e-04 1.0182e-04 1.0110e-04 1.1778e-04 1.3221e-04 1.2486e-04 1.3374e-04 1.4190e-04 1.3080e-04 1.4997e-04 1.4433e-04 1.8543e-04 2.0172e-04 2.3454e-04 2.3502e-04
   47.8333 1.0269e-04 9.7560e-05 9.9180e-05 9.8130e-05 1.1442e-04 1.3011e-04 1.2486e-04 1.2678e-04 1.3989e-04 1.2693e-04 1.4385e-04 1.4283e-04 1.7121e-04 1.9908e-04 2.2563e-04 2.2947e-04
   48.1667 1.0062e-04 9.5130e-05 9.6900e-05 9.7890e-05 1.1187e-04 1.2636e-04 1.2384e-04 1.2051e-04 1.3638e-04 1.2519e-04 1.3725e-04 1.4220e-04 1.5615e-04 1.9557e-04 2.1138e-04 2.2431e-04
   48.5000 9.9570e-05 9.3450e-05 9.4680e-05 9.8160e-05 1.0866e-04 1.2138e-04 1.2180e-04 1.1514e-04 1.3218e-04 1.2465e-04 1.3092e-04 1.4100e-04 1.4256e-04 1.8849e-04 1.9626e-04 2.2080e-04
   48.8333 9.7920e-05 9.3000e-05 9.2190e-05 9.6720e-05 1.0413e-04 1.1580e-04 1.1910e-04 1.1109e-04 1.2759e-04 1.2465e-04 1.2462e-04 1.3860e-04 1.3323e-04 1.7859e-04 1.8552e-04 2.1831e-04
   49.1667 9.4740e-05 9.3270e-05 8.9310e-05 9.3000e-05 9.8070e-05 1.0977e-04 1.1640e-04 1.0896e-04 1.2231e-04 1.2447e-04 1.1850e-04 1.3452e-04 1.2879e-04 1.6722e-04 1.8075e-04 2.1321e-04
   49.5000 9.0510e-05 9.2730e-05 8.6160e-05 8.8260e-05 9.0960e-05 1.0368e-04 1.1385e-04 1.0815e-04 1.1610e-04 1.2285e-04 1.1358e-04 1.2873e-04 1.2714e-04 1.5471e-04 1.7859e-04 2.0283e-04
   49.8333 8.5950e-05 9.0030e-05 8.2950e-05 8.3220e-05 8.3700e-05 9.7830e-05 1.0983e-04 1.0644e-04 1.0950e-04 1.1826e-04 1.1007e-04 1.2222e-04 1.2519e-04 1.4163e-04 1.7355e-04 1.8849e-04
   50.1667 8.1150e-05 8.4780e-05 7.9110e-05 7.7670e-05 7.7220e-05 9.1950e-05 1.0215e-04 1.0221e-04 1.0284e-04 1.1022e-04 1.0689e-04 1.1649e-04 1.2168e-04 1.3020e-04 1.6323e-04 1.7478e-04
   50.5000 7.6200e-05 7.8030e-05 7.4280e-05 7.1790e-05 7.2330e-05 8.5770e-05 9.1560e-05 9.6330e-05 9.6480e-05 1.0050e-04 1.0368e-04 1.1283e-04 1.1742e-04 1.2315e-04 1.5114e-04 1.6635e-04
